funcid,dim,milestone,error
5,30,1,4.984545e+02
5,30,2,4.984545e+02
5,30,3,4.984545e+02
5,30,5,4.984545e+02
5,30,1,5.232221e+02
5,30,2,5.232221e+02
5,30,3,5.232221e+02
5,30,5,3.828372e+02
5,30,1,4.380371e+02
5,30,2,4.380371e+02
5,30,3,4.380371e+02
5,30,5,4.380371e+02
5,30,1,5.274033e+02
5,30,2,5.274033e+02
5,30,3,5.274033e+02
5,30,5,5.274033e+02
5,30,1,5.260345e+02
5,30,2,5.260345e+02
5,30,3,5.260345e+02
5,30,5,5.260345e+02
5,30,1,4.487712e+02
5,30,2,4.487712e+02
5,30,3,4.487712e+02
5,30,5,4.487712e+02
5,30,1,4.502416e+02
5,30,2,4.502416e+02
5,30,3,4.502416e+02
5,30,5,4.045533e+02
5,30,1,5.076276e+02
5,30,2,5.076276e+02
5,30,3,5.076276e+02
5,30,5,5.076276e+02
5,30,1,5.041383e+02
5,30,2,5.041383e+02
5,30,3,5.041383e+02
5,30,5,5.041383e+02
5,30,1,6.542799e+02
5,30,2,6.542799e+02
5,30,3,6.542799e+02
5,30,5,4.573951e+02
5,30,1,5.009865e+02
5,30,2,5.009865e+02
5,30,3,5.009865e+02
5,30,5,5.009865e+02
5,30,1,5.132023e+02
5,30,2,5.132023e+02
5,30,3,3.569439e+02
5,30,5,3.569439e+02
5,30,1,5.156673e+02
5,30,2,5.156673e+02
5,30,3,5.156673e+02
5,30,5,5.156673e+02
5,30,1,5.261803e+02
5,30,2,5.261803e+02
5,30,3,5.261803e+02
5,30,5,4.333449e+02
5,30,1,5.905957e+02
5,30,2,5.905957e+02
5,30,3,5.905957e+02
5,30,5,5.905957e+02
5,30,1,7.445608e+02
5,30,2,7.445608e+02
5,30,3,7.445608e+02
5,30,5,7.445608e+02
5,30,1,5.344644e+02
5,30,2,5.344644e+02
5,30,3,5.344644e+02
5,30,5,5.344644e+02
5,30,1,4.656301e+02
5,30,2,4.455610e+02
5,30,3,4.455610e+02
5,30,5,3.663774e+02
5,30,1,4.580324e+02
5,30,2,4.580324e+02
5,30,3,4.580324e+02
5,30,5,4.580324e+02
5,30,1,5.248972e+02
5,30,2,5.248972e+02
5,30,3,5.248972e+02
5,30,5,5.248972e+02
5,30,1,6.098823e+02
5,30,2,6.098823e+02
5,30,3,6.098823e+02
5,30,5,6.098823e+02
5,30,1,4.584336e+02
5,30,2,4.584336e+02
5,30,3,4.584336e+02
5,30,5,3.897205e+02
5,30,1,6.244344e+02
5,30,2,6.244344e+02
5,30,3,4.504884e+02
5,30,5,3.803673e+02
5,30,1,4.730502e+02
5,30,2,4.730502e+02
5,30,3,4.730502e+02
5,30,5,3.086772e+02
5,30,1,6.514191e+02
5,30,2,5.896995e+02
5,30,3,5.896995e+02
5,30,5,5.896995e+02
5,30,1,7.773623e+02
5,30,2,7.773623e+02
5,30,3,7.773623e+02
5,30,5,4.311285e+02
5,30,1,5.382960e+02
5,30,2,5.382960e+02
5,30,3,5.382960e+02
5,30,5,4.230806e+02
5,30,1,6.864009e+02
5,30,2,6.864009e+02
5,30,3,6.864009e+02
5,30,5,6.864009e+02
5,30,1,4.917119e+02
5,30,2,4.917119e+02
5,30,3,4.917119e+02
5,30,5,4.917119e+02
5,30,1,4.975890e+02
5,30,2,4.975890e+02
5,30,3,4.975890e+02
5,30,5,4.044711e+02
5,30,1,5.986185e+02
5,30,2,5.986185e+02
5,30,3,5.986185e+02
5,30,5,5.986185e+02
5,30,1,5.243666e+02
5,30,2,5.243666e+02
5,30,3,5.243666e+02
5,30,5,4.362106e+02
5,30,1,4.842387e+02
5,30,2,4.842387e+02
5,30,3,4.842387e+02
5,30,5,4.164879e+02
5,30,1,4.071810e+02
5,30,2,4.071810e+02
5,30,3,4.071810e+02
5,30,5,4.071810e+02
5,30,1,5.219081e+02
5,30,2,4.739698e+02
5,30,3,4.739698e+02
5,30,5,3.775539e+02
5,30,1,6.702373e+02
5,30,2,6.702373e+02
5,30,3,6.702373e+02
5,30,5,6.702373e+02
5,30,1,5.776970e+02
5,30,2,5.776970e+02
5,30,3,5.776970e+02
5,30,5,3.842015e+02
5,30,1,4.498682e+02
5,30,2,4.498682e+02
5,30,3,4.498682e+02
5,30,5,4.498682e+02
5,30,1,4.641452e+02
5,30,2,4.641452e+02
5,30,3,4.641452e+02
5,30,5,4.152069e+02
5,30,1,5.211064e+02
5,30,2,5.211064e+02
5,30,3,5.211064e+02
5,30,5,5.211064e+02
5,30,1,5.191158e+02
5,30,2,5.191158e+02
5,30,3,5.191158e+02
5,30,5,3.525147e+02
5,30,1,6.974500e+02
5,30,2,6.974500e+02
5,30,3,6.974500e+02
5,30,5,4.008220e+02
5,30,1,7.510730e+02
5,30,2,5.283970e+02
5,30,3,4.566978e+02
5,30,5,4.566978e+02
5,30,1,6.967722e+02
5,30,2,6.967722e+02
5,30,3,6.967722e+02
5,30,5,6.967722e+02
5,30,1,6.785756e+02
5,30,2,6.785756e+02
5,30,3,6.785756e+02
5,30,5,6.785756e+02
5,30,1,4.737820e+02
5,30,2,4.737820e+02
5,30,3,4.737820e+02
5,30,5,4.737820e+02
5,30,1,7.705171e+02
5,30,2,7.705171e+02
5,30,3,5.048296e+02
5,30,5,3.771051e+02
5,30,1,4.700744e+02
5,30,2,4.700744e+02
5,30,3,4.700744e+02
5,30,5,4.700744e+02
5,30,1,5.078960e+02
5,30,2,5.078960e+02
5,30,3,5.078960e+02
5,30,5,3.819743e+02
5,30,1,5.166572e+02
5,30,2,5.166572e+02
5,30,3,5.166572e+02
5,30,5,5.166572e+02
5,30,1,5.865192e+02
5,30,2,5.865192e+02
5,30,3,5.865192e+02
5,30,5,5.865192e+02
5,30,1,4.559091e+02
5,30,2,4.559091e+02
5,30,3,4.559091e+02
5,30,5,4.559091e+02
5,30,1,5.008519e+02
5,30,2,5.008519e+02
5,30,3,5.008519e+02
5,30,5,3.459115e+02
5,30,1,5.066733e+02
5,30,2,5.066733e+02
5,30,3,5.066733e+02
5,30,5,3.565635e+02
5,30,1,4.945422e+02
5,30,2,4.945422e+02
5,30,3,4.639303e+02
5,30,5,3.648691e+02
5,30,1,7.289978e+02
5,30,2,7.289978e+02
5,30,3,7.289978e+02
5,30,5,7.289978e+02
5,30,1,4.910463e+02
5,30,2,4.910463e+02
5,30,3,4.910463e+02
5,30,5,4.910463e+02
5,30,1,7.005050e+02
5,30,2,7.005050e+02
5,30,3,7.005050e+02
5,30,5,7.005050e+02
5,30,1,6.556750e+02
5,30,2,6.556750e+02
5,30,3,6.556750e+02
5,30,5,6.556750e+02
5,30,1,3.831887e+02
5,30,2,3.831887e+02
5,30,3,3.831887e+02
5,30,5,3.831887e+02
5,30,1,4.854979e+02
5,30,2,4.683652e+02
5,30,3,4.450041e+02
5,30,5,3.717182e+02
5,30,1,5.116307e+02
5,30,2,4.392012e+02
5,30,3,4.392012e+02
5,30,5,4.392012e+02
5,30,1,4.794660e+02
5,30,2,4.794660e+02
5,30,3,4.794660e+02
5,30,5,4.062330e+02
5,30,1,6.017704e+02
5,30,2,6.017704e+02
5,30,3,6.017704e+02
5,30,5,6.017704e+02
5,30,1,4.678307e+02
5,30,2,4.678307e+02
5,30,3,4.678307e+02
5,30,5,4.678307e+02
5,30,1,6.925084e+02
5,30,2,6.925084e+02
5,30,3,6.925084e+02
5,30,5,3.438681e+02
5,30,1,5.318815e+02
5,30,2,5.318815e+02
5,30,3,5.318815e+02
5,30,5,5.318815e+02
5,30,1,5.119230e+02
5,30,2,5.119230e+02
5,30,3,5.119230e+02
5,30,5,5.119230e+02
5,30,1,4.527404e+02
5,30,2,4.527404e+02
5,30,3,4.527404e+02
5,30,5,4.527404e+02
5,30,1,8.119421e+02
5,30,2,8.119421e+02
5,30,3,4.899566e+02
5,30,5,3.452855e+02
5,30,1,8.236794e+02
5,30,2,8.236794e+02
5,30,3,8.236794e+02
5,30,5,8.236794e+02
5,30,1,4.073294e+02
5,30,2,4.073294e+02
5,30,3,4.073294e+02
5,30,5,4.073294e+02
5,30,1,6.849104e+02
5,30,2,6.849104e+02
5,30,3,6.849104e+02
5,30,5,6.849104e+02
5,30,1,5.650973e+02
5,30,2,5.650973e+02
5,30,3,5.650973e+02
5,30,5,4.875413e+02
5,30,1,5.307229e+02
5,30,2,4.081603e+02
5,30,3,4.081603e+02
5,30,5,4.081603e+02
5,30,1,5.019724e+02
5,30,2,5.019724e+02
5,30,3,5.019724e+02
5,30,5,5.019724e+02
5,30,1,4.586320e+02
5,30,2,4.586320e+02
5,30,3,4.264728e+02
5,30,5,3.912244e+02
5,30,1,5.312343e+02
5,30,2,5.312343e+02
5,30,3,5.312343e+02
5,30,5,4.623812e+02
5,30,1,7.817303e+02
5,30,2,7.817303e+02
5,30,3,7.817303e+02
5,30,5,7.817303e+02
5,30,1,6.395420e+02
5,30,2,6.395420e+02
5,30,3,6.395420e+02
5,30,5,4.531895e+02
5,30,1,5.192240e+02
5,30,2,4.543536e+02
5,30,3,4.543536e+02
5,30,5,4.504678e+02
5,30,1,5.143659e+02
5,30,2,5.143659e+02
5,30,3,5.143659e+02
5,30,5,5.143659e+02
5,30,1,5.031582e+02
5,30,2,5.031582e+02
5,30,3,4.980174e+02
5,30,5,3.956435e+02
5,30,1,5.836041e+02
5,30,2,5.836041e+02
5,30,3,5.836041e+02
5,30,5,4.657628e+02
5,30,1,5.039896e+02
5,30,2,5.039896e+02
5,30,3,5.039896e+02
5,30,5,3.579895e+02
5,30,1,4.442693e+02
5,30,2,4.442693e+02
5,30,3,4.442693e+02
5,30,5,4.442693e+02
5,30,1,7.069232e+02
5,30,2,7.069232e+02
5,30,3,4.929719e+02
5,30,5,4.929719e+02
5,30,1,4.594178e+02
5,30,2,4.594178e+02
5,30,3,4.594178e+02
5,30,5,4.594178e+02
5,30,1,5.612770e+02
5,30,2,5.612770e+02
5,30,3,5.612770e+02
5,30,5,5.612770e+02
5,30,1,5.700789e+02
5,30,2,5.700789e+02
5,30,3,5.700789e+02
5,30,5,3.477061e+02
5,30,1,4.754072e+02
5,30,2,4.754072e+02
5,30,3,4.754072e+02
5,30,5,4.754072e+02
5,30,1,4.987187e+02
5,30,2,4.987187e+02
5,30,3,4.321838e+02
5,30,5,4.022255e+02
5,30,1,5.147860e+02
5,30,2,5.147860e+02
5,30,3,5.147860e+02
5,30,5,3.228561e+02
5,30,1,4.817321e+02
5,30,2,4.817321e+02
5,30,3,4.817321e+02
5,30,5,3.651442e+02
5,30,1,5.003887e+02
5,30,2,5.003887e+02
5,30,3,5.003887e+02
5,30,5,5.003887e+02
5,30,1,6.175678e+02
5,30,2,6.175678e+02
5,30,3,6.175678e+02
5,30,5,4.178256e+02
5,30,1,5.973221e+02
5,30,2,5.346165e+02
5,30,3,4.566947e+02
5,30,5,4.566947e+02
5,30,1,5.118157e+02
5,30,2,5.118157e+02
5,30,3,3.899167e+02
5,30,5,3.726502e+02
5,30,1,7.552202e+02
5,30,2,7.552202e+02
5,30,3,7.552202e+02
5,30,5,3.763258e+02
5,30,1,5.765653e+02
5,30,2,5.765653e+02
5,30,3,5.765653e+02
5,30,5,5.765653e+02
5,30,1,7.679277e+02
5,30,2,7.679277e+02
5,30,3,7.679277e+02
5,30,5,7.679277e+02
5,30,1,7.662229e+02
5,30,2,7.662229e+02
5,30,3,7.662229e+02
5,30,5,4.277684e+02
5,30,1,4.944476e+02
5,30,2,4.944476e+02
5,30,3,4.944476e+02
5,30,5,3.901178e+02
5,30,1,6.219547e+02
5,30,2,6.219547e+02
5,30,3,6.219547e+02
5,30,5,4.130192e+02
5,30,1,6.777927e+02
5,30,2,6.777927e+02
5,30,3,6.777927e+02
5,30,5,4.015935e+02
5,30,1,4.575573e+02
5,30,2,4.575573e+02
5,30,3,4.575573e+02
5,30,5,3.615924e+02
5,30,1,4.639562e+02
5,30,2,4.639562e+02
5,30,3,4.639562e+02
5,30,5,4.639562e+02
5,30,1,4.501499e+02
5,30,2,4.501499e+02
5,30,3,4.501499e+02
5,30,5,4.501499e+02
5,30,1,5.262517e+02
5,30,2,5.262517e+02
5,30,3,5.262517e+02
5,30,5,5.262517e+02
5,30,1,5.003886e+02
5,30,2,4.430400e+02
5,30,3,4.430400e+02
5,30,5,4.430400e+02
5,30,1,4.503675e+02
5,30,2,4.503675e+02
5,30,3,4.503675e+02
5,30,5,4.503675e+02
5,30,1,5.944621e+02
5,30,2,5.944621e+02
5,30,3,5.944621e+02
5,30,5,5.944621e+02
5,30,1,5.234212e+02
5,30,2,5.234212e+02
5,30,3,5.234212e+02
5,30,5,5.234212e+02
5,30,1,5.188077e+02
5,30,2,5.188077e+02
5,30,3,5.188077e+02
5,30,5,4.331100e+02
5,30,1,4.692561e+02
5,30,2,4.692561e+02
5,30,3,4.692561e+02
5,30,5,3.863057e+02
5,30,1,5.093732e+02
5,30,2,5.093732e+02
5,30,3,5.093732e+02
5,30,5,4.524929e+02
5,30,1,3.995229e+02
5,30,2,3.995229e+02
5,30,3,3.995229e+02
5,30,5,3.995229e+02
5,30,1,4.760524e+02
5,30,2,4.760524e+02
5,30,3,4.329169e+02
5,30,5,4.186908e+02
5,30,1,4.676832e+02
5,30,2,4.676832e+02
5,30,3,4.676832e+02
5,30,5,4.676832e+02
5,30,1,4.144945e+02
5,30,2,4.144945e+02
5,30,3,4.144945e+02
5,30,5,4.144945e+02
5,30,1,3.997176e+02
5,30,2,3.997176e+02
5,30,3,3.997176e+02
5,30,5,3.506332e+02
5,30,1,4.782752e+02
5,30,2,4.782752e+02
5,30,3,4.782752e+02
5,30,5,4.628089e+02
5,30,1,6.528533e+02
5,30,2,6.528533e+02
5,30,3,5.218809e+02
5,30,5,4.023786e+02
5,30,1,7.243689e+02
5,30,2,7.243689e+02
5,30,3,7.243689e+02
5,30,5,7.243689e+02
5,30,1,4.607501e+02
5,30,2,4.607501e+02
5,30,3,4.607501e+02
5,30,5,4.560112e+02
5,30,1,4.493619e+02
5,30,2,4.493619e+02
5,30,3,4.493619e+02
5,30,5,4.493619e+02
5,30,1,7.058269e+02
5,30,2,7.058269e+02
5,30,3,7.058269e+02
5,30,5,3.465617e+02
5,30,1,5.613503e+02
5,30,2,5.613503e+02
5,30,3,5.613503e+02
5,30,5,5.613503e+02
5,30,1,4.505131e+02
5,30,2,4.505131e+02
5,30,3,4.505131e+02
5,30,5,4.505131e+02
5,30,1,5.057760e+02
5,30,2,4.476491e+02
5,30,3,4.476491e+02
5,30,5,4.476491e+02
5,30,1,6.655817e+02
5,30,2,6.655817e+02
5,30,3,6.655817e+02
5,30,5,3.933702e+02
5,30,1,4.925076e+02
5,30,2,4.925076e+02
5,30,3,4.925076e+02
5,30,5,4.925076e+02
5,30,1,5.327097e+02
5,30,2,5.099141e+02
5,30,3,5.099141e+02
5,30,5,3.908574e+02
5,30,1,4.472924e+02
5,30,2,4.472924e+02
5,30,3,4.472924e+02
5,30,5,4.472924e+02
5,30,1,6.252512e+02
5,30,2,4.750305e+02
5,30,3,4.750305e+02
5,30,5,3.459088e+02
5,30,1,4.600490e+02
5,30,2,4.600490e+02
5,30,3,4.600490e+02
5,30,5,4.591793e+02
5,30,1,5.020386e+02
5,30,2,5.020386e+02
5,30,3,5.020386e+02
5,30,5,5.020386e+02
5,30,1,5.149952e+02
5,30,2,4.967368e+02
5,30,3,4.967368e+02
5,30,5,4.967368e+02
5,30,1,4.981957e+02
5,30,2,4.981957e+02
5,30,3,4.981957e+02
5,30,5,3.969339e+02
5,30,1,4.983578e+02
5,30,2,4.983578e+02
5,30,3,4.983578e+02
5,30,5,4.048205e+02
5,30,1,4.741794e+02
5,30,2,4.741794e+02
5,30,3,4.741794e+02
5,30,5,4.741794e+02
5,30,1,4.109093e+02
5,30,2,4.109093e+02
5,30,3,4.109093e+02
5,30,5,4.109093e+02
5,30,1,5.366068e+02
5,30,2,5.366068e+02
5,30,3,5.366068e+02
5,30,5,5.366068e+02
5,30,1,6.719569e+02
5,30,2,6.719569e+02
5,30,3,6.719569e+02
5,30,5,6.719569e+02
5,30,1,5.457570e+02
5,30,2,5.457570e+02
5,30,3,5.457570e+02
5,30,5,3.875406e+02
5,30,1,5.685676e+02
5,30,2,5.685676e+02
5,30,3,5.685676e+02
5,30,5,5.685676e+02
5,30,1,5.603542e+02
5,30,2,5.603542e+02
5,30,3,5.603542e+02
5,30,5,5.603542e+02
5,30,1,4.748588e+02
5,30,2,4.748588e+02
5,30,3,4.748588e+02
5,30,5,4.748588e+02
5,30,1,6.140011e+02
5,30,2,6.140011e+02
5,30,3,6.140011e+02
5,30,5,4.400679e+02
5,30,1,5.017509e+02
5,30,2,5.017509e+02
5,30,3,5.017509e+02
5,30,5,5.017509e+02
5,30,1,5.539514e+02
5,30,2,5.539514e+02
5,30,3,5.539514e+02
5,30,5,4.039334e+02
5,30,1,6.142672e+02
5,30,2,6.142672e+02
5,30,3,6.142672e+02
5,30,5,3.681463e+02
5,30,1,7.251961e+02
5,30,2,7.251961e+02
5,30,3,7.251961e+02
5,30,5,7.251961e+02
5,30,1,4.824217e+02
5,30,2,4.824217e+02
5,30,3,4.313288e+02
5,30,5,3.987413e+02
5,30,1,5.346128e+02
5,30,2,5.346128e+02
5,30,3,5.346128e+02
5,30,5,5.346128e+02
