funcid,dim,milestone,error
8,30,1,4.903507e+02
8,30,2,4.903507e+02
8,30,3,4.903507e+02
8,30,5,4.903507e+02
8,30,1,6.036738e+02
8,30,2,3.855989e+02
8,30,3,3.855989e+02
8,30,5,3.855989e+02
8,30,1,3.859435e+02
8,30,2,3.411540e+02
8,30,3,3.411540e+02
8,30,5,2.759823e+02
8,30,1,3.545718e+02
8,30,2,3.545718e+02
8,30,3,3.545718e+02
8,30,5,3.545718e+02
8,30,1,4.157929e+02
8,30,2,4.157929e+02
8,30,3,4.157929e+02
8,30,5,2.530187e+02
8,30,1,3.561805e+02
8,30,2,3.561805e+02
8,30,3,3.561805e+02
8,30,5,3.561805e+02
8,30,1,4.034946e+02
8,30,2,4.034946e+02
8,30,3,4.034946e+02
8,30,5,4.034946e+02
8,30,1,3.902235e+02
8,30,2,3.902235e+02
8,30,3,3.902235e+02
8,30,5,3.902235e+02
8,30,1,3.745473e+02
8,30,2,3.745473e+02
8,30,3,3.745473e+02
8,30,5,3.745473e+02
8,30,1,4.978927e+02
8,30,2,4.978927e+02
8,30,3,4.978927e+02
8,30,5,4.978927e+02
8,30,1,6.748822e+02
8,30,2,6.748822e+02
8,30,3,6.748822e+02
8,30,5,6.748822e+02
8,30,1,4.151998e+02
8,30,2,4.151998e+02
8,30,3,3.381650e+02
8,30,5,3.381650e+02
8,30,1,6.301804e+02
8,30,2,6.301804e+02
8,30,3,6.301804e+02
8,30,5,6.301804e+02
8,30,1,4.319268e+02
8,30,2,4.319268e+02
8,30,3,4.319268e+02
8,30,5,4.319268e+02
8,30,1,5.452428e+02
8,30,2,5.452428e+02
8,30,3,5.452428e+02
8,30,5,5.452428e+02
8,30,1,3.825276e+02
8,30,2,3.825276e+02
8,30,3,3.339160e+02
8,30,5,3.339160e+02
8,30,1,3.687074e+02
8,30,2,3.687074e+02
8,30,3,3.687074e+02
8,30,5,2.750220e+02
8,30,1,4.042307e+02
8,30,2,4.042307e+02
8,30,3,3.993148e+02
8,30,5,3.294109e+02
8,30,1,3.904254e+02
8,30,2,3.904254e+02
8,30,3,3.904254e+02
8,30,5,3.744931e+02
8,30,1,3.947145e+02
8,30,2,3.947145e+02
8,30,3,3.947145e+02
8,30,5,3.947145e+02
8,30,1,3.861398e+02
8,30,2,3.861398e+02
8,30,3,3.861398e+02
8,30,5,3.861398e+02
8,30,1,4.053393e+02
8,30,2,3.775372e+02
8,30,3,3.736482e+02
8,30,5,2.686106e+02
8,30,1,3.635526e+02
8,30,2,3.635526e+02
8,30,3,3.635526e+02
8,30,5,3.635526e+02
8,30,1,3.616470e+02
8,30,2,3.616470e+02
8,30,3,3.616470e+02
8,30,5,2.687232e+02
8,30,1,3.991636e+02
8,30,2,3.991636e+02
8,30,3,3.991636e+02
8,30,5,3.210395e+02
8,30,1,5.051616e+02
8,30,2,5.051616e+02
8,30,3,5.051616e+02
8,30,5,5.051616e+02
8,30,1,3.519895e+02
8,30,2,3.279265e+02
8,30,3,3.279265e+02
8,30,5,3.279265e+02
8,30,1,5.935477e+02
8,30,2,5.935477e+02
8,30,3,5.935477e+02
8,30,5,5.935477e+02
8,30,1,3.868920e+02
8,30,2,3.821083e+02
8,30,3,3.821083e+02
8,30,5,3.821083e+02
8,30,1,6.316409e+02
8,30,2,5.579996e+02
8,30,3,5.579996e+02
8,30,5,2.923751e+02
8,30,1,3.974155e+02
8,30,2,3.974155e+02
8,30,3,3.974155e+02
8,30,5,3.974155e+02
8,30,1,4.751028e+02
8,30,2,3.791813e+02
8,30,3,3.791813e+02
8,30,5,2.531569e+02
8,30,1,4.007745e+02
8,30,2,3.861691e+02
8,30,3,3.861691e+02
8,30,5,3.861691e+02
8,30,1,4.105612e+02
8,30,2,3.772572e+02
8,30,3,3.772572e+02
8,30,5,2.438319e+02
8,30,1,3.104474e+02
8,30,2,3.104474e+02
8,30,3,3.104474e+02
8,30,5,3.104474e+02
8,30,1,4.246547e+02
8,30,2,4.246547e+02
8,30,3,4.246547e+02
8,30,5,4.246547e+02
8,30,1,5.619589e+02
8,30,2,5.619589e+02
8,30,3,5.619589e+02
8,30,5,3.291046e+02
8,30,1,4.671659e+02
8,30,2,4.671659e+02
8,30,3,4.671659e+02
8,30,5,4.671659e+02
8,30,1,4.250203e+02
8,30,2,4.250203e+02
8,30,3,4.250203e+02
8,30,5,3.228835e+02
8,30,1,4.420668e+02
8,30,2,4.420668e+02
8,30,3,4.420668e+02
8,30,5,2.825268e+02
8,30,1,7.096186e+02
8,30,2,7.096186e+02
8,30,3,7.096186e+02
8,30,5,7.096186e+02
8,30,1,3.751810e+02
8,30,2,3.751810e+02
8,30,3,3.751810e+02
8,30,5,3.751810e+02
8,30,1,4.156869e+02
8,30,2,4.156869e+02
8,30,3,4.156869e+02
8,30,5,4.156869e+02
8,30,1,3.993166e+02
8,30,2,3.993166e+02
8,30,3,3.993166e+02
8,30,5,2.947972e+02
8,30,1,4.411484e+02
8,30,2,4.411484e+02
8,30,3,4.411484e+02
8,30,5,4.411484e+02
8,30,1,5.241562e+02
8,30,2,5.241562e+02
8,30,3,5.241562e+02
8,30,5,5.241562e+02
8,30,1,3.668697e+02
8,30,2,3.668697e+02
8,30,3,3.012487e+02
8,30,5,3.012487e+02
8,30,1,4.817233e+02
8,30,2,4.817233e+02
8,30,3,4.817233e+02
8,30,5,4.817233e+02
8,30,1,3.884405e+02
8,30,2,3.884405e+02
8,30,3,3.884405e+02
8,30,5,2.873675e+02
8,30,1,4.000418e+02
8,30,2,4.000418e+02
8,30,3,3.493962e+02
8,30,5,3.493962e+02
8,30,1,6.021067e+02
8,30,2,6.021067e+02
8,30,3,6.021067e+02
8,30,5,6.021067e+02
8,30,1,4.339631e+02
8,30,2,4.339631e+02
8,30,3,4.339631e+02
8,30,5,2.989260e+02
8,30,1,4.678916e+02
8,30,2,4.678916e+02
8,30,3,4.678916e+02
8,30,5,4.678916e+02
8,30,1,4.058617e+02
8,30,2,4.058617e+02
8,30,3,4.058617e+02
8,30,5,3.880325e+02
8,30,1,6.272655e+02
8,30,2,5.251588e+02
8,30,3,5.251588e+02
8,30,5,2.557312e+02
8,30,1,6.392807e+02
8,30,2,6.392807e+02
8,30,3,6.392807e+02
8,30,5,6.392807e+02
8,30,1,4.433762e+02
8,30,2,4.433762e+02
8,30,3,4.433762e+02
8,30,5,3.267344e+02
8,30,1,3.619351e+02
8,30,2,3.619351e+02
8,30,3,3.619351e+02
8,30,5,3.619351e+02
8,30,1,3.844100e+02
8,30,2,3.844100e+02
8,30,3,3.844100e+02
8,30,5,3.844100e+02
8,30,1,4.012113e+02
8,30,2,4.012113e+02
8,30,3,3.571206e+02
8,30,5,2.658592e+02
8,30,1,5.406475e+02
8,30,2,5.406475e+02
8,30,3,4.489108e+02
8,30,5,2.846669e+02
8,30,1,3.795081e+02
8,30,2,3.795081e+02
8,30,3,3.174978e+02
8,30,5,3.174978e+02
8,30,1,3.496441e+02
8,30,2,3.496441e+02
8,30,3,3.496441e+02
8,30,5,3.496441e+02
8,30,1,4.327889e+02
8,30,2,4.327889e+02
8,30,3,4.327889e+02
8,30,5,4.327889e+02
8,30,1,4.006732e+02
8,30,2,4.006732e+02
8,30,3,4.006732e+02
8,30,5,3.259304e+02
8,30,1,6.371376e+02
8,30,2,6.371376e+02
8,30,3,6.371376e+02
8,30,5,3.338918e+02
8,30,1,3.372710e+02
8,30,2,3.372710e+02
8,30,3,3.372710e+02
8,30,5,3.020806e+02
8,30,1,2.943234e+02
8,30,2,2.943234e+02
8,30,3,2.943234e+02
8,30,5,2.943234e+02
8,30,1,4.560275e+02
8,30,2,4.560275e+02
8,30,3,4.560275e+02
8,30,5,4.560275e+02
8,30,1,4.125937e+02
8,30,2,4.125937e+02
8,30,3,4.125937e+02
8,30,5,4.125937e+02
8,30,1,4.231837e+02
8,30,2,3.918388e+02
8,30,3,3.918388e+02
8,30,5,3.360797e+02
8,30,1,4.141281e+02
8,30,2,4.141281e+02
8,30,3,4.141281e+02
8,30,5,4.141281e+02
8,30,1,5.097161e+02
8,30,2,5.097161e+02
8,30,3,3.931541e+02
8,30,5,3.255707e+02
8,30,1,6.351080e+02
8,30,2,6.351080e+02
8,30,3,6.351080e+02
8,30,5,3.081827e+02
8,30,1,4.186926e+02
8,30,2,4.186926e+02
8,30,3,4.186926e+02
8,30,5,4.186926e+02
8,30,1,4.921214e+02
8,30,2,4.921214e+02
8,30,3,3.820191e+02
8,30,5,3.233183e+02
8,30,1,4.674568e+02
8,30,2,4.674568e+02
8,30,3,4.674568e+02
8,30,5,4.674568e+02
8,30,1,5.469941e+02
8,30,2,5.469941e+02
8,30,3,5.469941e+02
8,30,5,5.469941e+02
8,30,1,3.932348e+02
8,30,2,3.932348e+02
8,30,3,3.932348e+02
8,30,5,3.932348e+02
8,30,1,5.368416e+02
8,30,2,5.368416e+02
8,30,3,5.368416e+02
8,30,5,5.368416e+02
8,30,1,4.039745e+02
8,30,2,4.039745e+02
8,30,3,4.039745e+02
8,30,5,2.848757e+02
8,30,1,6.300959e+02
8,30,2,6.300959e+02
8,30,3,6.300959e+02
8,30,5,2.703545e+02
8,30,1,3.786998e+02
8,30,2,3.786998e+02
8,30,3,3.786998e+02
8,30,5,3.786998e+02
8,30,1,3.252117e+02
8,30,2,3.252117e+02
8,30,3,3.252117e+02
8,30,5,3.252117e+02
8,30,1,4.957115e+02
8,30,2,4.957115e+02
8,30,3,4.957115e+02
8,30,5,3.042640e+02
8,30,1,4.325850e+02
8,30,2,4.325850e+02
8,30,3,4.325850e+02
8,30,5,4.325850e+02
8,30,1,5.109773e+02
8,30,2,4.804755e+02
8,30,3,3.870432e+02
8,30,5,2.837477e+02
8,30,1,3.617040e+02
8,30,2,3.617040e+02
8,30,3,3.617040e+02
8,30,5,3.617040e+02
8,30,1,3.737705e+02
8,30,2,3.737705e+02
8,30,3,3.737705e+02
8,30,5,2.829506e+02
8,30,1,3.823479e+02
8,30,2,3.823479e+02
8,30,3,3.823479e+02
8,30,5,2.684612e+02
8,30,1,5.428758e+02
8,30,2,5.428758e+02
8,30,3,5.428758e+02
8,30,5,5.428758e+02
8,30,1,3.550976e+02
8,30,2,3.550976e+02
8,30,3,3.550976e+02
8,30,5,3.550976e+02
8,30,1,6.286063e+02
8,30,2,6.286063e+02
8,30,3,6.286063e+02
8,30,5,6.286063e+02
8,30,1,4.518592e+02
8,30,2,4.518592e+02
8,30,3,4.518592e+02
8,30,5,2.181031e+02
8,30,1,4.377128e+02
8,30,2,4.377128e+02
8,30,3,4.377128e+02
8,30,5,4.377128e+02
8,30,1,5.935950e+02
8,30,2,5.935950e+02
8,30,3,5.935950e+02
8,30,5,5.935950e+02
8,30,1,4.933958e+02
8,30,2,4.933958e+02
8,30,3,4.933958e+02
8,30,5,4.933958e+02
8,30,1,3.820703e+02
8,30,2,3.820703e+02
8,30,3,3.820703e+02
8,30,5,3.820703e+02
8,30,1,3.973653e+02
8,30,2,3.973653e+02
8,30,3,3.973653e+02
8,30,5,2.845429e+02
8,30,1,3.731240e+02
8,30,2,3.731240e+02
8,30,3,3.731240e+02
8,30,5,3.731240e+02
8,30,1,5.727611e+02
8,30,2,5.727611e+02
8,30,3,5.727611e+02
8,30,5,3.684964e+02
8,30,1,4.674625e+02
8,30,2,4.674625e+02
8,30,3,4.674625e+02
8,30,5,3.122379e+02
8,30,1,4.140386e+02
8,30,2,4.140386e+02
8,30,3,3.726476e+02
8,30,5,3.064715e+02
8,30,1,4.169971e+02
8,30,2,4.169971e+02
8,30,3,4.169971e+02
8,30,5,4.169971e+02
8,30,1,4.362465e+02
8,30,2,4.362465e+02
8,30,3,4.362465e+02
8,30,5,3.346228e+02
8,30,1,4.086437e+02
8,30,2,3.863262e+02
8,30,3,3.863262e+02
8,30,5,3.863262e+02
8,30,1,3.238048e+02
8,30,2,3.238048e+02
8,30,3,3.238048e+02
8,30,5,2.347589e+02
8,30,1,3.694614e+02
8,30,2,3.694614e+02
8,30,3,3.694614e+02
8,30,5,3.694614e+02
8,30,1,5.305654e+02
8,30,2,5.305654e+02
8,30,3,5.305654e+02
8,30,5,3.027084e+02
8,30,1,5.886952e+02
8,30,2,5.886952e+02
8,30,3,5.886952e+02
8,30,5,3.061496e+02
8,30,1,4.018399e+02
8,30,2,4.018399e+02
8,30,3,4.018399e+02
8,30,5,4.018399e+02
8,30,1,4.005167e+02
8,30,2,4.005167e+02
8,30,3,4.005167e+02
8,30,5,2.580251e+02
8,30,1,4.728367e+02
8,30,2,4.728367e+02
8,30,3,4.728367e+02
8,30,5,4.728367e+02
8,30,1,5.822316e+02
8,30,2,5.822316e+02
8,30,3,5.822316e+02
8,30,5,5.822316e+02
8,30,1,3.962157e+02
8,30,2,3.962157e+02
8,30,3,3.962157e+02
8,30,5,2.473447e+02
8,30,1,3.732271e+02
8,30,2,2.851404e+02
8,30,3,2.851404e+02
8,30,5,2.851404e+02
8,30,1,3.587376e+02
8,30,2,3.587376e+02
8,30,3,3.587376e+02
8,30,5,3.587376e+02
8,30,1,4.368055e+02
8,30,2,4.368055e+02
8,30,3,4.368055e+02
8,30,5,4.368055e+02
8,30,1,3.080872e+02
8,30,2,3.080872e+02
8,30,3,3.080872e+02
8,30,5,3.080872e+02
8,30,1,3.182563e+02
8,30,2,3.182563e+02
8,30,3,3.182563e+02
8,30,5,3.182563e+02
8,30,1,3.617965e+02
8,30,2,3.617965e+02
8,30,3,3.617965e+02
8,30,5,2.443578e+02
8,30,1,3.631131e+02
8,30,2,3.631131e+02
8,30,3,3.631131e+02
8,30,5,3.548946e+02
8,30,1,3.350828e+02
8,30,2,3.350828e+02
8,30,3,3.350828e+02
8,30,5,3.350828e+02
8,30,1,4.283449e+02
8,30,2,4.283449e+02
8,30,3,4.120281e+02
8,30,5,2.466186e+02
8,30,1,3.993611e+02
8,30,2,3.993611e+02
8,30,3,3.993611e+02
8,30,5,3.993611e+02
8,30,1,4.479967e+02
8,30,2,4.479967e+02
8,30,3,4.479967e+02
8,30,5,4.479967e+02
8,30,1,5.221322e+02
8,30,2,5.221322e+02
8,30,3,5.221322e+02
8,30,5,5.221322e+02
8,30,1,4.358069e+02
8,30,2,4.358069e+02
8,30,3,4.358069e+02
8,30,5,4.358069e+02
8,30,1,3.485417e+02
8,30,2,3.485417e+02
8,30,3,3.485417e+02
8,30,5,3.485417e+02
8,30,1,3.803103e+02
8,30,2,3.803103e+02
8,30,3,3.803103e+02
8,30,5,3.803103e+02
8,30,1,3.857570e+02
8,30,2,3.857570e+02
8,30,3,3.857570e+02
8,30,5,3.857570e+02
8,30,1,5.196085e+02
8,30,2,5.196085e+02
8,30,3,5.196085e+02
8,30,5,5.196085e+02
8,30,1,4.389595e+02
8,30,2,4.389595e+02
8,30,3,4.389595e+02
8,30,5,4.389595e+02
8,30,1,5.911063e+02
8,30,2,5.911063e+02
8,30,3,5.911063e+02
8,30,5,5.911063e+02
8,30,1,3.858803e+02
8,30,2,3.858803e+02
8,30,3,3.858803e+02
8,30,5,3.858803e+02
8,30,1,3.909455e+02
8,30,2,3.909455e+02
8,30,3,3.909455e+02
8,30,5,3.909455e+02
8,30,1,3.840151e+02
8,30,2,3.840151e+02
8,30,3,3.840151e+02
8,30,5,3.840151e+02
8,30,1,3.784476e+02
8,30,2,3.784476e+02
8,30,3,3.784476e+02
8,30,5,2.443325e+02
8,30,1,5.209620e+02
8,30,2,5.209620e+02
8,30,3,5.209620e+02
8,30,5,5.209620e+02
8,30,1,4.938185e+02
8,30,2,4.938185e+02
8,30,3,4.938185e+02
8,30,5,3.111410e+02
8,30,1,4.714978e+02
8,30,2,4.714978e+02
8,30,3,4.714978e+02
8,30,5,4.714978e+02
8,30,1,3.896186e+02
8,30,2,3.896186e+02
8,30,3,3.896186e+02
8,30,5,3.472069e+02
8,30,1,3.936228e+02
8,30,2,3.936228e+02
8,30,3,3.936228e+02
8,30,5,2.741136e+02
8,30,1,3.585945e+02
8,30,2,3.585945e+02
8,30,3,3.585945e+02
8,30,5,3.585945e+02
8,30,1,4.890842e+02
8,30,2,4.890842e+02
8,30,3,4.890842e+02
8,30,5,4.890842e+02
8,30,1,3.772618e+02
8,30,2,3.772618e+02
8,30,3,3.772618e+02
8,30,5,3.772618e+02
8,30,1,4.204127e+02
8,30,2,4.204127e+02
8,30,3,3.931485e+02
8,30,5,3.931485e+02
8,30,1,4.762576e+02
8,30,2,4.762576e+02
8,30,3,4.762576e+02
8,30,5,4.762576e+02
8,30,1,4.275790e+02
8,30,2,4.275790e+02
8,30,3,4.275790e+02
8,30,5,4.275790e+02
8,30,1,4.083057e+02
8,30,2,3.734066e+02
8,30,3,3.734066e+02
8,30,5,2.813054e+02
8,30,1,4.067416e+02
8,30,2,4.067416e+02
8,30,3,4.067416e+02
8,30,5,4.067416e+02
8,30,1,4.696499e+02
8,30,2,4.696499e+02
8,30,3,3.888258e+02
8,30,5,2.883791e+02
8,30,1,4.871231e+02
8,30,2,4.871231e+02
8,30,3,4.871231e+02
8,30,5,2.890063e+02
8,30,1,6.329274e+02
8,30,2,6.329274e+02
8,30,3,6.329274e+02
8,30,5,6.329274e+02
8,30,10,6.329274e+02
8,30,20,6.329274e+02
8,30,30,6.329274e+02
8,30,40,6.329274e+02
8,30,50,6.329274e+02
8,30,1,3.880689e+02
8,30,2,3.498765e+02
8,30,3,3.498765e+02
8,30,5,3.498765e+02
8,30,10,3.498765e+02
8,30,20,3.498765e+02
8,30,30,3.498765e+02
8,30,40,3.175632e+02
8,30,50,2.273160e+02
8,30,1,4.606300e+02
8,30,2,4.606300e+02
8,30,3,4.606300e+02
8,30,5,4.606300e+02
8,30,10,4.606300e+02
8,30,20,3.699507e+02
8,30,30,3.699507e+02
8,30,40,3.699507e+02
8,30,50,2.062445e+02
8,30,1,3.673700e+02
8,30,2,3.673700e+02
8,30,3,3.673700e+02
8,30,5,3.673700e+02
8,30,10,3.673700e+02
8,30,20,3.673700e+02
8,30,30,3.673700e+02
8,30,40,3.673700e+02
8,30,50,2.768114e+02
8,30,1,6.072212e+02
8,30,2,4.564187e+02
8,30,3,3.971177e+02
8,30,5,3.954346e+02
8,30,10,3.954346e+02
8,30,20,3.954346e+02
8,30,30,3.954346e+02
8,30,40,3.954346e+02
8,30,50,2.430580e+02
8,30,1,6.011135e+02
8,30,2,6.011135e+02
8,30,3,6.011135e+02
8,30,5,6.011135e+02
8,30,10,6.011135e+02
8,30,20,6.011135e+02
8,30,30,3.432516e+02
8,30,40,2.541772e+02
8,30,50,2.541772e+02
8,30,1,4.863927e+02
8,30,2,4.863927e+02
8,30,3,4.863927e+02
8,30,5,4.306047e+02
8,30,10,4.284690e+02
8,30,20,4.284690e+02
8,30,30,4.284690e+02
8,30,40,4.284690e+02
8,30,50,4.284690e+02
8,30,1,5.557364e+02
8,30,2,5.557364e+02
8,30,3,5.557364e+02
8,30,5,4.407455e+02
8,30,10,4.222351e+02
8,30,20,4.222351e+02
8,30,30,3.546432e+02
8,30,40,2.745944e+02
8,30,50,2.745944e+02
8,30,1,4.116454e+02
8,30,2,4.116454e+02
8,30,3,4.116454e+02
8,30,5,4.116454e+02
8,30,10,4.116454e+02
8,30,20,4.116454e+02
8,30,30,3.378410e+02
8,30,40,2.809114e+02
8,30,50,2.809114e+02
8,30,1,3.780758e+02
8,30,2,3.772290e+02
8,30,3,3.772290e+02
8,30,5,3.772290e+02
8,30,10,3.772290e+02
8,30,20,3.772290e+02
8,30,30,3.772290e+02
8,30,40,3.772290e+02
8,30,50,3.772290e+02
8,30,1,6.385827e+02
8,30,2,6.385827e+02
8,30,3,6.385827e+02
8,30,5,6.385827e+02
8,30,10,6.385827e+02
8,30,20,6.385827e+02
8,30,30,6.385827e+02
8,30,40,6.385827e+02
8,30,50,6.385827e+02
8,30,1,4.351835e+02
8,30,2,4.001314e+02
8,30,3,4.001314e+02
8,30,5,4.001314e+02
8,30,10,3.843069e+02
8,30,20,3.843069e+02
8,30,30,2.826513e+02
8,30,40,2.826513e+02
8,30,50,2.826513e+02
8,30,1,6.599409e+02
8,30,2,6.599409e+02
8,30,3,5.336198e+02
8,30,5,5.336198e+02
8,30,10,5.336198e+02
8,30,20,5.336198e+02
8,30,30,3.575055e+02
8,30,40,2.636069e+02
8,30,50,2.361743e+02
8,30,1,6.736980e+02
8,30,2,6.736980e+02
8,30,3,6.736980e+02
8,30,5,6.736980e+02
8,30,10,6.736980e+02
8,30,20,6.736980e+02
8,30,30,2.929237e+02
8,30,40,2.810117e+02
8,30,50,2.293975e+02
8,30,1,5.465880e+02
8,30,2,4.196855e+02
8,30,3,4.060254e+02
8,30,5,3.589732e+02
8,30,10,3.583270e+02
8,30,20,3.583270e+02
8,30,30,3.583270e+02
8,30,40,3.583270e+02
8,30,50,2.116163e+02
8,30,1,5.634935e+02
8,30,2,5.634935e+02
8,30,3,5.634935e+02
8,30,5,3.116747e+02
8,30,10,3.116747e+02
8,30,20,3.116747e+02
8,30,30,3.116747e+02
8,30,40,3.116747e+02
8,30,50,3.116747e+02
8,30,1,3.607473e+02
8,30,2,3.607473e+02
8,30,3,3.607473e+02
8,30,5,3.607473e+02
8,30,10,3.607473e+02
8,30,20,3.607473e+02
8,30,30,3.607473e+02
8,30,40,3.607473e+02
8,30,50,2.556630e+02
8,30,1,4.151185e+02
8,30,2,4.151185e+02
8,30,3,4.151185e+02
8,30,5,4.151185e+02
8,30,10,4.151185e+02
8,30,20,4.151185e+02
8,30,30,4.151185e+02
8,30,40,4.151185e+02
8,30,50,4.151185e+02
8,30,1,5.155942e+02
8,30,2,4.509157e+02
8,30,3,3.681507e+02
8,30,5,3.681507e+02
8,30,10,3.681507e+02
8,30,20,3.681507e+02
8,30,30,3.681507e+02
8,30,40,3.681507e+02
8,30,50,2.832006e+02
8,30,1,4.513385e+02
8,30,2,4.070099e+02
8,30,3,4.070099e+02
8,30,5,4.070099e+02
8,30,10,4.070099e+02
8,30,20,4.070099e+02
8,30,30,4.070099e+02
8,30,40,4.070099e+02
8,30,50,4.070099e+02
8,30,1,5.358960e+02
8,30,2,5.358960e+02
8,30,3,5.358960e+02
8,30,5,4.564617e+02
8,30,10,4.564617e+02
8,30,20,4.564617e+02
8,30,30,4.564617e+02
8,30,40,2.928678e+02
8,30,50,2.210600e+02
8,30,1,4.493910e+02
8,30,2,4.083259e+02
8,30,3,4.083259e+02
8,30,5,4.083259e+02
8,30,10,3.998038e+02
8,30,20,3.998038e+02
8,30,30,3.998038e+02
8,30,40,2.652089e+02
8,30,50,2.182764e+02
8,30,1,5.192820e+02
8,30,2,5.192820e+02
8,30,3,5.192820e+02
8,30,5,5.192820e+02
8,30,10,5.192820e+02
8,30,20,5.192820e+02
8,30,30,3.154888e+02
8,30,40,2.312081e+02
8,30,50,2.312081e+02
8,30,1,6.583196e+02
8,30,2,4.276968e+02
8,30,3,3.931777e+02
8,30,5,3.931777e+02
8,30,10,3.931777e+02
8,30,20,3.931777e+02
8,30,30,3.931777e+02
8,30,40,3.931777e+02
8,30,50,3.931777e+02
8,30,1,5.922888e+02
8,30,2,5.048233e+02
8,30,3,4.204342e+02
8,30,5,4.204342e+02
8,30,10,4.204342e+02
8,30,20,4.204342e+02
8,30,30,3.370254e+02
8,30,40,3.370254e+02
8,30,50,2.089378e+02
8,30,1,5.406594e+02
8,30,2,3.760547e+02
8,30,3,3.760547e+02
8,30,5,3.760547e+02
8,30,10,3.760547e+02
8,30,20,3.760547e+02
8,30,30,3.760547e+02
8,30,40,3.760547e+02
8,30,50,3.760547e+02
8,30,1,4.496640e+02
8,30,2,3.843216e+02
8,30,3,3.769013e+02
8,30,5,3.665077e+02
8,30,10,3.665077e+02
8,30,20,3.665077e+02
8,30,30,3.665077e+02
8,30,40,3.665077e+02
8,30,50,2.402181e+02
8,30,1,5.763583e+02
8,30,2,5.763583e+02
8,30,3,5.763583e+02
8,30,5,5.763583e+02
8,30,10,5.763583e+02
8,30,20,5.763583e+02
8,30,30,5.763583e+02
8,30,40,2.830784e+02
8,30,50,2.219445e+02
8,30,1,4.838800e+02
8,30,2,3.924261e+02
8,30,3,3.924261e+02
8,30,5,3.924261e+02
8,30,10,3.924261e+02
8,30,20,3.402913e+02
8,30,30,3.402913e+02
8,30,40,2.408973e+02
8,30,50,2.111723e+02
8,30,1,3.871548e+02
8,30,2,3.683373e+02
8,30,3,3.683373e+02
8,30,5,3.683373e+02
8,30,10,3.683373e+02
8,30,20,3.683373e+02
8,30,30,3.683373e+02
8,30,40,3.683373e+02
8,30,50,2.413879e+02
8,30,1,6.928180e+02
8,30,2,6.928180e+02
8,30,3,6.246500e+02
8,30,5,5.340507e+02
8,30,10,5.340507e+02
8,30,20,5.340507e+02
8,30,30,5.340507e+02
8,30,40,2.712438e+02
8,30,50,2.712438e+02
8,30,1,5.194600e+02
8,30,2,5.194600e+02
8,30,3,5.194600e+02
8,30,5,5.194600e+02
8,30,10,5.194600e+02
8,30,20,5.194600e+02
8,30,30,5.194600e+02
8,30,40,5.194600e+02
8,30,50,2.222606e+02
8,30,1,3.464886e+02
8,30,2,3.464886e+02
8,30,3,3.389631e+02
8,30,5,3.389631e+02
8,30,10,3.389631e+02
8,30,20,3.389631e+02
8,30,30,3.389631e+02
8,30,40,3.389631e+02
8,30,50,1.908767e+02
8,30,1,4.765152e+02
8,30,2,4.441830e+02
8,30,3,4.441830e+02
8,30,5,4.441830e+02
8,30,10,4.270358e+02
8,30,20,4.270358e+02
8,30,30,4.270358e+02
8,30,40,2.657638e+02
8,30,50,2.657638e+02
8,30,1,6.511245e+02
8,30,2,6.511245e+02
8,30,3,3.832092e+02
8,30,5,3.832092e+02
8,30,10,3.832092e+02
8,30,20,3.832092e+02
8,30,30,3.832092e+02
8,30,40,3.832092e+02
8,30,50,3.832092e+02
8,30,1,5.369753e+02
8,30,2,5.369753e+02
8,30,3,5.369753e+02
8,30,5,5.369753e+02
8,30,10,5.369753e+02
8,30,20,5.369753e+02
8,30,30,5.369753e+02
8,30,40,5.369753e+02
8,30,50,5.369753e+02
8,30,1,5.083444e+02
8,30,2,5.083444e+02
8,30,3,5.083444e+02
8,30,5,5.083444e+02
8,30,10,5.083444e+02
8,30,20,5.083444e+02
8,30,30,5.083444e+02
8,30,40,2.698617e+02
8,30,50,2.073869e+02
8,30,1,5.815873e+02
8,30,2,4.344015e+02
8,30,3,4.344015e+02
8,30,5,4.344015e+02
8,30,10,4.344015e+02
8,30,20,4.344015e+02
8,30,30,4.344015e+02
8,30,40,4.344015e+02
8,30,50,4.344015e+02
8,30,1,3.413278e+02
8,30,2,3.408691e+02
8,30,3,3.408691e+02
8,30,5,3.408691e+02
8,30,10,3.408691e+02
8,30,20,3.408691e+02
8,30,30,3.408691e+02
8,30,40,3.408691e+02
8,30,50,3.408691e+02
8,30,1,5.847384e+02
8,30,2,5.847384e+02
8,30,3,5.847384e+02
8,30,5,5.847384e+02
8,30,10,5.847384e+02
8,30,20,5.847384e+02
8,30,30,5.847384e+02
8,30,40,5.847384e+02
8,30,50,5.847384e+02
8,30,1,3.538416e+02
8,30,2,3.434145e+02
8,30,3,3.434145e+02
8,30,5,3.434145e+02
8,30,10,3.434145e+02
8,30,20,3.434145e+02
8,30,30,3.434145e+02
8,30,40,2.707618e+02
8,30,50,1.740091e+02
8,30,1,4.547867e+02
8,30,2,4.131578e+02
8,30,3,4.020077e+02
8,30,5,4.020077e+02
8,30,10,4.020077e+02
8,30,20,4.020077e+02
8,30,30,4.020077e+02
8,30,40,4.020077e+02
8,30,50,4.020077e+02
8,30,1,6.649354e+02
8,30,2,6.649354e+02
8,30,3,6.649354e+02
8,30,5,6.649354e+02
8,30,10,6.649354e+02
8,30,20,6.649354e+02
8,30,30,6.649354e+02
8,30,40,6.649354e+02
8,30,50,6.649354e+02
8,30,1,4.417368e+02
8,30,2,4.417368e+02
8,30,3,4.417368e+02
8,30,5,4.417368e+02
8,30,10,3.433729e+02
8,30,20,3.433729e+02
8,30,30,3.433729e+02
8,30,40,3.433729e+02
8,30,50,2.339546e+02
8,30,1,4.396174e+02
8,30,2,4.334419e+02
8,30,3,4.334419e+02
8,30,5,4.334419e+02
8,30,10,4.334419e+02
8,30,20,4.334419e+02
8,30,30,4.334419e+02
8,30,40,4.078955e+02
8,30,50,2.048067e+02
8,30,1,5.089926e+02
8,30,2,5.089926e+02
8,30,3,5.089926e+02
8,30,5,5.089926e+02
8,30,10,5.089926e+02
8,30,20,5.089926e+02
8,30,30,5.089926e+02
8,30,40,5.089926e+02
8,30,50,5.089926e+02
8,30,1,6.347520e+02
8,30,2,4.364966e+02
8,30,3,4.364966e+02
8,30,5,4.364966e+02
8,30,10,4.364966e+02
8,30,20,3.551887e+02
8,30,30,3.551887e+02
8,30,40,3.551887e+02
8,30,50,1.946957e+02
8,30,1,4.972231e+02
8,30,2,4.972231e+02
8,30,3,4.972231e+02
8,30,5,4.972231e+02
8,30,10,4.686791e+02
8,30,20,4.686791e+02
8,30,30,4.686791e+02
8,30,40,4.686791e+02
8,30,50,4.686791e+02
8,30,1,5.248139e+02
8,30,2,5.248139e+02
8,30,3,5.248139e+02
8,30,5,5.248139e+02
8,30,10,5.248139e+02
8,30,20,5.248139e+02
8,30,30,5.248139e+02
8,30,40,5.248139e+02
8,30,50,5.248139e+02
8,30,1,3.343889e+02
8,30,2,3.343889e+02
8,30,3,3.343889e+02
8,30,5,3.343889e+02
8,30,10,3.343889e+02
8,30,20,3.343889e+02
8,30,30,3.343889e+02
8,30,40,3.343889e+02
8,30,50,3.343889e+02
8,30,1,6.046485e+02
8,30,2,6.046485e+02
8,30,3,6.046485e+02
8,30,5,6.046485e+02
8,30,10,6.046485e+02
8,30,20,6.046485e+02
8,30,30,6.046485e+02
8,30,40,3.403868e+02
8,30,50,2.202986e+02
8,30,1,4.443674e+02
8,30,2,4.443674e+02
8,30,3,4.443674e+02
8,30,5,4.443674e+02
8,30,1,5.126550e+02
8,30,2,5.126550e+02
8,30,3,5.126550e+02
8,30,5,5.126550e+02
8,30,1,4.214625e+02
8,30,2,4.214625e+02
8,30,3,3.838361e+02
8,30,5,3.838361e+02
8,30,1,3.351870e+02
8,30,2,3.351870e+02
8,30,3,3.351870e+02
8,30,5,3.351870e+02
8,30,1,4.528442e+02
8,30,2,4.528442e+02
8,30,3,4.528442e+02
8,30,5,4.528442e+02
8,30,1,6.900203e+02
8,30,2,6.900203e+02
8,30,3,6.900203e+02
8,30,5,2.198109e+02
8,30,1,3.956800e+02
8,30,2,3.557918e+02
8,30,3,3.557918e+02
8,30,5,3.557918e+02
8,30,1,5.843068e+02
8,30,2,5.843068e+02
8,30,3,5.843068e+02
8,30,5,5.843068e+02
8,30,1,3.754463e+02
8,30,2,3.754463e+02
8,30,3,3.754463e+02
8,30,5,3.711868e+02
8,30,1,4.059316e+02
8,30,2,4.059316e+02
8,30,3,4.059316e+02
8,30,5,4.059316e+02
8,30,1,6.157317e+02
8,30,2,6.157317e+02
8,30,3,6.157317e+02
8,30,5,6.157317e+02
8,30,1,6.414864e+02
8,30,2,6.414864e+02
8,30,3,6.414864e+02
8,30,5,2.246021e+02
8,30,1,4.925605e+02
8,30,2,4.925605e+02
8,30,3,4.925605e+02
8,30,5,4.925605e+02
8,30,1,3.655095e+02
8,30,2,3.655095e+02
8,30,3,3.655095e+02
8,30,5,2.086430e+02
8,30,1,5.719305e+02
8,30,2,5.719305e+02
8,30,3,5.719305e+02
8,30,5,5.719305e+02
8,30,1,6.697595e+02
8,30,2,6.697595e+02
8,30,3,6.697595e+02
8,30,5,6.697595e+02
8,30,1,4.599086e+02
8,30,2,4.599086e+02
8,30,3,4.599086e+02
8,30,5,2.943413e+02
8,30,1,3.426098e+02
8,30,2,3.426098e+02
8,30,3,3.168511e+02
8,30,5,3.168511e+02
8,30,1,4.645526e+02
8,30,2,4.645526e+02
8,30,3,4.645526e+02
8,30,5,4.645526e+02
8,30,1,4.509497e+02
8,30,2,3.747905e+02
8,30,3,3.747905e+02
8,30,5,3.747905e+02
8,30,1,3.259388e+02
8,30,2,3.259388e+02
8,30,3,3.259388e+02
8,30,5,3.259388e+02
8,30,1,4.136816e+02
8,30,2,3.746177e+02
8,30,3,3.644423e+02
8,30,5,3.229491e+02
8,30,1,4.248762e+02
8,30,2,4.248762e+02
8,30,3,4.248762e+02
8,30,5,2.724149e+02
8,30,1,7.436376e+02
8,30,2,7.436376e+02
8,30,3,7.436376e+02
8,30,5,3.478726e+02
8,30,1,4.823137e+02
8,30,2,4.717893e+02
8,30,3,4.717893e+02
8,30,5,3.306666e+02
8,30,1,4.164729e+02
8,30,2,3.895014e+02
8,30,3,3.895014e+02
8,30,5,3.370074e+02
8,30,1,5.175667e+02
8,30,2,5.175667e+02
8,30,3,5.175667e+02
8,30,5,2.750494e+02
8,30,1,4.274233e+02
8,30,2,4.274233e+02
8,30,3,4.274233e+02
8,30,5,3.220029e+02
8,30,1,3.622564e+02
8,30,2,3.622564e+02
8,30,3,3.191033e+02
8,30,5,2.961926e+02
8,30,1,4.308201e+02
8,30,2,4.308201e+02
8,30,3,4.308201e+02
8,30,5,3.618755e+02
8,30,1,3.747979e+02
8,30,2,3.747979e+02
8,30,3,3.747979e+02
8,30,5,3.747979e+02
8,30,1,4.793573e+02
8,30,2,4.793573e+02
8,30,3,4.187004e+02
8,30,5,3.465574e+02
8,30,1,5.090179e+02
8,30,2,5.090179e+02
8,30,3,5.090179e+02
8,30,5,5.090179e+02
8,30,1,6.666781e+02
8,30,2,6.666781e+02
8,30,3,6.666781e+02
8,30,5,6.666781e+02
8,30,1,3.697078e+02
8,30,2,3.697078e+02
8,30,3,3.697078e+02
8,30,5,3.697078e+02
8,30,1,4.661239e+02
8,30,2,4.661239e+02
8,30,3,4.661239e+02
8,30,5,2.473822e+02
8,30,1,4.407082e+02
8,30,2,4.407082e+02
8,30,3,4.407082e+02
8,30,5,2.664887e+02
8,30,1,5.142959e+02
8,30,2,5.142959e+02
8,30,3,5.142959e+02
8,30,5,5.142959e+02
8,30,1,6.206879e+02
8,30,2,6.206879e+02
8,30,3,6.206879e+02
8,30,5,3.043645e+02
8,30,1,4.490646e+02
8,30,2,4.490646e+02
8,30,3,4.490646e+02
8,30,5,3.119545e+02
8,30,1,4.802130e+02
8,30,2,4.802130e+02
8,30,3,4.802130e+02
8,30,5,4.802130e+02
8,30,1,3.958492e+02
8,30,2,3.958492e+02
8,30,3,3.958492e+02
8,30,5,3.958492e+02
8,30,1,4.655298e+02
8,30,2,4.655298e+02
8,30,3,4.655298e+02
8,30,5,4.655298e+02
8,30,1,4.622432e+02
8,30,2,4.622432e+02
8,30,3,4.622432e+02
8,30,5,3.349903e+02
8,30,1,4.192646e+02
8,30,2,4.192646e+02
8,30,3,3.311587e+02
8,30,5,3.311587e+02
8,30,1,3.732498e+02
8,30,2,3.732498e+02
8,30,3,3.732498e+02
8,30,5,3.319957e+02
8,30,1,5.548536e+02
8,30,2,5.548536e+02
8,30,3,5.548536e+02
8,30,5,5.548536e+02
8,30,1,4.576765e+02
8,30,2,4.576765e+02
8,30,3,4.576765e+02
8,30,5,2.422050e+02
8,30,1,4.965166e+02
8,30,2,4.965166e+02
8,30,3,4.965166e+02
8,30,5,4.965166e+02
8,30,1,6.078290e+02
8,30,2,6.078290e+02
8,30,3,6.078290e+02
8,30,5,6.078290e+02
8,30,1,3.956259e+02
8,30,2,3.674049e+02
8,30,3,3.283862e+02
8,30,5,3.283862e+02
