funcid,dim,milestone,error
20,30,1,1.183788e+03
20,30,2,1.183788e+03
20,30,3,1.183788e+03
20,30,5,1.183788e+03
20,30,1,1.449749e+03
20,30,2,1.449749e+03
20,30,3,1.449749e+03
20,30,5,1.449749e+03
20,30,1,1.857454e+03
20,30,2,1.857454e+03
20,30,3,1.857454e+03
20,30,5,1.405598e+03
20,30,1,1.029358e+03
20,30,2,1.029358e+03
20,30,3,1.029358e+03
20,30,5,1.029358e+03
20,30,1,1.397406e+03
20,30,2,1.397406e+03
20,30,3,1.397406e+03
20,30,5,1.397406e+03
20,30,1,1.518160e+03
20,30,2,1.451723e+03
20,30,3,1.451723e+03
20,30,5,1.451723e+03
20,30,1,9.648768e+02
20,30,2,9.648768e+02
20,30,3,9.648768e+02
20,30,5,9.648768e+02
20,30,1,1.800888e+03
20,30,2,1.800888e+03
20,30,3,1.800888e+03
20,30,5,1.800888e+03
20,30,1,1.486279e+03
20,30,2,1.486279e+03
20,30,3,1.486279e+03
20,30,5,1.486279e+03
20,30,1,1.746719e+03
20,30,2,1.746719e+03
20,30,3,1.746719e+03
20,30,5,1.598249e+03
20,30,1,1.352511e+03
20,30,2,1.352511e+03
20,30,3,1.352511e+03
20,30,5,1.352511e+03
20,30,1,1.398348e+03
20,30,2,1.398348e+03
20,30,3,1.398348e+03
20,30,5,1.398348e+03
20,30,1,1.870494e+03
20,30,2,1.795032e+03
20,30,3,1.271962e+03
20,30,5,7.032111e+02
20,30,1,1.507447e+03
20,30,2,1.507447e+03
20,30,3,1.507447e+03
20,30,5,6.819779e+02
20,30,1,8.731629e+02
20,30,2,8.731629e+02
20,30,3,8.731629e+02
20,30,5,8.731629e+02
20,30,1,1.796434e+03
20,30,2,1.796434e+03
20,30,3,1.796434e+03
20,30,5,1.796434e+03
20,30,1,1.142553e+03
20,30,2,1.142553e+03
20,30,3,1.142553e+03
20,30,5,1.142553e+03
20,30,1,1.715577e+03
20,30,2,1.715577e+03
20,30,3,1.715577e+03
20,30,5,1.715577e+03
20,30,1,1.937388e+03
20,30,2,1.937388e+03
20,30,3,1.937388e+03
20,30,5,1.613083e+03
20,30,1,1.965635e+03
20,30,2,1.965635e+03
20,30,3,1.965635e+03
20,30,5,1.504172e+03
20,30,1,1.603657e+03
20,30,2,1.603657e+03
20,30,3,1.603657e+03
20,30,5,1.337990e+03
20,30,1,1.769364e+03
20,30,2,1.769364e+03
20,30,3,1.769364e+03
20,30,5,1.769364e+03
20,30,1,1.374927e+03
20,30,2,1.374927e+03
20,30,3,1.374927e+03
20,30,5,1.374927e+03
20,30,1,1.452305e+03
20,30,2,1.452305e+03
20,30,3,1.452305e+03
20,30,5,1.452305e+03
20,30,1,1.524330e+03
20,30,2,1.524330e+03
20,30,3,1.524330e+03
20,30,5,1.524330e+03
20,30,1,1.766480e+03
20,30,2,1.766480e+03
20,30,3,1.766480e+03
20,30,5,1.766480e+03
20,30,1,1.029092e+03
20,30,2,1.029092e+03
20,30,3,1.029092e+03
20,30,5,1.029092e+03
20,30,1,1.720492e+03
20,30,2,1.720492e+03
20,30,3,1.720492e+03
20,30,5,1.720492e+03
20,30,1,1.868860e+03
20,30,2,1.868860e+03
20,30,3,1.868860e+03
20,30,5,1.868860e+03
20,30,1,1.162948e+03
20,30,2,1.162948e+03
20,30,3,1.162948e+03
20,30,5,1.162948e+03
20,30,1,1.932960e+03
20,30,2,1.932960e+03
20,30,3,1.932960e+03
20,30,5,1.932960e+03
20,30,1,1.881608e+03
20,30,2,1.881608e+03
20,30,3,1.881608e+03
20,30,5,1.881608e+03
20,30,1,1.698407e+03
20,30,2,1.698407e+03
20,30,3,1.698407e+03
20,30,5,1.698407e+03
20,30,1,1.951260e+03
20,30,2,1.951260e+03
20,30,3,1.951260e+03
20,30,5,1.451224e+03
20,30,1,1.143749e+03
20,30,2,1.143749e+03
20,30,3,1.143749e+03
20,30,5,1.143749e+03
20,30,1,1.597962e+03
20,30,2,1.597962e+03
20,30,3,1.597962e+03
20,30,5,1.273887e+03
20,30,1,1.351810e+03
20,30,2,1.351810e+03
20,30,3,1.351810e+03
20,30,5,1.126214e+03
20,30,1,1.933919e+03
20,30,2,1.518190e+03
20,30,3,1.051843e+03
20,30,5,1.051843e+03
20,30,1,1.478443e+03
20,30,2,1.478443e+03
20,30,3,1.478443e+03
20,30,5,1.245487e+03
20,30,1,1.312995e+03
20,30,2,1.189868e+03
20,30,3,1.189868e+03
20,30,5,1.189868e+03
20,30,1,1.725033e+03
20,30,2,1.725033e+03
20,30,3,1.725033e+03
20,30,5,1.725033e+03
20,30,1,1.432674e+03
20,30,2,1.432674e+03
20,30,3,1.432674e+03
20,30,5,1.432674e+03
20,30,1,1.566239e+03
20,30,2,1.566239e+03
20,30,3,1.566239e+03
20,30,5,1.566239e+03
20,30,1,1.631900e+03
20,30,2,1.631900e+03
20,30,3,1.631900e+03
20,30,5,1.631900e+03
20,30,1,2.063569e+03
20,30,2,2.063569e+03
20,30,3,2.063569e+03
20,30,5,2.063569e+03
20,30,1,1.333436e+03
20,30,2,1.333436e+03
20,30,3,1.333436e+03
20,30,5,1.333436e+03
20,30,1,1.378064e+03
20,30,2,1.378064e+03
20,30,3,1.378064e+03
20,30,5,1.378064e+03
20,30,1,1.805332e+03
20,30,2,1.805332e+03
20,30,3,1.653094e+03
20,30,5,1.653094e+03
20,30,1,1.661139e+03
20,30,2,1.661139e+03
20,30,3,1.661139e+03
20,30,5,1.198317e+03
20,30,1,1.876453e+03
20,30,2,1.876453e+03
20,30,3,1.876453e+03
20,30,5,1.876453e+03
20,30,1,1.527029e+03
20,30,2,1.527029e+03
20,30,3,1.527029e+03
20,30,5,1.527029e+03
20,30,1,1.429663e+03
20,30,2,1.429663e+03
20,30,3,1.429663e+03
20,30,5,1.429663e+03
20,30,1,1.740659e+03
20,30,2,1.740659e+03
20,30,3,1.327534e+03
20,30,5,1.192258e+03
20,30,1,1.466843e+03
20,30,2,1.466843e+03
20,30,3,1.466843e+03
20,30,5,1.466843e+03
20,30,1,1.474319e+03
20,30,2,1.474319e+03
20,30,3,1.474319e+03
20,30,5,1.474319e+03
20,30,1,1.991513e+03
20,30,2,1.991513e+03
20,30,3,1.991513e+03
20,30,5,1.991513e+03
20,30,1,1.897376e+03
20,30,2,1.422249e+03
20,30,3,1.422249e+03
20,30,5,1.422249e+03
20,30,1,1.857580e+03
20,30,2,1.857580e+03
20,30,3,1.857580e+03
20,30,5,1.857580e+03
20,30,1,1.205514e+03
20,30,2,1.205514e+03
20,30,3,1.205514e+03
20,30,5,1.205514e+03
20,30,1,1.304256e+03
20,30,2,1.304256e+03
20,30,3,1.304256e+03
20,30,5,1.304256e+03
20,30,1,1.145219e+03
20,30,2,1.145219e+03
20,30,3,1.145219e+03
20,30,5,1.145219e+03
20,30,1,1.542166e+03
20,30,2,1.542166e+03
20,30,3,1.542166e+03
20,30,5,1.542166e+03
20,30,1,1.040596e+03
20,30,2,1.040596e+03
20,30,3,1.040596e+03
20,30,5,1.040596e+03
20,30,1,1.743410e+03
20,30,2,1.743410e+03
20,30,3,1.743410e+03
20,30,5,1.743410e+03
20,30,1,1.632432e+03
20,30,2,1.632432e+03
20,30,3,1.632432e+03
20,30,5,1.632432e+03
20,30,1,1.449180e+03
20,30,2,1.449180e+03
20,30,3,1.449180e+03
20,30,5,1.449180e+03
20,30,1,1.516063e+03
20,30,2,1.516063e+03
20,30,3,1.516063e+03
20,30,5,1.516063e+03
20,30,1,1.393553e+03
20,30,2,1.393553e+03
20,30,3,1.393553e+03
20,30,5,1.393553e+03
20,30,1,1.577067e+03
20,30,2,1.577067e+03
20,30,3,1.577067e+03
20,30,5,1.577067e+03
20,30,1,1.785903e+03
20,30,2,1.785903e+03
20,30,3,1.785903e+03
20,30,5,1.785903e+03
20,30,1,1.761070e+03
20,30,2,1.761070e+03
20,30,3,1.761070e+03
20,30,5,1.012180e+03
20,30,1,1.719578e+03
20,30,2,1.719578e+03
20,30,3,1.719578e+03
20,30,5,1.719578e+03
20,30,1,1.503999e+03
20,30,2,1.503999e+03
20,30,3,1.503999e+03
20,30,5,1.503999e+03
20,30,1,1.587053e+03
20,30,2,1.587053e+03
20,30,3,1.587053e+03
20,30,5,1.587053e+03
20,30,1,1.110423e+03
20,30,2,1.110423e+03
20,30,3,1.110423e+03
20,30,5,1.110423e+03
20,30,1,1.620188e+03
20,30,2,1.620188e+03
20,30,3,1.620188e+03
20,30,5,1.489812e+03
20,30,1,1.809981e+03
20,30,2,1.809981e+03
20,30,3,1.809981e+03
20,30,5,1.809981e+03
20,30,1,1.836920e+03
20,30,2,1.836920e+03
20,30,3,1.836920e+03
20,30,5,1.836920e+03
20,30,1,1.572538e+03
20,30,2,1.572538e+03
20,30,3,1.572538e+03
20,30,5,1.572538e+03
20,30,1,1.763697e+03
20,30,2,1.763697e+03
20,30,3,1.763697e+03
20,30,5,1.763697e+03
20,30,1,1.815941e+03
20,30,2,1.815941e+03
20,30,3,1.815941e+03
20,30,5,1.815941e+03
20,30,1,1.851646e+03
20,30,2,1.851646e+03
20,30,3,1.851646e+03
20,30,5,1.851646e+03
20,30,1,1.607221e+03
20,30,2,1.607221e+03
20,30,3,1.607221e+03
20,30,5,1.607221e+03
20,30,1,1.689121e+03
20,30,2,1.689121e+03
20,30,3,1.689121e+03
20,30,5,1.689121e+03
20,30,1,1.509777e+03
20,30,2,1.509777e+03
20,30,3,1.509777e+03
20,30,5,1.509777e+03
20,30,1,1.014907e+03
20,30,2,1.014907e+03
20,30,3,1.014907e+03
20,30,5,1.014907e+03
20,30,1,2.105801e+03
20,30,2,2.105801e+03
20,30,3,2.105801e+03
20,30,5,2.105801e+03
20,30,1,1.029981e+03
20,30,2,1.029981e+03
20,30,3,1.029981e+03
20,30,5,1.029981e+03
20,30,1,1.939908e+03
20,30,2,1.939908e+03
20,30,3,1.939908e+03
20,30,5,1.939908e+03
20,30,1,1.686923e+03
20,30,2,1.686923e+03
20,30,3,1.683714e+03
20,30,5,1.409737e+03
20,30,1,1.557315e+03
20,30,2,1.557315e+03
20,30,3,1.557315e+03
20,30,5,1.557315e+03
20,30,1,1.951533e+03
20,30,2,1.951533e+03
20,30,3,1.951533e+03
20,30,5,1.951533e+03
20,30,1,1.701752e+03
20,30,2,1.701752e+03
20,30,3,1.701752e+03
20,30,5,1.701752e+03
20,30,1,1.491006e+03
20,30,2,1.491006e+03
20,30,3,1.491006e+03
20,30,5,1.491006e+03
20,30,1,1.635520e+03
20,30,2,1.635520e+03
20,30,3,1.635520e+03
20,30,5,1.635520e+03
20,30,1,1.504263e+03
20,30,2,1.504263e+03
20,30,3,1.504263e+03
20,30,5,1.428131e+03
20,30,1,1.515481e+03
20,30,2,1.515481e+03
20,30,3,1.515481e+03
20,30,5,1.515481e+03
20,30,1,2.087007e+03
20,30,2,2.087007e+03
20,30,3,2.087007e+03
20,30,5,1.335778e+03
20,30,1,2.073554e+03
20,30,2,2.073554e+03
20,30,3,2.073554e+03
20,30,5,1.010098e+03
20,30,1,1.856209e+03
20,30,2,1.856209e+03
20,30,3,1.856209e+03
20,30,5,1.548743e+03
20,30,1,1.872284e+03
20,30,2,1.872284e+03
20,30,3,1.872284e+03
20,30,5,9.533233e+02
20,30,1,1.488618e+03
20,30,2,1.488618e+03
20,30,3,1.488618e+03
20,30,5,1.488618e+03
20,30,1,1.481612e+03
20,30,2,1.481612e+03
20,30,3,1.481612e+03
20,30,5,9.130482e+02
20,30,1,1.898067e+03
20,30,2,1.898067e+03
20,30,3,1.898067e+03
20,30,5,1.898067e+03
20,30,1,1.825714e+03
20,30,2,1.825714e+03
20,30,3,1.825714e+03
20,30,5,1.825714e+03
20,30,1,1.758756e+03
20,30,2,1.758756e+03
20,30,3,1.758756e+03
20,30,5,1.758756e+03
20,30,1,1.326830e+03
20,30,2,1.326830e+03
20,30,3,1.326830e+03
20,30,5,1.326830e+03
20,30,1,1.888794e+03
20,30,2,1.888794e+03
20,30,3,1.888794e+03
20,30,5,1.888794e+03
20,30,1,1.826861e+03
20,30,2,1.826861e+03
20,30,3,1.826861e+03
20,30,5,1.826861e+03
20,30,1,2.027204e+03
20,30,2,1.746408e+03
20,30,3,1.746408e+03
20,30,5,1.269864e+03
20,30,1,1.387424e+03
20,30,2,1.387424e+03
20,30,3,1.387424e+03
20,30,5,1.387424e+03
20,30,1,1.679212e+03
20,30,2,1.679212e+03
20,30,3,1.679212e+03
20,30,5,1.679212e+03
20,30,1,1.794683e+03
20,30,2,1.794683e+03
20,30,3,1.794683e+03
20,30,5,1.794683e+03
20,30,1,1.806057e+03
20,30,2,1.806057e+03
20,30,3,1.806057e+03
20,30,5,1.806057e+03
20,30,1,1.783057e+03
20,30,2,1.783057e+03
20,30,3,1.783057e+03
20,30,5,1.783057e+03
20,30,1,1.578509e+03
20,30,2,1.578509e+03
20,30,3,1.284024e+03
20,30,5,1.284024e+03
20,30,1,1.503685e+03
20,30,2,1.503685e+03
20,30,3,1.503685e+03
20,30,5,1.503685e+03
20,30,1,1.827357e+03
20,30,2,1.827357e+03
20,30,3,1.827357e+03
20,30,5,1.444935e+03
20,30,1,1.415888e+03
20,30,2,1.415888e+03
20,30,3,1.415888e+03
20,30,5,1.415888e+03
20,30,1,1.368347e+03
20,30,2,1.368347e+03
20,30,3,1.368347e+03
20,30,5,1.368347e+03
20,30,1,1.932091e+03
20,30,2,1.932091e+03
20,30,3,1.932091e+03
20,30,5,1.932091e+03
20,30,1,2.152401e+03
20,30,2,2.152401e+03
20,30,3,2.152401e+03
20,30,5,1.117863e+03
20,30,1,1.435466e+03
20,30,2,1.435466e+03
20,30,3,1.435466e+03
20,30,5,1.098600e+03
20,30,1,1.719978e+03
20,30,2,1.719978e+03
20,30,3,1.719978e+03
20,30,5,1.719978e+03
20,30,1,1.977867e+03
20,30,2,1.977867e+03
20,30,3,1.977867e+03
20,30,5,1.497023e+03
20,30,1,1.902169e+03
20,30,2,1.902169e+03
20,30,3,1.902169e+03
20,30,5,1.186091e+03
20,30,1,1.359117e+03
20,30,2,1.359117e+03
20,30,3,1.359117e+03
20,30,5,1.359117e+03
20,30,1,1.770023e+03
20,30,2,1.770023e+03
20,30,3,1.770023e+03
20,30,5,1.770023e+03
20,30,1,1.352610e+03
20,30,2,1.352610e+03
20,30,3,1.352610e+03
20,30,5,1.352610e+03
20,30,1,2.257363e+03
20,30,2,2.257363e+03
20,30,3,2.257363e+03
20,30,5,2.257363e+03
20,30,1,1.726351e+03
20,30,2,1.726351e+03
20,30,3,1.726351e+03
20,30,5,1.250400e+03
20,30,1,1.649449e+03
20,30,2,1.649449e+03
20,30,3,1.649449e+03
20,30,5,1.203372e+03
20,30,1,1.853641e+03
20,30,2,1.853641e+03
20,30,3,1.853641e+03
20,30,5,1.853641e+03
20,30,1,2.069429e+03
20,30,2,2.069429e+03
20,30,3,2.069429e+03
20,30,5,2.069429e+03
20,30,1,1.601964e+03
20,30,2,1.601964e+03
20,30,3,1.601964e+03
20,30,5,1.405382e+03
20,30,1,2.047464e+03
20,30,2,2.047464e+03
20,30,3,2.047464e+03
20,30,5,1.828613e+03
20,30,1,1.961352e+03
20,30,2,1.961352e+03
20,30,3,1.961352e+03
20,30,5,1.961352e+03
20,30,1,1.754456e+03
20,30,2,1.754456e+03
20,30,3,1.754456e+03
20,30,5,1.754456e+03
20,30,1,1.511544e+03
20,30,2,1.511544e+03
20,30,3,1.511544e+03
20,30,5,1.511544e+03
20,30,1,1.787671e+03
20,30,2,1.787671e+03
20,30,3,1.787671e+03
20,30,5,1.787671e+03
20,30,1,1.963383e+03
20,30,2,1.963383e+03
20,30,3,1.849325e+03
20,30,5,1.727488e+03
20,30,1,1.664474e+03
20,30,2,1.664474e+03
20,30,3,1.664474e+03
20,30,5,1.664474e+03
20,30,1,1.289245e+03
20,30,2,1.289245e+03
20,30,3,1.289245e+03
20,30,5,1.289245e+03
20,30,1,1.298995e+03
20,30,2,1.298995e+03
20,30,3,1.298995e+03
20,30,5,1.298995e+03
20,30,1,1.585976e+03
20,30,2,1.585976e+03
20,30,3,1.585976e+03
20,30,5,1.585976e+03
20,30,1,1.420267e+03
20,30,2,1.420267e+03
20,30,3,1.420267e+03
20,30,5,1.420267e+03
20,30,1,1.417481e+03
20,30,2,1.417481e+03
20,30,3,1.417481e+03
20,30,5,1.417481e+03
20,30,1,1.414909e+03
20,30,2,1.414909e+03
20,30,3,1.414909e+03
20,30,5,1.293964e+03
20,30,1,1.641592e+03
20,30,2,1.641592e+03
20,30,3,1.641592e+03
20,30,5,1.641592e+03
20,30,1,1.591601e+03
20,30,2,1.591601e+03
20,30,3,1.591601e+03
20,30,5,1.591601e+03
20,30,1,2.083911e+03
20,30,2,1.815393e+03
20,30,3,1.815393e+03
20,30,5,1.683146e+03
20,30,1,1.386369e+03
20,30,2,1.386369e+03
20,30,3,1.386369e+03
20,30,5,1.386369e+03
20,30,1,1.752998e+03
20,30,2,1.752998e+03
20,30,3,1.752998e+03
20,30,5,1.752998e+03
20,30,1,1.431097e+03
20,30,2,1.431097e+03
20,30,3,1.431097e+03
20,30,5,1.431097e+03
20,30,10,1.431097e+03
20,30,20,1.431097e+03
20,30,30,1.431097e+03
20,30,40,1.431097e+03
20,30,50,1.431097e+03
20,30,1,1.700033e+03
20,30,2,1.700033e+03
20,30,3,1.700033e+03
20,30,5,1.700033e+03
20,30,10,1.700033e+03
20,30,20,1.700033e+03
20,30,30,1.700033e+03
20,30,40,1.700033e+03
20,30,50,1.700033e+03
20,30,1,1.846814e+03
20,30,2,1.520027e+03
20,30,3,1.520027e+03
20,30,5,1.520027e+03
20,30,10,1.520027e+03
20,30,20,1.520027e+03
20,30,30,1.520027e+03
20,30,40,1.520027e+03
20,30,50,1.520027e+03
20,30,1,1.481389e+03
20,30,2,1.481389e+03
20,30,3,1.481389e+03
20,30,5,1.481389e+03
20,30,10,1.481389e+03
20,30,20,1.481389e+03
20,30,30,1.481389e+03
20,30,40,1.481389e+03
20,30,50,1.481389e+03
20,30,1,1.720876e+03
20,30,2,1.720876e+03
20,30,3,1.692138e+03
20,30,5,1.692138e+03
20,30,10,1.692138e+03
20,30,20,1.692138e+03
20,30,30,1.692138e+03
20,30,40,1.692138e+03
20,30,50,1.692138e+03
20,30,1,1.744252e+03
20,30,2,1.744252e+03
20,30,3,1.744252e+03
20,30,5,1.744252e+03
20,30,10,1.744252e+03
20,30,20,1.744252e+03
20,30,30,1.744252e+03
20,30,40,1.744252e+03
20,30,50,1.744252e+03
20,30,1,1.464336e+03
20,30,2,1.464336e+03
20,30,3,1.464336e+03
20,30,5,1.464336e+03
20,30,10,1.464336e+03
20,30,20,1.464336e+03
20,30,30,1.464336e+03
20,30,40,1.464336e+03
20,30,50,1.464336e+03
20,30,1,2.293111e+03
20,30,2,2.293111e+03
20,30,3,2.293111e+03
20,30,5,2.293111e+03
20,30,10,2.293111e+03
20,30,20,2.293111e+03
20,30,30,2.293111e+03
20,30,40,1.618308e+03
20,30,50,1.322306e+03
20,30,1,1.735776e+03
20,30,2,1.735776e+03
20,30,3,1.735776e+03
20,30,5,1.735776e+03
20,30,10,1.735776e+03
20,30,20,1.735776e+03
20,30,30,1.735776e+03
20,30,40,1.735776e+03
20,30,50,1.735776e+03
20,30,1,2.046812e+03
20,30,2,2.046812e+03
20,30,3,2.046812e+03
20,30,5,2.046812e+03
20,30,10,2.046812e+03
20,30,20,2.046812e+03
20,30,30,2.046812e+03
20,30,40,2.046812e+03
20,30,50,2.046812e+03
20,30,1,1.858545e+03
20,30,2,1.858545e+03
20,30,3,1.858545e+03
20,30,5,1.858545e+03
20,30,10,1.858545e+03
20,30,20,1.858545e+03
20,30,30,1.858545e+03
20,30,40,1.858545e+03
20,30,50,1.858545e+03
20,30,1,1.808436e+03
20,30,2,1.808436e+03
20,30,3,1.808436e+03
20,30,5,1.808436e+03
20,30,10,1.518111e+03
20,30,20,1.518111e+03
20,30,30,1.124776e+03
20,30,40,1.124776e+03
20,30,50,1.124776e+03
20,30,1,1.660365e+03
20,30,2,1.660365e+03
20,30,3,1.660365e+03
20,30,5,1.660365e+03
20,30,10,1.660365e+03
20,30,20,1.660365e+03
20,30,30,1.660365e+03
20,30,40,1.660365e+03
20,30,50,1.660365e+03
20,30,1,1.648366e+03
20,30,2,1.648366e+03
20,30,3,1.648366e+03
20,30,5,1.648366e+03
20,30,10,1.648366e+03
20,30,20,1.648366e+03
20,30,30,1.648366e+03
20,30,40,1.105514e+03
20,30,50,1.087038e+03
20,30,1,1.865098e+03
20,30,2,1.865098e+03
20,30,3,1.865098e+03
20,30,5,1.865098e+03
20,30,10,1.429597e+03
20,30,20,1.182904e+03
20,30,30,1.182904e+03
20,30,40,1.182904e+03
20,30,50,8.105811e+02
20,30,1,1.989898e+03
20,30,2,1.962240e+03
20,30,3,1.962240e+03
20,30,5,1.962240e+03
20,30,10,1.962240e+03
20,30,20,1.962240e+03
20,30,30,1.962240e+03
20,30,40,1.962240e+03
20,30,50,1.962240e+03
20,30,1,1.464589e+03
20,30,2,1.464589e+03
20,30,3,1.464589e+03
20,30,5,1.464589e+03
20,30,10,1.464589e+03
20,30,20,1.464589e+03
20,30,30,1.464589e+03
20,30,40,1.464589e+03
20,30,50,1.464589e+03
20,30,1,1.770013e+03
20,30,2,1.770013e+03
20,30,3,1.770013e+03
20,30,5,1.770013e+03
20,30,10,1.770013e+03
20,30,20,1.139283e+03
20,30,30,1.058356e+03
20,30,40,1.058356e+03
20,30,50,1.058356e+03
20,30,1,1.081091e+03
20,30,2,1.081091e+03
20,30,3,1.081091e+03
20,30,5,1.081091e+03
20,30,10,1.081091e+03
20,30,20,1.081091e+03
20,30,30,1.081091e+03
20,30,40,1.081091e+03
20,30,50,1.081091e+03
20,30,1,1.873424e+03
20,30,2,1.873424e+03
20,30,3,1.873424e+03
20,30,5,1.873424e+03
20,30,10,1.873424e+03
20,30,20,1.873424e+03
20,30,30,1.873424e+03
20,30,40,1.873424e+03
20,30,50,1.873424e+03
20,30,1,1.971860e+03
20,30,2,1.971860e+03
20,30,3,1.971860e+03
20,30,5,1.504813e+03
20,30,10,1.504813e+03
20,30,20,1.504813e+03
20,30,30,1.504813e+03
20,30,40,1.504813e+03
20,30,50,1.504813e+03
20,30,1,1.837457e+03
20,30,2,1.837457e+03
20,30,3,1.837457e+03
20,30,5,1.837457e+03
20,30,10,1.837457e+03
20,30,20,1.837457e+03
20,30,30,1.837457e+03
20,30,40,1.837457e+03
20,30,50,1.837457e+03
20,30,1,1.542623e+03
20,30,2,1.542623e+03
20,30,3,1.542623e+03
20,30,5,1.542623e+03
20,30,10,1.542623e+03
20,30,20,1.542623e+03
20,30,30,1.542623e+03
20,30,40,1.542623e+03
20,30,50,1.542623e+03
20,30,1,2.154415e+03
20,30,2,2.154415e+03
20,30,3,2.154415e+03
20,30,5,2.154415e+03
20,30,10,2.154415e+03
20,30,20,2.154415e+03
20,30,30,2.154415e+03
20,30,40,1.223052e+03
20,30,50,1.161945e+03
20,30,1,1.831631e+03
20,30,2,1.831631e+03
20,30,3,1.831631e+03
20,30,5,1.522222e+03
20,30,10,1.522222e+03
20,30,20,1.522222e+03
20,30,30,1.522222e+03
20,30,40,1.522222e+03
20,30,50,1.522222e+03
20,30,1,1.647294e+03
20,30,2,1.647294e+03
20,30,3,1.647294e+03
20,30,5,1.647294e+03
20,30,10,1.647294e+03
20,30,20,1.647294e+03
20,30,30,1.647294e+03
20,30,40,1.647294e+03
20,30,50,1.647294e+03
20,30,1,1.687352e+03
20,30,2,1.687352e+03
20,30,3,1.687352e+03
20,30,5,1.687352e+03
20,30,10,1.687352e+03
20,30,20,1.687352e+03
20,30,30,1.151027e+03
20,30,40,1.151027e+03
20,30,50,1.151027e+03
20,30,1,1.413277e+03
20,30,2,1.296288e+03
20,30,3,1.296288e+03
20,30,5,1.296288e+03
20,30,10,1.296288e+03
20,30,20,1.296288e+03
20,30,30,1.296288e+03
20,30,40,1.296288e+03
20,30,50,1.296288e+03
20,30,1,2.096072e+03
20,30,2,2.096072e+03
20,30,3,2.096072e+03
20,30,5,2.096072e+03
20,30,10,2.096072e+03
20,30,20,2.096072e+03
20,30,30,2.096072e+03
20,30,40,2.096072e+03
20,30,50,2.096072e+03
20,30,1,1.714835e+03
20,30,2,1.714835e+03
20,30,3,1.714835e+03
20,30,5,1.714835e+03
20,30,10,1.714835e+03
20,30,20,1.539822e+03
20,30,30,1.539822e+03
20,30,40,1.171398e+03
20,30,50,1.056747e+03
20,30,1,2.089911e+03
20,30,2,2.089911e+03
20,30,3,2.089911e+03
20,30,5,2.089911e+03
20,30,10,2.089911e+03
20,30,20,2.089911e+03
20,30,30,2.089911e+03
20,30,40,2.089911e+03
20,30,50,2.089911e+03
20,30,1,1.596677e+03
20,30,2,1.596677e+03
20,30,3,1.596677e+03
20,30,5,1.596677e+03
20,30,10,1.596677e+03
20,30,20,1.596677e+03
20,30,30,1.596677e+03
20,30,40,1.596677e+03
20,30,50,1.596677e+03
20,30,1,1.650482e+03
20,30,2,1.650482e+03
20,30,3,1.650482e+03
20,30,5,1.650482e+03
20,30,10,1.650482e+03
20,30,20,1.650482e+03
20,30,30,1.650482e+03
20,30,40,1.650482e+03
20,30,50,1.650482e+03
20,30,1,1.032799e+03
20,30,2,1.032799e+03
20,30,3,1.032799e+03
20,30,5,1.032799e+03
20,30,10,1.032799e+03
20,30,20,1.032799e+03
20,30,30,1.032799e+03
20,30,40,1.032799e+03
20,30,50,1.032799e+03
20,30,1,1.444579e+03
20,30,2,1.444579e+03
20,30,3,1.444579e+03
20,30,5,1.444579e+03
20,30,10,1.444579e+03
20,30,20,1.444579e+03
20,30,30,1.444579e+03
20,30,40,1.444579e+03
20,30,50,1.444579e+03
20,30,1,1.535941e+03
20,30,2,1.509264e+03
20,30,3,1.509264e+03
20,30,5,1.509264e+03
20,30,10,1.509264e+03
20,30,20,1.509264e+03
20,30,30,1.509264e+03
20,30,40,1.509264e+03
20,30,50,1.509264e+03
20,30,1,1.470021e+03
20,30,2,1.470021e+03
20,30,3,1.470021e+03
20,30,5,1.470021e+03
20,30,10,1.470021e+03
20,30,20,1.470021e+03
20,30,30,1.470021e+03
20,30,40,1.470021e+03
20,30,50,1.470021e+03
20,30,1,1.576364e+03
20,30,2,1.576364e+03
20,30,3,1.576364e+03
20,30,5,1.576364e+03
20,30,10,1.576364e+03
20,30,20,1.576364e+03
20,30,30,1.576364e+03
20,30,40,1.576364e+03
20,30,50,1.576364e+03
20,30,1,1.779888e+03
20,30,2,1.779888e+03
20,30,3,1.779888e+03
20,30,5,1.779888e+03
20,30,10,1.779888e+03
20,30,20,1.779888e+03
20,30,30,1.779888e+03
20,30,40,1.518676e+03
20,30,50,1.430919e+03
20,30,1,2.034476e+03
20,30,2,2.034476e+03
20,30,3,2.034476e+03
20,30,5,2.034476e+03
20,30,10,2.034476e+03
20,30,20,2.034476e+03
20,30,30,2.034476e+03
20,30,40,1.189742e+03
20,30,50,7.585162e+02
20,30,1,1.191887e+03
20,30,2,1.191887e+03
20,30,3,1.191887e+03
20,30,5,1.191887e+03
20,30,10,1.191887e+03
20,30,20,1.191887e+03
20,30,30,1.191887e+03
20,30,40,1.191887e+03
20,30,50,1.191887e+03
20,30,1,1.947149e+03
20,30,2,1.947149e+03
20,30,3,1.947149e+03
20,30,5,1.947149e+03
20,30,10,1.947149e+03
20,30,20,1.152430e+03
20,30,30,1.152430e+03
20,30,40,1.152430e+03
20,30,50,1.152430e+03
20,30,1,1.370285e+03
20,30,2,1.370285e+03
20,30,3,1.370285e+03
20,30,5,1.370285e+03
20,30,10,1.370285e+03
20,30,20,1.370285e+03
20,30,30,1.370285e+03
20,30,40,1.370285e+03
20,30,50,1.370285e+03
20,30,1,1.801777e+03
20,30,2,1.769494e+03
20,30,3,1.769494e+03
20,30,5,1.506697e+03
20,30,10,1.506697e+03
20,30,20,1.506697e+03
20,30,30,1.506697e+03
20,30,40,1.506697e+03
20,30,50,1.308756e+03
20,30,1,1.928126e+03
20,30,2,1.928126e+03
20,30,3,1.928126e+03
20,30,5,1.928126e+03
20,30,10,1.928126e+03
20,30,20,1.928126e+03
20,30,30,1.928126e+03
20,30,40,1.928126e+03
20,30,50,1.928126e+03
20,30,1,1.953779e+03
20,30,2,1.953779e+03
20,30,3,1.953779e+03
20,30,5,1.953779e+03
20,30,10,1.953779e+03
20,30,20,1.953779e+03
20,30,30,1.953779e+03
20,30,40,1.953779e+03
20,30,50,1.953779e+03
20,30,1,1.874769e+03
20,30,2,1.874769e+03
20,30,3,1.874769e+03
20,30,5,1.874769e+03
20,30,10,1.874769e+03
20,30,20,1.874769e+03
20,30,30,1.874769e+03
20,30,40,1.874769e+03
20,30,50,1.874769e+03
20,30,1,2.424734e+03
20,30,2,2.424734e+03
20,30,3,2.424734e+03
20,30,5,2.424734e+03
20,30,10,2.424734e+03
20,30,20,2.424734e+03
20,30,30,1.466655e+03
20,30,40,1.466655e+03
20,30,50,1.466655e+03
20,30,1,1.963738e+03
20,30,2,1.963738e+03
20,30,3,1.963738e+03
20,30,5,1.963738e+03
20,30,10,1.963738e+03
20,30,20,1.963738e+03
20,30,30,1.963738e+03
20,30,40,9.167812e+02
20,30,50,8.361405e+02
20,30,1,1.795067e+03
20,30,2,1.795067e+03
20,30,3,1.795067e+03
20,30,5,1.795067e+03
20,30,10,1.795067e+03
20,30,20,1.795067e+03
20,30,30,1.795067e+03
20,30,40,1.795067e+03
20,30,50,1.795067e+03
20,30,1,1.566588e+03
20,30,2,1.566588e+03
20,30,3,1.566588e+03
20,30,5,1.566588e+03
20,30,10,1.566588e+03
20,30,20,1.566588e+03
20,30,30,1.566588e+03
20,30,40,1.566588e+03
20,30,50,1.566588e+03
20,30,1,1.277380e+03
20,30,2,1.277380e+03
20,30,3,1.277380e+03
20,30,5,1.277380e+03
20,30,1,1.780127e+03
20,30,2,1.780127e+03
20,30,3,1.780127e+03
20,30,5,1.780127e+03
20,30,1,1.893462e+03
20,30,2,1.893462e+03
20,30,3,1.893462e+03
20,30,5,1.381480e+03
20,30,1,1.840552e+03
20,30,2,1.840552e+03
20,30,3,1.840552e+03
20,30,5,1.036108e+03
20,30,1,1.596389e+03
20,30,2,1.596389e+03
20,30,3,1.596389e+03
20,30,5,1.596389e+03
20,30,1,1.454635e+03
20,30,2,1.454635e+03
20,30,3,1.454635e+03
20,30,5,1.454635e+03
20,30,1,1.368498e+03
20,30,2,1.368498e+03
20,30,3,1.368498e+03
20,30,5,1.368498e+03
20,30,1,1.819507e+03
20,30,2,1.581064e+03
20,30,3,1.581064e+03
20,30,5,1.188461e+03
20,30,1,1.508414e+03
20,30,2,1.508414e+03
20,30,3,1.508414e+03
20,30,5,1.431816e+03
20,30,1,1.731823e+03
20,30,2,1.731823e+03
20,30,3,1.731823e+03
20,30,5,1.731823e+03
20,30,1,1.424509e+03
20,30,2,1.424509e+03
20,30,3,1.424509e+03
20,30,5,1.424509e+03
20,30,1,1.923455e+03
20,30,2,1.923455e+03
20,30,3,1.923455e+03
20,30,5,1.785868e+03
20,30,1,1.694608e+03
20,30,2,1.694608e+03
20,30,3,1.694608e+03
20,30,5,1.694608e+03
20,30,1,1.628832e+03
20,30,2,1.628832e+03
20,30,3,1.628832e+03
20,30,5,1.564495e+03
20,30,1,1.776072e+03
20,30,2,1.727894e+03
20,30,3,1.608737e+03
20,30,5,1.608737e+03
20,30,1,2.013707e+03
20,30,2,2.013707e+03
20,30,3,2.013707e+03
20,30,5,2.013707e+03
20,30,1,1.302519e+03
20,30,2,1.302519e+03
20,30,3,1.302519e+03
20,30,5,1.302519e+03
20,30,1,1.563656e+03
20,30,2,1.193952e+03
20,30,3,1.193952e+03
20,30,5,1.193952e+03
20,30,1,2.082778e+03
20,30,2,2.082778e+03
20,30,3,1.421930e+03
20,30,5,1.052962e+03
20,30,1,2.000389e+03
20,30,2,2.000389e+03
20,30,3,2.000389e+03
20,30,5,2.000389e+03
20,30,1,1.668363e+03
20,30,2,1.668363e+03
20,30,3,1.668363e+03
20,30,5,1.668363e+03
20,30,1,1.460616e+03
20,30,2,1.460616e+03
20,30,3,1.460616e+03
20,30,5,1.460616e+03
20,30,1,1.703350e+03
20,30,2,1.156237e+03
20,30,3,1.156237e+03
20,30,5,1.156237e+03
20,30,1,1.289233e+03
20,30,2,1.289233e+03
20,30,3,1.289233e+03
20,30,5,1.289233e+03
20,30,1,1.262992e+03
20,30,2,1.262992e+03
20,30,3,1.262992e+03
20,30,5,1.262992e+03
20,30,1,2.007556e+03
20,30,2,2.007556e+03
20,30,3,2.007556e+03
20,30,5,2.007556e+03
20,30,1,1.922539e+03
20,30,2,1.922539e+03
20,30,3,1.922539e+03
20,30,5,1.573404e+03
20,30,1,2.157137e+03
20,30,2,2.157137e+03
20,30,3,2.157137e+03
20,30,5,1.747897e+03
20,30,1,1.824814e+03
20,30,2,1.824814e+03
20,30,3,1.824814e+03
20,30,5,1.824814e+03
20,30,1,1.850606e+03
20,30,2,1.850606e+03
20,30,3,1.850606e+03
20,30,5,1.466873e+03
20,30,1,1.381497e+03
20,30,2,1.381497e+03
20,30,3,1.381497e+03
20,30,5,1.381497e+03
20,30,1,1.787303e+03
20,30,2,1.787303e+03
20,30,3,1.787303e+03
20,30,5,1.787303e+03
20,30,1,1.572738e+03
20,30,2,1.572738e+03
20,30,3,1.572738e+03
20,30,5,1.572738e+03
20,30,1,1.649274e+03
20,30,2,1.649274e+03
20,30,3,1.649274e+03
20,30,5,1.649274e+03
20,30,1,1.390515e+03
20,30,2,1.390515e+03
20,30,3,1.390515e+03
20,30,5,1.390515e+03
20,30,1,1.884407e+03
20,30,2,1.884407e+03
20,30,3,1.884407e+03
20,30,5,1.112998e+03
20,30,1,1.428893e+03
20,30,2,1.428893e+03
20,30,3,1.428893e+03
20,30,5,1.428893e+03
20,30,1,1.523963e+03
20,30,2,1.523963e+03
20,30,3,1.523963e+03
20,30,5,1.284216e+03
20,30,1,2.107919e+03
20,30,2,2.107919e+03
20,30,3,2.107919e+03
20,30,5,2.107919e+03
20,30,1,1.747372e+03
20,30,2,1.747372e+03
20,30,3,1.747372e+03
20,30,5,1.747372e+03
20,30,1,1.531267e+03
20,30,2,1.531267e+03
20,30,3,1.531267e+03
20,30,5,1.531267e+03
20,30,1,1.922522e+03
20,30,2,1.922522e+03
20,30,3,1.922522e+03
20,30,5,1.638814e+03
20,30,1,1.633816e+03
20,30,2,1.633816e+03
20,30,3,1.633816e+03
20,30,5,1.633816e+03
20,30,1,1.561643e+03
20,30,2,1.561643e+03
20,30,3,1.561643e+03
20,30,5,1.561643e+03
20,30,1,2.119897e+03
20,30,2,2.119897e+03
20,30,3,2.119897e+03
20,30,5,2.119897e+03
20,30,1,1.558582e+03
20,30,2,1.558582e+03
20,30,3,1.558582e+03
20,30,5,1.558582e+03
20,30,1,1.805199e+03
20,30,2,1.805199e+03
20,30,3,1.805199e+03
20,30,5,1.805199e+03
20,30,1,2.003674e+03
20,30,2,2.003674e+03
20,30,3,2.003674e+03
20,30,5,2.003674e+03
20,30,1,9.028724e+02
20,30,2,9.028724e+02
20,30,3,9.028724e+02
20,30,5,9.028724e+02
20,30,1,1.904777e+03
20,30,2,1.904777e+03
20,30,3,1.904777e+03
20,30,5,1.904777e+03
20,30,1,1.947068e+03
20,30,2,1.947068e+03
20,30,3,1.947068e+03
20,30,5,1.947068e+03
20,30,1,1.508918e+03
20,30,2,1.508918e+03
20,30,3,1.508918e+03
20,30,5,1.508918e+03
20,30,1,1.581196e+03
20,30,2,1.581196e+03
20,30,3,1.581196e+03
20,30,5,1.492787e+03
20,30,1,1.566037e+03
20,30,2,1.566037e+03
20,30,3,1.566037e+03
20,30,5,1.566037e+03
20,30,1,1.200070e+03
20,30,2,1.200070e+03
20,30,3,1.200070e+03
20,30,5,1.200070e+03
20,30,1,2.005428e+03
20,30,2,2.005428e+03
20,30,3,2.005428e+03
20,30,5,1.529755e+03
20,30,1,1.655075e+03
20,30,2,1.655075e+03
20,30,3,1.655075e+03
20,30,5,1.500569e+03
20,30,1,1.572324e+03
20,30,2,1.499025e+03
20,30,3,1.499025e+03
20,30,5,1.271274e+03
20,30,1,1.797678e+03
20,30,2,1.797678e+03
20,30,3,1.797678e+03
20,30,5,1.797678e+03
20,30,1,1.318979e+03
20,30,2,1.318979e+03
20,30,3,1.318979e+03
20,30,5,1.318979e+03
20,30,1,1.691673e+03
20,30,2,1.691673e+03
20,30,3,1.691673e+03
20,30,5,1.691673e+03
20,30,1,1.582354e+03
20,30,2,1.582354e+03
20,30,3,1.582354e+03
20,30,5,1.582354e+03
20,30,1,1.452961e+03
20,30,2,1.452961e+03
20,30,3,1.452961e+03
20,30,5,1.452961e+03
20,30,1,2.079218e+03
20,30,2,1.767579e+03
20,30,3,1.767579e+03
20,30,5,1.240677e+03
20,30,1,1.356201e+03
20,30,2,1.356201e+03
20,30,3,1.356201e+03
20,30,5,1.356201e+03
20,30,1,1.957235e+03
20,30,2,1.957235e+03
20,30,3,1.957235e+03
20,30,5,1.957235e+03
20,30,1,1.540032e+03
20,30,2,1.540032e+03
20,30,3,1.540032e+03
20,30,5,1.540032e+03
20,30,1,1.670057e+03
20,30,2,1.670057e+03
20,30,3,1.670057e+03
20,30,5,1.670057e+03
20,30,1,1.533558e+03
20,30,2,1.533558e+03
20,30,3,1.533558e+03
20,30,5,1.533558e+03
20,30,1,9.701134e+02
20,30,2,9.701134e+02
20,30,3,9.701134e+02
20,30,5,9.701134e+02
20,30,1,1.911952e+03
20,30,2,1.911952e+03
20,30,3,1.911952e+03
20,30,5,1.911952e+03
20,30,1,1.613307e+03
20,30,2,1.613307e+03
20,30,3,1.613307e+03
20,30,5,1.613307e+03
20,30,1,1.879667e+03
20,30,2,1.879667e+03
20,30,3,1.879667e+03
20,30,5,1.879667e+03
20,30,1,1.971513e+03
20,30,2,1.971513e+03
20,30,3,1.971513e+03
20,30,5,1.971513e+03
20,30,1,1.737999e+03
20,30,2,1.737999e+03
20,30,3,1.737999e+03
20,30,5,1.737999e+03
20,30,1,1.654639e+03
20,30,2,1.654639e+03
20,30,3,1.654639e+03
20,30,5,1.182946e+03
20,30,1,1.346569e+03
20,30,2,1.346569e+03
20,30,3,1.346569e+03
20,30,5,1.346569e+03
20,30,1,1.718228e+03
20,30,2,1.718228e+03
20,30,3,1.718228e+03
20,30,5,1.718228e+03
20,30,1,1.371071e+03
20,30,2,1.371071e+03
20,30,3,1.371071e+03
20,30,5,1.371071e+03
20,30,1,1.702400e+03
20,30,2,1.702400e+03
20,30,3,1.702400e+03
20,30,5,1.702400e+03
20,30,1,2.053845e+03
20,30,2,2.053845e+03
20,30,3,1.612306e+03
20,30,5,1.438723e+03
20,30,1,1.400164e+03
20,30,2,1.400164e+03
20,30,3,1.400164e+03
20,30,5,1.366732e+03
20,30,1,1.949396e+03
20,30,2,1.949396e+03
20,30,3,1.949396e+03
20,30,5,1.949396e+03
20,30,1,1.665364e+03
20,30,2,1.665364e+03
20,30,3,1.665364e+03
20,30,5,1.665364e+03
20,30,1,1.854196e+03
20,30,2,1.854196e+03
20,30,3,1.854196e+03
20,30,5,1.854196e+03
20,30,1,2.173244e+03
20,30,2,2.173244e+03
20,30,3,2.173244e+03
20,30,5,2.173244e+03
20,30,1,1.740313e+03
20,30,2,1.740313e+03
20,30,3,1.740313e+03
20,30,5,1.740313e+03
20,30,1,1.310887e+03
20,30,2,1.310887e+03
20,30,3,1.310887e+03
20,30,5,1.310887e+03
20,30,1,1.296638e+03
20,30,2,1.296638e+03
20,30,3,1.296638e+03
20,30,5,1.296638e+03
20,30,1,2.113633e+03
20,30,2,2.113633e+03
20,30,3,2.113633e+03
20,30,5,2.113633e+03
20,30,1,1.190193e+03
20,30,2,1.190193e+03
20,30,3,1.190193e+03
20,30,5,1.190193e+03
20,30,1,1.869032e+03
20,30,2,1.869032e+03
20,30,3,1.869032e+03
20,30,5,1.869032e+03
20,30,1,2.195215e+03
20,30,2,2.195215e+03
20,30,3,2.195215e+03
20,30,5,2.195215e+03
20,30,1,1.419203e+03
20,30,2,1.419203e+03
20,30,3,1.419203e+03
20,30,5,1.419203e+03
20,30,1,1.822485e+03
20,30,2,1.822485e+03
20,30,3,1.822485e+03
20,30,5,1.822485e+03
20,30,1,1.562015e+03
20,30,2,1.562015e+03
20,30,3,1.562015e+03
20,30,5,1.562015e+03
20,30,1,1.106879e+03
20,30,2,1.106879e+03
20,30,3,1.106879e+03
20,30,5,1.106879e+03
20,30,1,1.989391e+03
20,30,2,1.989391e+03
20,30,3,1.989391e+03
20,30,5,1.408278e+03
20,30,1,1.594069e+03
20,30,2,1.594069e+03
20,30,3,1.594069e+03
20,30,5,1.594069e+03
20,30,1,1.835353e+03
20,30,2,1.835353e+03
20,30,3,1.835353e+03
20,30,5,1.835353e+03
20,30,1,2.090811e+03
20,30,2,2.090811e+03
20,30,3,2.090811e+03
20,30,5,2.090811e+03
20,30,1,1.754548e+03
20,30,2,1.754548e+03
20,30,3,1.754548e+03
20,30,5,1.673339e+03
20,30,1,1.745206e+03
20,30,2,1.745206e+03
20,30,3,1.745206e+03
20,30,5,1.745206e+03
20,30,1,1.335349e+03
20,30,2,1.335349e+03
20,30,3,1.335349e+03
20,30,5,1.335349e+03
20,30,1,1.901933e+03
20,30,2,1.901933e+03
20,30,3,1.901933e+03
20,30,5,1.901933e+03
20,30,1,1.807099e+03
20,30,2,1.807099e+03
20,30,3,1.807099e+03
20,30,5,1.807099e+03
20,30,1,1.718285e+03
20,30,2,1.718285e+03
20,30,3,1.718285e+03
20,30,5,1.718285e+03
20,30,1,2.064949e+03
20,30,2,2.064949e+03
20,30,3,2.064949e+03
20,30,5,2.064949e+03
20,30,1,1.800334e+03
20,30,2,1.658234e+03
20,30,3,1.397427e+03
20,30,5,8.332635e+02
20,30,1,1.956104e+03
20,30,2,1.956104e+03
20,30,3,1.956104e+03
20,30,5,1.956104e+03
20,30,1,1.486612e+03
20,30,2,1.486612e+03
20,30,3,1.486612e+03
20,30,5,1.486612e+03
20,30,1,1.808910e+03
20,30,2,1.808910e+03
20,30,3,1.808910e+03
20,30,5,1.638280e+03
20,30,1,1.652993e+03
20,30,2,1.652993e+03
20,30,3,1.652993e+03
20,30,5,1.285715e+03
20,30,1,1.456442e+03
20,30,2,1.456442e+03
20,30,3,1.456442e+03
20,30,5,1.456442e+03
20,30,1,1.430997e+03
20,30,2,1.430997e+03
20,30,3,1.430997e+03
20,30,5,1.430997e+03
20,30,1,1.707054e+03
20,30,2,1.707054e+03
20,30,3,1.707054e+03
20,30,5,1.707054e+03
20,30,1,1.771033e+03
20,30,2,1.771033e+03
20,30,3,1.771033e+03
20,30,5,1.771033e+03
20,30,1,1.483600e+03
20,30,2,1.483600e+03
20,30,3,1.483600e+03
20,30,5,1.483600e+03
20,30,1,1.721388e+03
20,30,2,1.721388e+03
20,30,3,1.721388e+03
20,30,5,1.638911e+03
20,30,1,1.902879e+03
20,30,2,9.579431e+02
20,30,3,9.579431e+02
20,30,5,9.579431e+02
20,30,1,1.836169e+03
20,30,2,1.836169e+03
20,30,3,1.718308e+03
20,30,5,1.373441e+03
20,30,1,1.891558e+03
20,30,2,1.891558e+03
20,30,3,1.891558e+03
20,30,5,9.433314e+02
20,30,1,1.640594e+03
20,30,2,1.640594e+03
20,30,3,1.640594e+03
20,30,5,1.640594e+03
20,30,1,1.801932e+03
20,30,2,1.801932e+03
20,30,3,1.801932e+03
20,30,5,1.801932e+03
20,30,1,1.527522e+03
20,30,2,1.527522e+03
20,30,3,1.527522e+03
20,30,5,1.288903e+03
20,30,1,1.659762e+03
20,30,2,1.659762e+03
20,30,3,1.659762e+03
20,30,5,1.659762e+03
20,30,1,1.054438e+03
20,30,2,1.054438e+03
20,30,3,1.054438e+03
20,30,5,1.054438e+03
20,30,1,1.588939e+03
20,30,2,1.588939e+03
20,30,3,1.588939e+03
20,30,5,1.588939e+03
20,30,1,1.732898e+03
20,30,2,1.732898e+03
20,30,3,1.732898e+03
20,30,5,1.732898e+03
20,30,1,1.741683e+03
20,30,2,1.741683e+03
20,30,3,1.741683e+03
20,30,5,1.741683e+03
20,30,1,1.468319e+03
20,30,2,1.468319e+03
20,30,3,1.468319e+03
20,30,5,1.468319e+03
20,30,1,1.110100e+03
20,30,2,1.110100e+03
20,30,3,1.110100e+03
20,30,5,1.110100e+03
20,30,1,1.929035e+03
20,30,2,1.929035e+03
20,30,3,1.929035e+03
20,30,5,1.929035e+03
20,30,1,1.664605e+03
20,30,2,1.664605e+03
20,30,3,1.664605e+03
20,30,5,1.664605e+03
20,30,1,1.994640e+03
20,30,2,1.994640e+03
20,30,3,1.994640e+03
20,30,5,1.434131e+03
20,30,1,1.783782e+03
20,30,2,1.783782e+03
20,30,3,1.783782e+03
20,30,5,1.783782e+03
20,30,1,2.167063e+03
20,30,2,2.167063e+03
20,30,3,2.167063e+03
20,30,5,2.167063e+03
20,30,1,1.769613e+03
20,30,2,1.769613e+03
20,30,3,1.769613e+03
20,30,5,1.769613e+03
20,30,1,1.688772e+03
20,30,2,1.688772e+03
20,30,3,1.688772e+03
20,30,5,1.688772e+03
20,30,1,1.697308e+03
20,30,2,1.697308e+03
20,30,3,1.697308e+03
20,30,5,1.035066e+03
20,30,1,1.633932e+03
20,30,2,1.633932e+03
20,30,3,1.633932e+03
20,30,5,1.187307e+03
20,30,1,1.298967e+03
20,30,2,1.298967e+03
20,30,3,1.298967e+03
20,30,5,1.298967e+03
20,30,1,2.144565e+03
20,30,2,2.144565e+03
20,30,3,2.144565e+03
20,30,5,2.144565e+03
20,30,1,1.588301e+03
20,30,2,1.588301e+03
20,30,3,1.588301e+03
20,30,5,1.588301e+03
20,30,1,1.873195e+03
20,30,2,1.873195e+03
20,30,3,1.873195e+03
20,30,5,1.490730e+03
20,30,1,1.669899e+03
20,30,2,1.669899e+03
20,30,3,1.669899e+03
20,30,5,1.669899e+03
20,30,1,1.773904e+03
20,30,2,1.773904e+03
20,30,3,1.773904e+03
20,30,5,1.773904e+03
20,30,1,1.760099e+03
20,30,2,1.760099e+03
20,30,3,1.679327e+03
20,30,5,1.679327e+03
20,30,1,1.763303e+03
20,30,2,1.763303e+03
20,30,3,1.763303e+03
20,30,5,1.763303e+03
20,30,1,1.428458e+03
20,30,2,1.428458e+03
20,30,3,1.428458e+03
20,30,5,1.428458e+03
20,30,1,1.782472e+03
20,30,2,1.782472e+03
20,30,3,1.782472e+03
20,30,5,1.707487e+03
20,30,1,1.821836e+03
20,30,2,1.821836e+03
20,30,3,1.821836e+03
20,30,5,1.390224e+03
20,30,1,1.756447e+03
20,30,2,1.756447e+03
20,30,3,1.756447e+03
20,30,5,1.756447e+03
20,30,1,1.266421e+03
20,30,2,1.266421e+03
20,30,3,1.266421e+03
20,30,5,1.266421e+03
20,30,1,1.310798e+03
20,30,2,1.310798e+03
20,30,3,1.310798e+03
20,30,5,1.310798e+03
20,30,1,1.887001e+03
20,30,2,1.279171e+03
20,30,3,1.279171e+03
20,30,5,1.279171e+03
20,30,1,1.471411e+03
20,30,2,1.471411e+03
20,30,3,1.471411e+03
20,30,5,1.471411e+03
20,30,1,1.725873e+03
20,30,2,1.646162e+03
20,30,3,1.646162e+03
20,30,5,1.646162e+03
20,30,1,1.688650e+03
20,30,2,1.341695e+03
20,30,3,1.341695e+03
20,30,5,1.267796e+03
20,30,1,1.474422e+03
20,30,2,1.474422e+03
20,30,3,1.474422e+03
20,30,5,1.474422e+03
20,30,1,1.566328e+03
20,30,2,1.566328e+03
20,30,3,1.566328e+03
20,30,5,1.566328e+03
20,30,1,1.594571e+03
20,30,2,1.594571e+03
20,30,3,1.197482e+03
20,30,5,1.197482e+03
20,30,1,1.430716e+03
20,30,2,1.430716e+03
20,30,3,1.430716e+03
20,30,5,1.430716e+03
20,30,1,1.703342e+03
20,30,2,1.703342e+03
20,30,3,1.703342e+03
20,30,5,1.703342e+03
20,30,1,1.767240e+03
20,30,2,1.183172e+03
20,30,3,1.183172e+03
20,30,5,1.183172e+03
20,30,1,1.623611e+03
20,30,2,1.623611e+03
20,30,3,1.623611e+03
20,30,5,1.623611e+03
20,30,1,1.684404e+03
20,30,2,1.428354e+03
20,30,3,1.238532e+03
20,30,5,1.238532e+03
20,30,1,1.484632e+03
20,30,2,1.484632e+03
20,30,3,1.484632e+03
20,30,5,1.328683e+03
20,30,1,1.506700e+03
20,30,2,1.506700e+03
20,30,3,1.506700e+03
20,30,5,1.506700e+03
20,30,1,1.305379e+03
20,30,2,1.305379e+03
20,30,3,1.305379e+03
20,30,5,1.305379e+03
20,30,1,1.729496e+03
20,30,2,1.719047e+03
20,30,3,1.490167e+03
20,30,5,1.466525e+03
20,30,1,1.713071e+03
20,30,2,1.563423e+03
20,30,3,1.563423e+03
20,30,5,1.519048e+03
20,30,1,1.569348e+03
20,30,2,1.569348e+03
20,30,3,1.509824e+03
20,30,5,1.509824e+03
20,30,1,1.212904e+03
20,30,2,1.212904e+03
20,30,3,1.212904e+03
20,30,5,1.212904e+03
20,30,1,1.540963e+03
20,30,2,1.540963e+03
20,30,3,1.540963e+03
20,30,5,1.540963e+03
20,30,1,1.449862e+03
20,30,2,1.449862e+03
20,30,3,1.449862e+03
20,30,5,1.449862e+03
20,30,1,1.793557e+03
20,30,2,1.569719e+03
20,30,3,1.563406e+03
20,30,5,1.563406e+03
20,30,1,1.617163e+03
20,30,2,1.568708e+03
20,30,3,1.568708e+03
20,30,5,1.481839e+03
20,30,1,1.652644e+03
20,30,2,1.307062e+03
20,30,3,1.307062e+03
20,30,5,1.307062e+03
20,30,1,1.542131e+03
20,30,2,1.542131e+03
20,30,3,1.452525e+03
20,30,5,1.452525e+03
20,30,1,1.583784e+03
20,30,2,1.583784e+03
20,30,3,1.583784e+03
20,30,5,1.583784e+03
20,30,1,1.595705e+03
20,30,2,1.586085e+03
20,30,3,1.586085e+03
20,30,5,1.124306e+03
20,30,1,1.416212e+03
20,30,2,1.416212e+03
20,30,3,1.416212e+03
20,30,5,1.416212e+03
20,30,1,1.631218e+03
20,30,2,1.370663e+03
20,30,3,1.370663e+03
20,30,5,1.370663e+03
20,30,1,1.472427e+03
20,30,2,1.472427e+03
20,30,3,1.472427e+03
20,30,5,1.472427e+03
20,30,1,1.585947e+03
20,30,2,1.585947e+03
20,30,3,1.585947e+03
20,30,5,1.242569e+03
20,30,1,9.756996e+02
20,30,2,9.756996e+02
20,30,3,9.756996e+02
20,30,5,9.756996e+02
20,30,1,1.641949e+03
20,30,2,1.641949e+03
20,30,3,1.407335e+03
20,30,5,1.241723e+03
20,30,1,1.696222e+03
20,30,2,1.553430e+03
20,30,3,1.553430e+03
20,30,5,1.553430e+03
20,30,1,1.153615e+03
20,30,2,1.153615e+03
20,30,3,1.153615e+03
20,30,5,1.153615e+03
20,30,1,1.636929e+03
20,30,2,1.303635e+03
20,30,3,1.303635e+03
20,30,5,1.303635e+03
20,30,1,1.298538e+03
20,30,2,1.298538e+03
20,30,3,1.298538e+03
20,30,5,1.298538e+03
20,30,1,1.060678e+03
20,30,2,1.060678e+03
20,30,3,1.060678e+03
20,30,5,1.060678e+03
20,30,1,9.949730e+02
20,30,2,9.949730e+02
20,30,3,9.949730e+02
20,30,5,9.949730e+02
20,30,1,1.643458e+03
20,30,2,1.471638e+03
20,30,3,1.471638e+03
20,30,5,1.471638e+03
20,30,1,1.599342e+03
20,30,2,1.599342e+03
20,30,3,1.599342e+03
20,30,5,1.599342e+03
20,30,1,1.487309e+03
20,30,2,1.487309e+03
20,30,3,1.487309e+03
20,30,5,1.487309e+03
20,30,1,1.396884e+03
20,30,2,1.396884e+03
20,30,3,1.396884e+03
20,30,5,1.396884e+03
20,30,1,1.672133e+03
20,30,2,1.672133e+03
20,30,3,1.672133e+03
20,30,5,1.672133e+03
20,30,1,1.542536e+03
20,30,2,1.542536e+03
20,30,3,1.477819e+03
20,30,5,1.477819e+03
20,30,1,1.585184e+03
20,30,2,1.158354e+03
20,30,3,1.158354e+03
20,30,5,1.158354e+03
20,30,1,1.497254e+03
20,30,2,1.497254e+03
20,30,3,1.497254e+03
20,30,5,1.497254e+03
20,30,1,1.721511e+03
20,30,2,1.593205e+03
20,30,3,1.523034e+03
20,30,5,1.523034e+03
20,30,1,1.105631e+03
20,30,2,1.105631e+03
20,30,3,1.105631e+03
20,30,5,1.105631e+03
