funcid,dim,milestone,error
4,30,1,2.164227e+04
4,30,2,2.164227e+04
4,30,3,2.164227e+04
4,30,5,2.164227e+04
4,30,1,2.119766e+04
4,30,2,2.119766e+04
4,30,3,2.119766e+04
4,30,5,2.119766e+04
4,30,1,1.532120e+04
4,30,2,1.532120e+04
4,30,3,1.532120e+04
4,30,5,1.532120e+04
4,30,1,5.310156e+04
4,30,2,5.310156e+04
4,30,3,5.310156e+04
4,30,5,5.310156e+04
4,30,1,4.027740e+04
4,30,2,4.027740e+04
4,30,3,4.027740e+04
4,30,5,6.083942e+03
4,30,1,3.212801e+04
4,30,2,3.212801e+04
4,30,3,3.212801e+04
4,30,5,1.415814e+04
4,30,1,2.063632e+04
4,30,2,2.063632e+04
4,30,3,2.063632e+04
4,30,5,2.063632e+04
4,30,1,2.067584e+04
4,30,2,2.067584e+04
4,30,3,2.067584e+04
4,30,5,1.047889e+04
4,30,1,1.363792e+04
4,30,2,1.363792e+04
4,30,3,1.363792e+04
4,30,5,1.363792e+04
4,30,1,2.689809e+04
4,30,2,2.689809e+04
4,30,3,2.689809e+04
4,30,5,2.689809e+04
4,30,1,3.810813e+04
4,30,2,3.810813e+04
4,30,3,3.810813e+04
4,30,5,8.245974e+03
4,30,1,1.612879e+04
4,30,2,1.612879e+04
4,30,3,1.612879e+04
4,30,5,1.612879e+04
4,30,1,2.511639e+04
4,30,2,2.511639e+04
4,30,3,2.511639e+04
4,30,5,2.511639e+04
4,30,1,4.638527e+04
4,30,2,4.638527e+04
4,30,3,4.638527e+04
4,30,5,1.963405e+04
4,30,1,2.628726e+04
4,30,2,2.628726e+04
4,30,3,2.628726e+04
4,30,5,2.628726e+04
4,30,1,2.339360e+04
4,30,2,2.339360e+04
4,30,3,2.339360e+04
4,30,5,2.164318e+04
4,30,1,1.917617e+04
4,30,2,1.917617e+04
4,30,3,1.917617e+04
4,30,5,1.917617e+04
4,30,1,2.755407e+04
4,30,2,2.755407e+04
4,30,3,2.755407e+04
4,30,5,7.919701e+03
4,30,1,3.038389e+04
4,30,2,2.572100e+04
4,30,3,1.401327e+04
4,30,5,9.459031e+03
4,30,1,6.642373e+04
4,30,2,6.642373e+04
4,30,3,6.642373e+04
4,30,5,1.196526e+04
4,30,1,1.523513e+04
4,30,2,1.523513e+04
4,30,3,1.523513e+04
4,30,5,1.523513e+04
4,30,1,6.227456e+04
4,30,2,2.778573e+04
4,30,3,2.778573e+04
4,30,5,5.764200e+03
4,30,1,2.012272e+04
4,30,2,2.012272e+04
4,30,3,2.012272e+04
4,30,5,1.544274e+04
4,30,1,2.426738e+04
4,30,2,2.426738e+04
4,30,3,2.426738e+04
4,30,5,2.426738e+04
4,30,1,1.373080e+04
4,30,2,1.373080e+04
4,30,3,1.373080e+04
4,30,5,1.373080e+04
4,30,1,2.825502e+04
4,30,2,2.825502e+04
4,30,3,2.825502e+04
4,30,5,2.825502e+04
4,30,1,1.455359e+04
4,30,2,1.455359e+04
4,30,3,1.455359e+04
4,30,5,1.455359e+04
4,30,1,2.065099e+04
4,30,2,2.065099e+04
4,30,3,2.065099e+04
4,30,5,2.065099e+04
4,30,1,5.248042e+04
4,30,2,5.248042e+04
4,30,3,5.248042e+04
4,30,5,5.248042e+04
4,30,1,1.908642e+04
4,30,2,1.908642e+04
4,30,3,1.908642e+04
4,30,5,1.266953e+04
4,30,1,1.129680e+04
4,30,2,1.129680e+04
4,30,3,1.129680e+04
4,30,5,1.129680e+04
4,30,1,3.283761e+04
4,30,2,2.284618e+04
4,30,3,1.863357e+04
4,30,5,1.863357e+04
4,30,1,2.680590e+04
4,30,2,2.680590e+04
4,30,3,2.680590e+04
4,30,5,1.167291e+04
4,30,1,1.451062e+04
4,30,2,1.451062e+04
4,30,3,1.451062e+04
4,30,5,1.451062e+04
4,30,1,3.477700e+04
4,30,2,3.477700e+04
4,30,3,2.876344e+04
4,30,5,3.332898e+03
4,30,1,1.865105e+04
4,30,2,1.865105e+04
4,30,3,1.865105e+04
4,30,5,1.865105e+04
4,30,1,2.103014e+04
4,30,2,2.103014e+04
4,30,3,2.103014e+04
4,30,5,2.103014e+04
4,30,1,2.480247e+04
4,30,2,2.480247e+04
4,30,3,2.480247e+04
4,30,5,1.137905e+04
4,30,1,1.659807e+04
4,30,2,1.659807e+04
4,30,3,1.659807e+04
4,30,5,1.659807e+04
4,30,1,3.096695e+04
4,30,2,3.096695e+04
4,30,3,3.096695e+04
4,30,5,1.821766e+04
4,30,1,2.016133e+04
4,30,2,2.016133e+04
4,30,3,2.016133e+04
4,30,5,2.016133e+04
4,30,1,5.639570e+04
4,30,2,5.639570e+04
4,30,3,5.639570e+04
4,30,5,5.276958e+03
4,30,1,2.342606e+04
4,30,2,2.342606e+04
4,30,3,2.342606e+04
4,30,5,2.342606e+04
4,30,1,1.997759e+04
4,30,2,1.997759e+04
4,30,3,1.997759e+04
4,30,5,1.997759e+04
4,30,1,1.694720e+04
4,30,2,1.694720e+04
4,30,3,1.694720e+04
4,30,5,6.597458e+03
4,30,1,4.268904e+04
4,30,2,4.268904e+04
4,30,3,4.268904e+04
4,30,5,4.268904e+04
4,30,1,2.557271e+04
4,30,2,2.557271e+04
4,30,3,2.557271e+04
4,30,5,1.514339e+04
4,30,1,5.200584e+04
4,30,2,5.200584e+04
4,30,3,5.200584e+04
4,30,5,5.200584e+04
4,30,1,4.551313e+04
4,30,2,4.551313e+04
4,30,3,4.551313e+04
4,30,5,8.785715e+03
4,30,1,2.563909e+04
4,30,2,2.563909e+04
4,30,3,1.559789e+04
4,30,5,6.538854e+03
4,30,1,2.020055e+04
4,30,2,2.020055e+04
4,30,3,1.255498e+04
4,30,5,1.232452e+04
4,30,1,2.914508e+04
4,30,2,2.914508e+04
4,30,3,2.914508e+04
4,30,5,2.914508e+04
4,30,1,2.875838e+04
4,30,2,2.875838e+04
4,30,3,2.875838e+04
4,30,5,3.823466e+03
4,30,1,4.055613e+04
4,30,2,4.055613e+04
4,30,3,4.055613e+04
4,30,5,3.172917e+03
4,30,1,2.453806e+04
4,30,2,2.453806e+04
4,30,3,2.453806e+04
4,30,5,2.453806e+04
4,30,1,6.782866e+04
4,30,2,6.782866e+04
4,30,3,6.782866e+04
4,30,5,6.782866e+04
4,30,1,1.691260e+04
4,30,2,1.691260e+04
4,30,3,1.691260e+04
4,30,5,1.691260e+04
4,30,1,2.099360e+04
4,30,2,2.099360e+04
4,30,3,2.099360e+04
4,30,5,9.947618e+03
4,30,1,7.056568e+04
4,30,2,7.056568e+04
4,30,3,7.056568e+04
4,30,5,7.056568e+04
4,30,1,2.388811e+04
4,30,2,2.388811e+04
4,30,3,2.388811e+04
4,30,5,2.388811e+04
4,30,1,2.863305e+04
4,30,2,2.863305e+04
4,30,3,2.863305e+04
4,30,5,2.863305e+04
4,30,1,3.417398e+04
4,30,2,3.417398e+04
4,30,3,3.417398e+04
4,30,5,3.417398e+04
4,30,1,8.771627e+04
4,30,2,8.771627e+04
4,30,3,8.771627e+04
4,30,5,8.771627e+04
4,30,1,2.918216e+04
4,30,2,2.918216e+04
4,30,3,2.918216e+04
4,30,5,2.918216e+04
4,30,1,2.323485e+04
4,30,2,2.323485e+04
4,30,3,2.323485e+04
4,30,5,2.241993e+04
4,30,1,2.394204e+04
4,30,2,2.394204e+04
4,30,3,2.394204e+04
4,30,5,5.390240e+03
4,30,1,2.357289e+04
4,30,2,2.357289e+04
4,30,3,2.357289e+04
4,30,5,1.058354e+04
4,30,1,2.336972e+04
4,30,2,2.336972e+04
4,30,3,2.336972e+04
4,30,5,2.336972e+04
4,30,1,1.385761e+04
4,30,2,1.385761e+04
4,30,3,1.385761e+04
4,30,5,1.385761e+04
4,30,1,7.832926e+04
4,30,2,7.832926e+04
4,30,3,7.832926e+04
4,30,5,7.832926e+04
4,30,1,1.837250e+04
4,30,2,1.837250e+04
4,30,3,1.837250e+04
4,30,5,1.837250e+04
4,30,1,6.179927e+04
4,30,2,6.179927e+04
4,30,3,6.179927e+04
4,30,5,1.322594e+04
4,30,1,2.481263e+04
4,30,2,2.481263e+04
4,30,3,2.481263e+04
4,30,5,1.313707e+04
4,30,1,6.012784e+04
4,30,2,6.012784e+04
4,30,3,6.012784e+04
4,30,5,6.012784e+04
4,30,1,2.692739e+04
4,30,2,2.171114e+04
4,30,3,2.171114e+04
4,30,5,5.368868e+03
4,30,1,1.831228e+04
4,30,2,1.831228e+04
4,30,3,1.831228e+04
4,30,5,1.831228e+04
4,30,1,2.310674e+04
4,30,2,2.310674e+04
4,30,3,2.310674e+04
4,30,5,2.310674e+04
4,30,1,2.957726e+04
4,30,2,2.957726e+04
4,30,3,2.957726e+04
4,30,5,2.957726e+04
4,30,1,2.282552e+04
4,30,2,2.282552e+04
4,30,3,2.282552e+04
4,30,5,1.939428e+04
4,30,1,2.682939e+04
4,30,2,2.682939e+04
4,30,3,2.682939e+04
4,30,5,2.682939e+04
4,30,1,2.977317e+04
4,30,2,2.977317e+04
4,30,3,2.385047e+04
4,30,5,1.370239e+03
4,30,1,1.292427e+04
4,30,2,1.292427e+04
4,30,3,1.292427e+04
4,30,5,1.292427e+04
4,30,1,2.472617e+04
4,30,2,2.472617e+04
4,30,3,2.472617e+04
4,30,5,2.472617e+04
4,30,1,1.430856e+04
4,30,2,1.430856e+04
4,30,3,1.430856e+04
4,30,5,1.430856e+04
4,30,1,2.646283e+04
4,30,2,2.646283e+04
4,30,3,2.646283e+04
4,30,5,7.007807e+03
4,30,1,1.556317e+04
4,30,2,1.556317e+04
4,30,3,1.556317e+04
4,30,5,1.556317e+04
4,30,1,6.146092e+04
4,30,2,6.146092e+04
4,30,3,6.146092e+04
4,30,5,6.146092e+04
4,30,1,5.773224e+04
4,30,2,5.773224e+04
4,30,3,5.773224e+04
4,30,5,5.773224e+04
4,30,1,1.355433e+04
4,30,2,1.355433e+04
4,30,3,1.355433e+04
4,30,5,1.355433e+04
4,30,1,2.424061e+04
4,30,2,2.424061e+04
4,30,3,2.424061e+04
4,30,5,2.424061e+04
4,30,1,1.548705e+04
4,30,2,1.548705e+04
4,30,3,1.548705e+04
4,30,5,1.548705e+04
4,30,1,1.951842e+04
4,30,2,1.951842e+04
4,30,3,1.951842e+04
4,30,5,1.951842e+04
4,30,1,1.540102e+04
4,30,2,1.540102e+04
4,30,3,1.540102e+04
4,30,5,1.540102e+04
4,30,1,2.160763e+04
4,30,2,2.160763e+04
4,30,3,2.160763e+04
4,30,5,2.160763e+04
4,30,1,2.607848e+04
4,30,2,2.607848e+04
4,30,3,2.607848e+04
4,30,5,6.291087e+03
4,30,1,7.137042e+04
4,30,2,7.137042e+04
4,30,3,7.137042e+04
4,30,5,7.137042e+04
4,30,1,4.298864e+04
4,30,2,4.298864e+04
4,30,3,4.298864e+04
4,30,5,1.910162e+04
4,30,1,1.732445e+04
4,30,2,1.732445e+04
4,30,3,1.732445e+04
4,30,5,1.732445e+04
4,30,1,2.081939e+04
4,30,2,2.081939e+04
4,30,3,2.081939e+04
4,30,5,2.081939e+04
4,30,1,2.506500e+04
4,30,2,2.506500e+04
4,30,3,2.325128e+04
4,30,5,1.696443e+04
4,30,1,2.059268e+04
4,30,2,2.059268e+04
4,30,3,2.059268e+04
4,30,5,2.059268e+04
4,30,1,5.473850e+04
4,30,2,5.473850e+04
4,30,3,5.473850e+04
4,30,5,6.877047e+03
4,30,1,4.460712e+04
4,30,2,4.460712e+04
4,30,3,4.460712e+04
4,30,5,4.460712e+04
4,30,1,7.024465e+04
4,30,2,2.778952e+04
4,30,3,2.778952e+04
4,30,5,2.778952e+04
4,30,1,2.328144e+04
4,30,2,2.328144e+04
4,30,3,2.328144e+04
4,30,5,3.240831e+03
4,30,1,1.893587e+04
4,30,2,1.893587e+04
4,30,3,1.893587e+04
4,30,5,1.893587e+04
4,30,1,2.707648e+04
4,30,2,2.707648e+04
4,30,3,2.707648e+04
4,30,5,2.707648e+04
4,30,1,2.558043e+04
4,30,2,2.558043e+04
4,30,3,2.558043e+04
4,30,5,7.737732e+03
4,30,1,3.369332e+04
4,30,2,3.369332e+04
4,30,3,3.369332e+04
4,30,5,3.369332e+04
4,30,1,2.585265e+04
4,30,2,2.585265e+04
4,30,3,2.585265e+04
4,30,5,5.223909e+03
4,30,1,2.117475e+04
4,30,2,2.117475e+04
4,30,3,2.117475e+04
4,30,5,2.117475e+04
4,30,1,1.946256e+04
4,30,2,1.946256e+04
4,30,3,1.946256e+04
4,30,5,1.946256e+04
4,30,1,1.865513e+04
4,30,2,1.865513e+04
4,30,3,1.865513e+04
4,30,5,1.848435e+04
4,30,1,2.778572e+04
4,30,2,2.778572e+04
4,30,3,2.778572e+04
4,30,5,2.778572e+04
4,30,1,2.587051e+04
4,30,2,2.587051e+04
4,30,3,2.587051e+04
4,30,5,2.587051e+04
4,30,1,2.395605e+04
4,30,2,2.395605e+04
4,30,3,2.395605e+04
4,30,5,2.395605e+04
4,30,1,1.890326e+04
4,30,2,1.890326e+04
4,30,3,1.890326e+04
4,30,5,6.601212e+03
4,30,1,8.294730e+04
4,30,2,8.294730e+04
4,30,3,8.294730e+04
4,30,5,8.294730e+04
4,30,1,3.099085e+04
4,30,2,3.099085e+04
4,30,3,3.099085e+04
4,30,5,3.099085e+04
4,30,1,5.255950e+04
4,30,2,5.255950e+04
4,30,3,5.255950e+04
4,30,5,5.255950e+04
4,30,1,2.631805e+04
4,30,2,2.631805e+04
4,30,3,2.631805e+04
4,30,5,8.486544e+03
4,30,1,2.454574e+04
4,30,2,2.454574e+04
4,30,3,2.454574e+04
4,30,5,2.454574e+04
4,30,1,4.734512e+04
4,30,2,4.734512e+04
4,30,3,4.734512e+04
4,30,5,4.734512e+04
4,30,1,1.884454e+04
4,30,2,1.884454e+04
4,30,3,1.884454e+04
4,30,5,1.884454e+04
4,30,1,2.407672e+04
4,30,2,1.179264e+04
4,30,3,1.179264e+04
4,30,5,1.179264e+04
4,30,1,7.891443e+04
4,30,2,7.891443e+04
4,30,3,7.891443e+04
4,30,5,7.891443e+04
4,30,1,5.626557e+04
4,30,2,5.626557e+04
4,30,3,5.626557e+04
4,30,5,5.626557e+04
4,30,1,2.221411e+04
4,30,2,2.221411e+04
4,30,3,2.221411e+04
4,30,5,1.199557e+04
4,30,1,2.904519e+04
4,30,2,2.904519e+04
4,30,3,2.904519e+04
4,30,5,2.904519e+04
4,30,1,2.838554e+04
4,30,2,2.838554e+04
4,30,3,2.838554e+04
4,30,5,2.838554e+04
4,30,1,5.310743e+04
4,30,2,5.310743e+04
4,30,3,5.310743e+04
4,30,5,5.310743e+04
4,30,1,2.912683e+04
4,30,2,2.912683e+04
4,30,3,2.912683e+04
4,30,5,2.912683e+04
4,30,1,2.345658e+04
4,30,2,2.345658e+04
4,30,3,2.345658e+04
4,30,5,4.962463e+03
4,30,1,3.897698e+04
4,30,2,3.897698e+04
4,30,3,3.897698e+04
4,30,5,3.897698e+04
4,30,1,3.304085e+04
4,30,2,3.304085e+04
4,30,3,3.304085e+04
4,30,5,3.304085e+04
4,30,1,3.578951e+04
4,30,2,3.578951e+04
4,30,3,3.578951e+04
4,30,5,3.578951e+04
4,30,1,5.009416e+04
4,30,2,5.009416e+04
4,30,3,5.009416e+04
4,30,5,5.009416e+04
4,30,1,2.331504e+04
4,30,2,2.331504e+04
4,30,3,2.331504e+04
4,30,5,2.331504e+04
4,30,1,5.382325e+04
4,30,2,5.382325e+04
4,30,3,5.382325e+04
4,30,5,6.277517e+03
4,30,1,5.196987e+04
4,30,2,5.196987e+04
4,30,3,5.196987e+04
4,30,5,9.622300e+03
4,30,1,2.655901e+04
4,30,2,2.655901e+04
4,30,3,2.655901e+04
4,30,5,2.655901e+04
4,30,1,3.276546e+04
4,30,2,3.017108e+04
4,30,3,3.017108e+04
4,30,5,9.446894e+03
4,30,1,7.387859e+04
4,30,2,7.387859e+04
4,30,3,7.387859e+04
4,30,5,3.290034e+03
4,30,1,1.959472e+04
4,30,2,1.959472e+04
4,30,3,1.959472e+04
4,30,5,7.618573e+03
4,30,1,2.879886e+04
4,30,2,2.879886e+04
4,30,3,2.879886e+04
4,30,5,4.445917e+03
4,30,1,1.810908e+04
4,30,2,1.810908e+04
4,30,3,1.810908e+04
4,30,5,1.810908e+04
4,30,1,5.889431e+04
4,30,2,5.889431e+04
4,30,3,5.889431e+04
4,30,5,5.889431e+04
4,30,1,2.082828e+04
4,30,2,2.082828e+04
4,30,3,2.082828e+04
4,30,5,2.082828e+04
4,30,1,3.757822e+04
4,30,2,3.757822e+04
4,30,3,3.757822e+04
4,30,5,3.757822e+04
4,30,1,2.640643e+04
4,30,2,2.374224e+04
4,30,3,2.234177e+04
4,30,5,2.234177e+04
4,30,1,4.287273e+04
4,30,2,4.287273e+04
4,30,3,4.287273e+04
4,30,5,4.287273e+04
4,30,1,1.313270e+04
4,30,2,1.313270e+04
4,30,3,1.313270e+04
4,30,5,1.313270e+04
4,30,1,2.884693e+04
4,30,2,2.884693e+04
4,30,3,2.884693e+04
4,30,5,9.012473e+03
