funcid,dim,milestone,error
24,30,1,2.015053e+03
24,30,2,2.015053e+03
24,30,3,2.015053e+03
24,30,5,2.015053e+03
24,30,1,1.476334e+03
24,30,2,1.476334e+03
24,30,3,1.476334e+03
24,30,5,1.476334e+03
24,30,1,1.446815e+03
24,30,2,1.446815e+03
24,30,3,1.446815e+03
24,30,5,1.446815e+03
24,30,1,1.743934e+03
24,30,2,1.743934e+03
24,30,3,1.743934e+03
24,30,5,1.743934e+03
24,30,1,1.613057e+03
24,30,2,1.613057e+03
24,30,3,1.613057e+03
24,30,5,1.613057e+03
24,30,1,1.262353e+03
24,30,2,1.262353e+03
24,30,3,1.262353e+03
24,30,5,1.262353e+03
24,30,1,1.378119e+03
24,30,2,1.378119e+03
24,30,3,1.378119e+03
24,30,5,1.378119e+03
24,30,1,1.206269e+03
24,30,2,1.206269e+03
24,30,3,1.206269e+03
24,30,5,1.206269e+03
24,30,1,1.495220e+03
24,30,2,1.495220e+03
24,30,3,1.495220e+03
24,30,5,1.292193e+03
24,30,1,1.479460e+03
24,30,2,1.479460e+03
24,30,3,1.479460e+03
24,30,5,1.479460e+03
24,30,1,1.374810e+03
24,30,2,1.374810e+03
24,30,3,1.374810e+03
24,30,5,1.374810e+03
24,30,1,1.620249e+03
24,30,2,1.620249e+03
24,30,3,1.620249e+03
24,30,5,1.426888e+03
24,30,1,1.554331e+03
24,30,2,1.554331e+03
24,30,3,1.554331e+03
24,30,5,1.554331e+03
24,30,1,1.516936e+03
24,30,2,1.516936e+03
24,30,3,1.516936e+03
24,30,5,1.516936e+03
24,30,1,1.587468e+03
24,30,2,1.587468e+03
24,30,3,1.587468e+03
24,30,5,1.587468e+03
24,30,1,1.813212e+03
24,30,2,1.813212e+03
24,30,3,1.813212e+03
24,30,5,1.813212e+03
24,30,1,1.134011e+03
24,30,2,1.134011e+03
24,30,3,1.134011e+03
24,30,5,1.134011e+03
24,30,1,1.505908e+03
24,30,2,1.505908e+03
24,30,3,1.505908e+03
24,30,5,1.505908e+03
24,30,1,1.512852e+03
24,30,2,1.512852e+03
24,30,3,1.512852e+03
24,30,5,1.512852e+03
24,30,1,1.317182e+03
24,30,2,1.317182e+03
24,30,3,1.317182e+03
24,30,5,1.317182e+03
24,30,1,1.610309e+03
24,30,2,1.610309e+03
24,30,3,1.610309e+03
24,30,5,1.610309e+03
24,30,1,1.826054e+03
24,30,2,1.826054e+03
24,30,3,1.826054e+03
24,30,5,1.826054e+03
24,30,1,1.278204e+03
24,30,2,1.278204e+03
24,30,3,1.278204e+03
24,30,5,1.278204e+03
24,30,1,1.480933e+03
24,30,2,1.480933e+03
24,30,3,1.480933e+03
24,30,5,1.375543e+03
24,30,1,1.119275e+03
24,30,2,1.119275e+03
24,30,3,1.119275e+03
24,30,5,1.119275e+03
24,30,1,1.401609e+03
24,30,2,1.401609e+03
24,30,3,1.401609e+03
24,30,5,1.401609e+03
24,30,1,1.685147e+03
24,30,2,1.685147e+03
24,30,3,1.685147e+03
24,30,5,1.685147e+03
24,30,1,1.457623e+03
24,30,2,1.457623e+03
24,30,3,1.457623e+03
24,30,5,1.457623e+03
24,30,1,1.706738e+03
24,30,2,1.706738e+03
24,30,3,1.706738e+03
24,30,5,1.706738e+03
24,30,1,1.494473e+03
24,30,2,1.494473e+03
24,30,3,1.494473e+03
24,30,5,1.494473e+03
24,30,1,1.299342e+03
24,30,2,1.299342e+03
24,30,3,1.299342e+03
24,30,5,1.299342e+03
24,30,1,1.699382e+03
24,30,2,1.699382e+03
24,30,3,1.699382e+03
24,30,5,1.699382e+03
24,30,1,1.539799e+03
24,30,2,1.539799e+03
24,30,3,1.539799e+03
24,30,5,1.539799e+03
24,30,1,1.649972e+03
24,30,2,1.649972e+03
24,30,3,1.649972e+03
24,30,5,1.415076e+03
24,30,1,1.763926e+03
24,30,2,1.763926e+03
24,30,3,1.763926e+03
24,30,5,1.763926e+03
24,30,1,1.524791e+03
24,30,2,1.524791e+03
24,30,3,1.524791e+03
24,30,5,1.524791e+03
24,30,1,1.457760e+03
24,30,2,1.457760e+03
24,30,3,1.457760e+03
24,30,5,1.457760e+03
24,30,1,1.735843e+03
24,30,2,1.735843e+03
24,30,3,1.735843e+03
24,30,5,1.424034e+03
24,30,1,1.401349e+03
24,30,2,1.401349e+03
24,30,3,1.401349e+03
24,30,5,1.401349e+03
24,30,1,1.574797e+03
24,30,2,1.574797e+03
24,30,3,1.574797e+03
24,30,5,1.574797e+03
24,30,1,1.545063e+03
24,30,2,1.545063e+03
24,30,3,1.545063e+03
24,30,5,1.545063e+03
24,30,1,1.239403e+03
24,30,2,1.239403e+03
24,30,3,1.239403e+03
24,30,5,1.239403e+03
24,30,1,1.446790e+03
24,30,2,1.446790e+03
24,30,3,1.446790e+03
24,30,5,1.446790e+03
24,30,1,1.534832e+03
24,30,2,1.534832e+03
24,30,3,1.534832e+03
24,30,5,1.534832e+03
24,30,1,1.655127e+03
24,30,2,1.655127e+03
24,30,3,1.655127e+03
24,30,5,1.655127e+03
24,30,1,1.504179e+03
24,30,2,1.504179e+03
24,30,3,1.504179e+03
24,30,5,1.504179e+03
24,30,1,1.168500e+03
24,30,2,1.168500e+03
24,30,3,1.168500e+03
24,30,5,1.168500e+03
24,30,1,1.486023e+03
24,30,2,1.486023e+03
24,30,3,1.486023e+03
24,30,5,1.486023e+03
24,30,1,1.245538e+03
24,30,2,1.245538e+03
24,30,3,1.245538e+03
24,30,5,1.245538e+03
24,30,1,1.428354e+03
24,30,2,1.428354e+03
24,30,3,1.428354e+03
24,30,5,1.428354e+03
24,30,1,1.799725e+03
24,30,2,1.799725e+03
24,30,3,1.799725e+03
24,30,5,1.799725e+03
24,30,1,1.588526e+03
24,30,2,1.588526e+03
24,30,3,1.588526e+03
24,30,5,1.588526e+03
24,30,1,1.730857e+03
24,30,2,1.730857e+03
24,30,3,1.730857e+03
24,30,5,1.730857e+03
24,30,1,1.410529e+03
24,30,2,1.410529e+03
24,30,3,1.410529e+03
24,30,5,1.410529e+03
24,30,1,1.491504e+03
24,30,2,1.491504e+03
24,30,3,1.491504e+03
24,30,5,1.491504e+03
24,30,1,1.679927e+03
24,30,2,1.679927e+03
24,30,3,1.679927e+03
24,30,5,1.679927e+03
24,30,1,1.655367e+03
24,30,2,1.655367e+03
24,30,3,1.655367e+03
24,30,5,1.655367e+03
24,30,1,1.939666e+03
24,30,2,1.939666e+03
24,30,3,1.939666e+03
24,30,5,1.939666e+03
24,30,1,1.564270e+03
24,30,2,1.564270e+03
24,30,3,1.564270e+03
24,30,5,1.564270e+03
24,30,1,1.601147e+03
24,30,2,1.601147e+03
24,30,3,1.601147e+03
24,30,5,1.601147e+03
24,30,1,1.494363e+03
24,30,2,1.494363e+03
24,30,3,1.494363e+03
24,30,5,1.494363e+03
24,30,1,1.597071e+03
24,30,2,1.597071e+03
24,30,3,1.597071e+03
24,30,5,1.597071e+03
24,30,1,1.420281e+03
24,30,2,1.420281e+03
24,30,3,1.420281e+03
24,30,5,1.420281e+03
24,30,1,1.404221e+03
24,30,2,1.404221e+03
24,30,3,1.404221e+03
24,30,5,1.404221e+03
24,30,1,1.239677e+03
24,30,2,1.239677e+03
24,30,3,1.239677e+03
24,30,5,1.239677e+03
24,30,1,1.659112e+03
24,30,2,1.659112e+03
24,30,3,1.659112e+03
24,30,5,1.659112e+03
24,30,1,1.310359e+03
24,30,2,1.310359e+03
24,30,3,1.310359e+03
24,30,5,1.310359e+03
24,30,1,1.279520e+03
24,30,2,1.279520e+03
24,30,3,1.279520e+03
24,30,5,1.279520e+03
24,30,1,1.863897e+03
24,30,2,1.863897e+03
24,30,3,1.863897e+03
24,30,5,1.863897e+03
24,30,1,1.409333e+03
24,30,2,1.409333e+03
24,30,3,1.409333e+03
24,30,5,1.409333e+03
24,30,1,1.445333e+03
24,30,2,1.445333e+03
24,30,3,1.445333e+03
24,30,5,1.445333e+03
24,30,1,1.577125e+03
24,30,2,1.577125e+03
24,30,3,1.577125e+03
24,30,5,1.577125e+03
24,30,1,1.392335e+03
24,30,2,1.392335e+03
24,30,3,1.392335e+03
24,30,5,1.392335e+03
24,30,1,1.497408e+03
24,30,2,1.497408e+03
24,30,3,1.497408e+03
24,30,5,1.497408e+03
24,30,1,1.260642e+03
24,30,2,1.260642e+03
24,30,3,1.260642e+03
24,30,5,1.260642e+03
24,30,1,1.744087e+03
24,30,2,1.744087e+03
24,30,3,1.744087e+03
24,30,5,1.744087e+03
24,30,1,1.444650e+03
24,30,2,1.444650e+03
24,30,3,1.444650e+03
24,30,5,1.444650e+03
24,30,1,1.401247e+03
24,30,2,1.401247e+03
24,30,3,1.401247e+03
24,30,5,1.401247e+03
24,30,1,1.516125e+03
24,30,2,1.516125e+03
24,30,3,1.516125e+03
24,30,5,1.516125e+03
24,30,1,1.581794e+03
24,30,2,1.581794e+03
24,30,3,1.581794e+03
24,30,5,1.581794e+03
24,30,1,1.563925e+03
24,30,2,1.563925e+03
24,30,3,1.563925e+03
24,30,5,1.563925e+03
24,30,1,1.620661e+03
24,30,2,1.620661e+03
24,30,3,1.620661e+03
24,30,5,1.620661e+03
24,30,1,1.512685e+03
24,30,2,1.512685e+03
24,30,3,1.512685e+03
24,30,5,1.512685e+03
24,30,1,1.059780e+03
24,30,2,1.059780e+03
24,30,3,1.059780e+03
24,30,5,1.059780e+03
24,30,1,1.675591e+03
24,30,2,1.675591e+03
24,30,3,1.675591e+03
24,30,5,1.675591e+03
24,30,1,1.435535e+03
24,30,2,1.435535e+03
24,30,3,1.435535e+03
24,30,5,1.435535e+03
24,30,1,1.841213e+03
24,30,2,1.841213e+03
24,30,3,1.841213e+03
24,30,5,1.841213e+03
24,30,1,1.195489e+03
24,30,2,1.195489e+03
24,30,3,1.195489e+03
24,30,5,1.195489e+03
24,30,1,1.414835e+03
24,30,2,1.414835e+03
24,30,3,1.414835e+03
24,30,5,1.414835e+03
24,30,1,1.528597e+03
24,30,2,1.528597e+03
24,30,3,1.528597e+03
24,30,5,1.528597e+03
24,30,1,1.426327e+03
24,30,2,1.426327e+03
24,30,3,1.426327e+03
24,30,5,1.426327e+03
24,30,1,1.690330e+03
24,30,2,1.690330e+03
24,30,3,1.690330e+03
24,30,5,1.690330e+03
24,30,1,1.862706e+03
24,30,2,1.862706e+03
24,30,3,1.862706e+03
24,30,5,1.862706e+03
24,30,1,1.923174e+03
24,30,2,1.923174e+03
24,30,3,1.861610e+03
24,30,5,1.782975e+03
24,30,1,1.372341e+03
24,30,2,1.372341e+03
24,30,3,1.372341e+03
24,30,5,1.343512e+03
24,30,1,1.320345e+03
24,30,2,1.320345e+03
24,30,3,1.320345e+03
24,30,5,1.320345e+03
24,30,1,1.309946e+03
24,30,2,1.309946e+03
24,30,3,1.309946e+03
24,30,5,1.309946e+03
24,30,1,1.427976e+03
24,30,2,1.427976e+03
24,30,3,1.427976e+03
24,30,5,1.427976e+03
24,30,1,1.201132e+03
24,30,2,1.201132e+03
24,30,3,1.201132e+03
24,30,5,1.201132e+03
24,30,1,1.660918e+03
24,30,2,1.660918e+03
24,30,3,1.660918e+03
24,30,5,1.660918e+03
24,30,1,1.277806e+03
24,30,2,1.277806e+03
24,30,3,1.277806e+03
24,30,5,1.277806e+03
24,30,1,1.462119e+03
24,30,2,1.462119e+03
24,30,3,1.462119e+03
24,30,5,1.314309e+03
24,30,1,1.277708e+03
24,30,2,1.277708e+03
24,30,3,1.277708e+03
24,30,5,1.277708e+03
24,30,1,1.456737e+03
24,30,2,1.456737e+03
24,30,3,1.456737e+03
24,30,5,1.456737e+03
24,30,1,1.458169e+03
24,30,2,1.458169e+03
24,30,3,1.458169e+03
24,30,5,1.458169e+03
24,30,1,1.291803e+03
24,30,2,1.291803e+03
24,30,3,1.291803e+03
24,30,5,1.291803e+03
24,30,1,1.716631e+03
24,30,2,1.716631e+03
24,30,3,1.716631e+03
24,30,5,1.716631e+03
24,30,1,1.429982e+03
24,30,2,1.429982e+03
24,30,3,1.429982e+03
24,30,5,1.399912e+03
24,30,1,1.698676e+03
24,30,2,1.698676e+03
24,30,3,1.698676e+03
24,30,5,1.698676e+03
24,30,1,1.515829e+03
24,30,2,1.515829e+03
24,30,3,1.515829e+03
24,30,5,1.515829e+03
24,30,1,1.630626e+03
24,30,2,1.630626e+03
24,30,3,1.630626e+03
24,30,5,1.630626e+03
24,30,1,1.588557e+03
24,30,2,1.588557e+03
24,30,3,1.588557e+03
24,30,5,1.588557e+03
24,30,1,1.534573e+03
24,30,2,1.534573e+03
24,30,3,1.534573e+03
24,30,5,1.534573e+03
24,30,1,1.370974e+03
24,30,2,1.370974e+03
24,30,3,1.370974e+03
24,30,5,1.370974e+03
24,30,1,1.824532e+03
24,30,2,1.824532e+03
24,30,3,1.824532e+03
24,30,5,1.824532e+03
24,30,1,1.427353e+03
24,30,2,1.427353e+03
24,30,3,1.427353e+03
24,30,5,1.427353e+03
24,30,1,1.508590e+03
24,30,2,1.508590e+03
24,30,3,1.508590e+03
24,30,5,1.508590e+03
24,30,1,1.501825e+03
24,30,2,1.501825e+03
24,30,3,1.501825e+03
24,30,5,1.501825e+03
24,30,1,1.306552e+03
24,30,2,1.306552e+03
24,30,3,1.306552e+03
24,30,5,1.306552e+03
24,30,1,1.147306e+03
24,30,2,1.147306e+03
24,30,3,1.147306e+03
24,30,5,1.147306e+03
24,30,1,1.590795e+03
24,30,2,1.590795e+03
24,30,3,1.590795e+03
24,30,5,1.546118e+03
24,30,1,1.946476e+03
24,30,2,1.946476e+03
24,30,3,1.946476e+03
24,30,5,1.946476e+03
24,30,1,1.396098e+03
24,30,2,1.396098e+03
24,30,3,1.396098e+03
24,30,5,1.396098e+03
24,30,1,1.925192e+03
24,30,2,1.925192e+03
24,30,3,1.925192e+03
24,30,5,1.925192e+03
24,30,1,1.308523e+03
24,30,2,1.308523e+03
24,30,3,1.308523e+03
24,30,5,1.308523e+03
24,30,1,1.841803e+03
24,30,2,1.841803e+03
24,30,3,1.841803e+03
24,30,5,1.841803e+03
24,30,1,1.403392e+03
24,30,2,1.403392e+03
24,30,3,1.403392e+03
24,30,5,1.403392e+03
24,30,1,1.369104e+03
24,30,2,1.369104e+03
24,30,3,1.369104e+03
24,30,5,1.369104e+03
24,30,1,1.409024e+03
24,30,2,1.409024e+03
24,30,3,1.409024e+03
24,30,5,1.409024e+03
24,30,1,2.298699e+03
24,30,2,2.298699e+03
24,30,3,2.298699e+03
24,30,5,2.298699e+03
24,30,1,1.288405e+03
24,30,2,1.288405e+03
24,30,3,1.288405e+03
24,30,5,1.288405e+03
24,30,1,1.858809e+03
24,30,2,1.858809e+03
24,30,3,1.858809e+03
24,30,5,1.858809e+03
24,30,1,1.713890e+03
24,30,2,1.713890e+03
24,30,3,1.713890e+03
24,30,5,1.713890e+03
24,30,1,1.764046e+03
24,30,2,1.764046e+03
24,30,3,1.764046e+03
24,30,5,1.448494e+03
24,30,1,1.317294e+03
24,30,2,1.317294e+03
24,30,3,1.317294e+03
24,30,5,1.317294e+03
24,30,1,1.475449e+03
24,30,2,1.475449e+03
24,30,3,1.475449e+03
24,30,5,1.475449e+03
24,30,1,1.568338e+03
24,30,2,1.568338e+03
24,30,3,1.568338e+03
24,30,5,1.568338e+03
24,30,1,1.528615e+03
24,30,2,1.528615e+03
24,30,3,1.528615e+03
24,30,5,1.528615e+03
24,30,1,1.015263e+03
24,30,2,1.015263e+03
24,30,3,1.015263e+03
24,30,5,1.015263e+03
24,30,1,1.448661e+03
24,30,2,1.448661e+03
24,30,3,1.448661e+03
24,30,5,1.448661e+03
24,30,1,1.824823e+03
24,30,2,1.824823e+03
24,30,3,1.824823e+03
24,30,5,1.824823e+03
24,30,1,1.176663e+03
24,30,2,1.176663e+03
24,30,3,1.176663e+03
24,30,5,1.176663e+03
24,30,1,1.495296e+03
24,30,2,1.495296e+03
24,30,3,1.495296e+03
24,30,5,1.495296e+03
24,30,1,1.751829e+03
24,30,2,1.751829e+03
24,30,3,1.751829e+03
24,30,5,1.751829e+03
24,30,1,1.484177e+03
24,30,2,1.484177e+03
24,30,3,1.484177e+03
24,30,5,1.484177e+03
24,30,1,1.895413e+03
24,30,2,1.895413e+03
24,30,3,1.895413e+03
24,30,5,1.895413e+03
24,30,1,1.399981e+03
24,30,2,1.399981e+03
24,30,3,1.399981e+03
24,30,5,1.399981e+03
24,30,1,1.367885e+03
24,30,2,1.367885e+03
24,30,3,1.367885e+03
24,30,5,1.367885e+03
24,30,1,1.818116e+03
24,30,2,1.818116e+03
24,30,3,1.818116e+03
24,30,5,1.818116e+03
24,30,1,1.177649e+03
24,30,2,1.177649e+03
24,30,3,1.177649e+03
24,30,5,1.177649e+03
24,30,1,1.514135e+03
24,30,2,1.514135e+03
24,30,3,1.514135e+03
24,30,5,1.514135e+03
24,30,1,1.369085e+03
24,30,2,1.369085e+03
24,30,3,1.369085e+03
24,30,5,1.369085e+03
24,30,1,1.247231e+03
24,30,2,1.247231e+03
24,30,3,1.247231e+03
24,30,5,1.247231e+03
