funcid,dim,milestone,error
1,30,1,7.480511e+10
1,30,2,7.480511e+10
1,30,3,7.480511e+10
1,30,5,2.549101e+10
1,30,10,7.660332e+07
1,30,20,7.660332e+07
1,30,30,7.660332e+07
1,30,40,7.660332e+07
1,30,50,7.660332e+07
1,30,60,7.660332e+07
1,30,70,7.660332e+07
1,30,80,7.660332e+07
1,30,90,7.660332e+07
1,30,100,7.660332e+07
1,30,1,7.475481e+10
1,30,2,7.475481e+10
1,30,3,7.475481e+10
1,30,5,4.339025e+10
1,30,10,2.666091e+08
1,30,20,2.666091e+08
1,30,30,2.666091e+08
1,30,40,2.666091e+08
1,30,50,2.666091e+08
1,30,60,7.896978e+07
1,30,70,7.896978e+07
1,30,80,7.896978e+07
1,30,90,7.896978e+07
1,30,100,7.896978e+07
1,30,1,6.447530e+10
1,30,2,6.447530e+10
1,30,3,6.447530e+10
1,30,5,6.447530e+10
1,30,1,8.192540e+10
1,30,2,8.192540e+10
1,30,3,8.192540e+10
1,30,5,4.386510e+10
1,30,1,8.175308e+10
1,30,2,6.898674e+10
1,30,3,3.225829e+10
1,30,5,3.225829e+10
1,30,1,7.644598e+10
1,30,2,7.644598e+10
1,30,3,7.644598e+10
1,30,5,7.644598e+10
1,30,1,1.030610e+11
1,30,2,1.030610e+11
1,30,3,1.030610e+11
1,30,5,1.030610e+11
1,30,1,5.723020e+10
1,30,2,5.723020e+10
1,30,3,5.723020e+10
1,30,5,5.723020e+10
1,30,1,5.700736e+10
1,30,2,5.700736e+10
1,30,3,5.700736e+10
1,30,5,5.700736e+10
1,30,1,1.049227e+11
1,30,2,1.049227e+11
1,30,3,5.353570e+10
1,30,5,1.995745e+10
1,30,1,1.716857e+11
1,30,2,1.716857e+11
1,30,3,1.716857e+11
1,30,5,1.716857e+11
1,30,1,6.642572e+10
1,30,2,6.642572e+10
1,30,3,6.642572e+10
1,30,5,6.642572e+10
1,30,1,8.346149e+10
1,30,2,4.044166e+10
1,30,3,3.866470e+10
1,30,5,3.866470e+10
1,30,1,5.964138e+10
1,30,2,5.964138e+10
1,30,3,5.964138e+10
1,30,5,5.964138e+10
1,30,1,6.362107e+10
1,30,2,6.362107e+10
1,30,3,6.362107e+10
1,30,5,6.362107e+10
1,30,1,8.166604e+10
1,30,2,8.166604e+10
1,30,3,8.166604e+10
1,30,5,8.166604e+10
1,30,1,9.162292e+10
1,30,2,9.162292e+10
1,30,3,9.162292e+10
1,30,5,2.467505e+10
1,30,1,9.855654e+10
1,30,2,9.855654e+10
1,30,3,9.855654e+10
1,30,5,2.200367e+10
1,30,1,7.043699e+10
1,30,2,7.043699e+10
1,30,3,7.043699e+10
1,30,5,1.929418e+10
1,30,1,6.234876e+10
1,30,2,6.234876e+10
1,30,3,6.234876e+10
1,30,5,6.234876e+10
1,30,1,7.951367e+10
1,30,2,5.936530e+10
1,30,3,5.513677e+10
1,30,5,3.278639e+10
1,30,1,9.127421e+10
1,30,2,9.127421e+10
1,30,3,9.127421e+10
1,30,5,4.307694e+10
1,30,1,7.311356e+10
1,30,2,7.311356e+10
1,30,3,7.311356e+10
1,30,5,7.311356e+10
1,30,1,9.521679e+10
1,30,2,9.521679e+10
1,30,3,9.521679e+10
1,30,5,9.521679e+10
1,30,1,1.441398e+11
1,30,2,1.441398e+11
1,30,3,1.441398e+11
1,30,5,5.447510e+10
1,30,1,1.168422e+11
1,30,2,1.168422e+11
1,30,3,8.658489e+10
1,30,5,1.302553e+10
1,30,1,6.997548e+10
1,30,2,6.997548e+10
1,30,3,6.997548e+10
1,30,5,6.997548e+10
1,30,1,8.098881e+10
1,30,2,8.098881e+10
1,30,3,8.098881e+10
1,30,5,8.098881e+10
1,30,1,8.061623e+10
1,30,2,8.061623e+10
1,30,3,8.061623e+10
1,30,5,8.061623e+10
1,30,1,6.590382e+10
1,30,2,6.590382e+10
1,30,3,6.590382e+10
1,30,5,6.590382e+10
1,30,1,1.522868e+11
1,30,2,1.522868e+11
1,30,3,1.522868e+11
1,30,5,1.522868e+11
1,30,1,7.654485e+10
1,30,2,6.254362e+10
1,30,3,6.254362e+10
1,30,5,3.921370e+10
1,30,1,6.763654e+10
1,30,2,6.763654e+10
1,30,3,6.763654e+10
1,30,5,6.763654e+10
1,30,1,5.800776e+10
1,30,2,5.800776e+10
1,30,3,5.800776e+10
1,30,5,5.800776e+10
1,30,1,1.223829e+11
1,30,2,1.223829e+11
1,30,3,1.223829e+11
1,30,5,1.223829e+11
1,30,1,7.797839e+10
1,30,2,7.797839e+10
1,30,3,7.797839e+10
1,30,5,7.797839e+10
1,30,1,8.383267e+10
1,30,2,8.383267e+10
1,30,3,8.383267e+10
1,30,5,3.940921e+10
1,30,1,1.551344e+11
1,30,2,1.551344e+11
1,30,3,8.085542e+10
1,30,5,1.404686e+10
1,30,1,6.699876e+10
1,30,2,6.699876e+10
1,30,3,6.699876e+10
1,30,5,6.699876e+10
1,30,1,7.367275e+10
1,30,2,7.367275e+10
1,30,3,7.367275e+10
1,30,5,5.217098e+10
1,30,1,8.115021e+10
1,30,2,8.115021e+10
1,30,3,8.115021e+10
1,30,5,1.675560e+10
1,30,1,1.193926e+11
1,30,2,1.193926e+11
1,30,3,5.227189e+10
1,30,5,1.252535e+10
1,30,1,1.081464e+11
1,30,2,1.081464e+11
1,30,3,1.081464e+11
1,30,5,1.081464e+11
1,30,1,6.066525e+10
1,30,2,6.066525e+10
1,30,3,6.066525e+10
1,30,5,3.301585e+10
1,30,1,8.749040e+10
1,30,2,7.542663e+10
1,30,3,5.323487e+10
1,30,5,8.339414e+09
1,30,1,7.646574e+10
1,30,2,7.646574e+10
1,30,3,7.646574e+10
1,30,5,7.646574e+10
1,30,1,6.422037e+10
1,30,2,6.422037e+10
1,30,3,6.422037e+10
1,30,5,6.422037e+10
1,30,1,6.282344e+10
1,30,2,6.282344e+10
1,30,3,6.282344e+10
1,30,5,6.282344e+10
1,30,1,1.522697e+11
1,30,2,8.680654e+10
1,30,3,7.031339e+10
1,30,5,4.517878e+10
1,30,1,6.960722e+10
1,30,2,6.960722e+10
1,30,3,6.960722e+10
1,30,5,6.634239e+10
1,30,1,6.540639e+10
1,30,2,6.540639e+10
1,30,3,6.540639e+10
1,30,5,6.540639e+10
1,30,1,7.416257e+10
1,30,2,7.416257e+10
1,30,3,7.416257e+10
1,30,5,7.416257e+10
1,30,1,5.606236e+10
1,30,2,5.606236e+10
1,30,3,5.606236e+10
1,30,5,5.606236e+10
1,30,1,6.744063e+10
1,30,2,6.744063e+10
1,30,3,6.744063e+10
1,30,5,4.011983e+10
1,30,1,7.285181e+10
1,30,2,7.285181e+10
1,30,3,7.285181e+10
1,30,5,7.285181e+10
1,30,1,5.576389e+10
1,30,2,5.576389e+10
1,30,3,5.576389e+10
1,30,5,5.576389e+10
1,30,1,1.029464e+11
1,30,2,1.029464e+11
1,30,3,1.029464e+11
1,30,5,1.029464e+11
1,30,1,1.309316e+11
1,30,2,1.309316e+11
1,30,3,1.309316e+11
1,30,5,1.309316e+11
1,30,1,1.169426e+11
1,30,2,1.169426e+11
1,30,3,1.169426e+11
1,30,5,4.057146e+10
1,30,1,7.368941e+10
1,30,2,7.368941e+10
1,30,3,7.368941e+10
1,30,5,7.368941e+10
1,30,1,6.854062e+10
1,30,2,6.854062e+10
1,30,3,6.854062e+10
1,30,5,4.267468e+10
1,30,1,7.123760e+10
1,30,2,7.123760e+10
1,30,3,7.123760e+10
1,30,5,7.123760e+10
1,30,1,7.579243e+10
1,30,2,7.579243e+10
1,30,3,7.579243e+10
1,30,5,7.579243e+10
1,30,1,1.034379e+11
1,30,2,1.034379e+11
1,30,3,1.034379e+11
1,30,5,1.034379e+11
1,30,1,1.137615e+11
1,30,2,1.137615e+11
1,30,3,1.137615e+11
1,30,5,1.137615e+11
1,30,1,9.671512e+10
1,30,2,9.671512e+10
1,30,3,9.671512e+10
1,30,5,7.254040e+10
1,30,1,5.903284e+10
1,30,2,5.903284e+10
1,30,3,5.903284e+10
1,30,5,5.903284e+10
1,30,1,7.958291e+10
1,30,2,7.958291e+10
1,30,3,7.958291e+10
1,30,5,7.958291e+10
1,30,1,7.765954e+10
1,30,2,7.765954e+10
1,30,3,7.765954e+10
1,30,5,7.765954e+10
1,30,1,8.123275e+10
1,30,2,8.123275e+10
1,30,3,5.007549e+10
1,30,5,5.007549e+10
1,30,1,6.844411e+10
1,30,2,6.844411e+10
1,30,3,6.844411e+10
1,30,5,6.844411e+10
1,30,1,8.404308e+10
1,30,2,8.404308e+10
1,30,3,5.119715e+10
1,30,5,5.119715e+10
1,30,1,7.282721e+10
1,30,2,7.282721e+10
1,30,3,7.282721e+10
1,30,5,2.483646e+10
1,30,1,1.112028e+11
1,30,2,1.112028e+11
1,30,3,1.112028e+11
1,30,5,1.827086e+10
1,30,1,7.694888e+10
1,30,2,7.694888e+10
1,30,3,7.694888e+10
1,30,5,2.914528e+10
1,30,1,7.329963e+10
1,30,2,7.329963e+10
1,30,3,7.329963e+10
1,30,5,7.329963e+10
1,30,1,7.028756e+10
1,30,2,7.028756e+10
1,30,3,7.028756e+10
1,30,5,5.107954e+10
1,30,1,1.150888e+11
1,30,2,1.150888e+11
1,30,3,7.083698e+10
1,30,5,6.033940e+10
1,30,1,6.329395e+10
1,30,2,6.329395e+10
1,30,3,6.329395e+10
1,30,5,6.329395e+10
1,30,1,1.432144e+11
1,30,2,1.432144e+11
1,30,3,1.432144e+11
1,30,5,3.667711e+10
1,30,1,5.599695e+10
1,30,2,5.599695e+10
1,30,3,5.599695e+10
1,30,5,5.599695e+10
1,30,1,6.832320e+10
1,30,2,6.832320e+10
1,30,3,6.832320e+10
1,30,5,6.832320e+10
1,30,1,7.847663e+10
1,30,2,7.847663e+10
1,30,3,7.847663e+10
1,30,5,3.342800e+10
1,30,1,8.244156e+10
1,30,2,8.244156e+10
1,30,3,8.244156e+10
1,30,5,1.192149e+10
1,30,1,6.518788e+10
1,30,2,6.518788e+10
1,30,3,6.518788e+10
1,30,5,6.518788e+10
1,30,1,7.064313e+10
1,30,2,7.064313e+10
1,30,3,6.465281e+10
1,30,5,4.890260e+10
1,30,1,7.269172e+10
1,30,2,7.269172e+10
1,30,3,5.934337e+10
1,30,5,5.351955e+10
1,30,1,5.317562e+10
1,30,2,5.317562e+10
1,30,3,5.317562e+10
1,30,5,5.317562e+10
1,30,1,5.942897e+10
1,30,2,5.942897e+10
1,30,3,5.942897e+10
1,30,5,5.942897e+10
1,30,1,5.738530e+10
1,30,2,5.738530e+10
1,30,3,5.738530e+10
1,30,5,5.738530e+10
1,30,1,7.124811e+10
1,30,2,7.124811e+10
1,30,3,7.124811e+10
1,30,5,7.124811e+10
1,30,1,1.242890e+11
1,30,2,1.242890e+11
1,30,3,1.242890e+11
1,30,5,1.242890e+11
1,30,1,8.200181e+10
1,30,2,8.200181e+10
1,30,3,8.200181e+10
1,30,5,7.060371e+10
1,30,1,1.153818e+11
1,30,2,1.153818e+11
1,30,3,1.153818e+11
1,30,5,1.153818e+11
1,30,1,5.555390e+10
1,30,2,5.555390e+10
1,30,3,5.555390e+10
1,30,5,5.555390e+10
1,30,1,5.219087e+10
1,30,2,5.219087e+10
1,30,3,5.219087e+10
1,30,5,5.219087e+10
1,30,1,7.101485e+10
1,30,2,7.101485e+10
1,30,3,7.101485e+10
1,30,5,7.101485e+10
1,30,1,8.426090e+10
1,30,2,8.426090e+10
1,30,3,8.426090e+10
1,30,5,8.426090e+10
1,30,1,5.734140e+10
1,30,2,5.734140e+10
1,30,3,5.734140e+10
1,30,5,5.734140e+10
1,30,1,6.960472e+10
1,30,2,6.960472e+10
1,30,3,6.960472e+10
1,30,5,6.960472e+10
1,30,1,6.574288e+10
1,30,2,6.574288e+10
1,30,3,6.574288e+10
1,30,5,6.574288e+10
1,30,1,8.908521e+10
1,30,2,8.908521e+10
1,30,3,8.908521e+10
1,30,5,4.426539e+10
1,30,1,1.079799e+11
1,30,2,1.079799e+11
1,30,3,1.079799e+11
1,30,5,1.079799e+11
1,30,1,7.241392e+10
1,30,2,7.241392e+10
1,30,3,7.241392e+10
1,30,5,7.241392e+10
1,30,1,7.898491e+10
1,30,2,7.223594e+10
1,30,3,3.963689e+10
1,30,5,2.988492e+10
1,30,1,8.225545e+10
1,30,2,8.225545e+10
1,30,3,8.225545e+10
1,30,5,2.045307e+10
1,30,1,6.938261e+10
1,30,2,6.938261e+10
1,30,3,6.938261e+10
1,30,5,6.938261e+10
1,30,1,6.172947e+10
1,30,2,6.172947e+10
1,30,3,6.172947e+10
1,30,5,3.667408e+10
1,30,1,7.074958e+10
1,30,2,7.074958e+10
1,30,3,7.074958e+10
1,30,5,7.074958e+10
1,30,1,7.158611e+10
1,30,2,7.158611e+10
1,30,3,7.158611e+10
1,30,5,8.294067e+09
1,30,1,1.238064e+11
1,30,2,1.238064e+11
1,30,3,1.238064e+11
1,30,5,3.721651e+10
1,30,1,6.515486e+10
1,30,2,6.515486e+10
1,30,3,6.515486e+10
1,30,5,6.515486e+10
1,30,1,1.473174e+11
1,30,2,1.473174e+11
1,30,3,1.473174e+11
1,30,5,1.473174e+11
1,30,1,7.846913e+10
1,30,2,7.846913e+10
1,30,3,7.846913e+10
1,30,5,3.043149e+10
1,30,1,8.242875e+10
1,30,2,8.242875e+10
1,30,3,8.242875e+10
1,30,5,8.242875e+10
1,30,1,6.884489e+10
1,30,2,6.884489e+10
1,30,3,6.884489e+10
1,30,5,4.926890e+10
1,30,1,5.610943e+10
1,30,2,5.610943e+10
1,30,3,5.610943e+10
1,30,5,5.610943e+10
1,30,1,8.712157e+10
1,30,2,7.923082e+10
1,30,3,7.923082e+10
1,30,5,7.923082e+10
1,30,1,6.765905e+10
1,30,2,5.209161e+10
1,30,3,5.209161e+10
1,30,5,5.209161e+10
1,30,1,8.018025e+10
1,30,2,8.018025e+10
1,30,3,8.018025e+10
1,30,5,8.018025e+10
1,30,1,1.004608e+11
1,30,2,1.004608e+11
1,30,3,1.004608e+11
1,30,5,1.004608e+11
1,30,1,8.660521e+10
1,30,2,8.660521e+10
1,30,3,7.168822e+10
1,30,5,3.391331e+10
1,30,1,6.743556e+10
1,30,2,6.743556e+10
1,30,3,6.743556e+10
1,30,5,5.132607e+10
1,30,1,7.292743e+10
1,30,2,7.292743e+10
1,30,3,7.292743e+10
1,30,5,1.119799e+10
1,30,1,7.086884e+10
1,30,2,7.086884e+10
1,30,3,7.086884e+10
1,30,5,7.086884e+10
1,30,1,7.245479e+10
1,30,2,7.245479e+10
1,30,3,7.245479e+10
1,30,5,4.770621e+10
1,30,1,8.145995e+10
1,30,2,8.145995e+10
1,30,3,8.145995e+10
1,30,5,8.145995e+10
1,30,1,5.715146e+10
1,30,2,5.715146e+10
1,30,3,5.715146e+10
1,30,5,5.715146e+10
1,30,1,6.986192e+10
1,30,2,6.986192e+10
1,30,3,6.986192e+10
1,30,5,6.986192e+10
1,30,1,7.014873e+10
1,30,2,7.014873e+10
1,30,3,6.970899e+10
1,30,5,5.024412e+10
1,30,1,6.430176e+10
1,30,2,6.430176e+10
1,30,3,6.430176e+10
1,30,5,6.430176e+10
1,30,1,1.160254e+11
1,30,2,1.160254e+11
1,30,3,1.160254e+11
1,30,5,1.510787e+10
1,30,1,9.231885e+10
1,30,2,9.231885e+10
1,30,3,9.231885e+10
1,30,5,9.231885e+10
1,30,1,7.453214e+10
1,30,2,7.453214e+10
1,30,3,7.453214e+10
1,30,5,2.391138e+10
1,30,1,1.551079e+11
1,30,2,1.551079e+11
1,30,3,1.551079e+11
1,30,5,3.481738e+10
1,30,1,8.587353e+10
1,30,2,8.587353e+10
1,30,3,8.587353e+10
1,30,5,8.587353e+10
1,30,1,6.749520e+10
1,30,2,6.749520e+10
1,30,3,6.749520e+10
1,30,5,3.732223e+10
1,30,1,6.742999e+10
1,30,2,6.742999e+10
1,30,3,6.742999e+10
1,30,5,4.899998e+10
1,30,1,5.648038e+10
1,30,2,5.648038e+10
1,30,3,5.648038e+10
1,30,5,5.648038e+10
1,30,1,6.647589e+10
1,30,2,6.647589e+10
1,30,3,6.647589e+10
1,30,5,6.647589e+10
1,30,1,7.379204e+10
1,30,2,7.379204e+10
1,30,3,7.379204e+10
1,30,5,6.662240e+10
1,30,1,9.551928e+10
1,30,2,9.551928e+10
1,30,3,6.409309e+10
1,30,5,3.788648e+10
1,30,1,6.551613e+10
1,30,2,6.551613e+10
1,30,3,6.551613e+10
1,30,5,6.551613e+10
1,30,1,1.158887e+11
1,30,2,1.158887e+11
1,30,3,1.158887e+11
1,30,5,2.080397e+10
1,30,1,6.680797e+10
1,30,2,6.680797e+10
1,30,3,6.680797e+10
1,30,5,6.680797e+10
1,30,1,7.229449e+10
1,30,2,6.994808e+10
1,30,3,3.955210e+10
1,30,5,3.613897e+10
1,30,1,7.141219e+10
1,30,2,7.141219e+10
1,30,3,4.158942e+10
1,30,5,4.158942e+10
1,30,1,5.527781e+10
1,30,2,5.527781e+10
1,30,3,5.527781e+10
1,30,5,5.527781e+10
1,30,1,6.356858e+10
1,30,2,6.356858e+10
1,30,3,6.356858e+10
1,30,5,6.356858e+10
1,30,1,9.010059e+10
1,30,2,9.010059e+10
1,30,3,9.010059e+10
1,30,5,9.010059e+10
1,30,1,7.763679e+10
1,30,2,7.763679e+10
1,30,3,7.763679e+10
1,30,5,2.431553e+10
1,30,1,1.003046e+11
1,30,2,1.003046e+11
1,30,3,1.003046e+11
1,30,5,1.003046e+11
1,30,1,7.326067e+10
1,30,2,7.326067e+10
1,30,3,5.576446e+10
1,30,5,1.667575e+10
1,30,1,5.523367e+10
1,30,2,5.523367e+10
1,30,3,5.523367e+10
1,30,5,5.523367e+10
1,30,1,7.071044e+10
1,30,2,7.071044e+10
1,30,3,7.071044e+10
1,30,5,7.071044e+10
1,30,1,7.520289e+10
1,30,2,7.520289e+10
1,30,3,7.520289e+10
1,30,5,1.401853e+10
1,30,1,6.689075e+10
1,30,2,6.689075e+10
1,30,3,6.689075e+10
1,30,5,6.689075e+10
1,30,1,8.709404e+10
1,30,2,8.709404e+10
1,30,3,8.709404e+10
1,30,5,2.930658e+10
1,30,1,7.969030e+10
1,30,2,7.969030e+10
1,30,3,7.969030e+10
1,30,5,7.969030e+10
1,30,1,7.290708e+10
1,30,2,7.290708e+10
1,30,3,7.290708e+10
1,30,5,7.290708e+10
1,30,1,8.674032e+10
1,30,2,8.674032e+10
1,30,3,8.674032e+10
1,30,5,1.567871e+10
1,30,1,1.401753e+11
1,30,2,1.401753e+11
1,30,3,1.401753e+11
1,30,5,1.401753e+11
1,30,1,6.950169e+10
1,30,2,6.950169e+10
1,30,3,6.950169e+10
1,30,5,6.829467e+10
1,30,1,7.803530e+10
1,30,2,7.803530e+10
1,30,3,7.803530e+10
1,30,5,7.803530e+10
1,30,1,8.124333e+10
1,30,2,8.124333e+10
1,30,3,8.124333e+10
1,30,5,8.124333e+10
1,30,1,7.336921e+10
1,30,2,5.762886e+10
1,30,3,5.762886e+10
1,30,5,5.646625e+10
1,30,1,5.868235e+10
1,30,2,5.868235e+10
1,30,3,5.868235e+10
1,30,5,3.216131e+10
1,30,1,1.429440e+11
1,30,2,1.429440e+11
1,30,3,1.429440e+11
1,30,5,1.429440e+11
1,30,1,8.670056e+10
1,30,2,8.670056e+10
1,30,3,8.670056e+10
1,30,5,3.232661e+10
1,30,1,1.365222e+11
1,30,2,1.365222e+11
1,30,3,1.365222e+11
1,30,5,1.365222e+11
1,30,1,5.306250e+10
1,30,2,5.306250e+10
1,30,3,5.306250e+10
1,30,5,5.306250e+10
1,30,1,6.524986e+10
1,30,2,6.524986e+10
1,30,3,6.524986e+10
1,30,5,6.524986e+10
1,30,1,8.235251e+10
1,30,2,8.235251e+10
1,30,3,7.110599e+10
1,30,5,3.703457e+10
1,30,1,6.957802e+10
1,30,2,6.957802e+10
1,30,3,6.957802e+10
1,30,5,6.957802e+10
1,30,1,7.462042e+10
1,30,2,7.462042e+10
1,30,3,4.893582e+10
1,30,5,4.809699e+09
1,30,1,5.433111e+10
1,30,2,5.433111e+10
1,30,3,5.433111e+10
1,30,5,5.433111e+10
1,30,1,8.359770e+10
1,30,2,8.359770e+10
1,30,3,8.359770e+10
1,30,5,4.374195e+10
1,30,1,7.050013e+10
1,30,2,6.630504e+10
1,30,3,6.630504e+10
1,30,5,4.039037e+10
1,30,1,5.686630e+10
1,30,2,5.686630e+10
1,30,3,5.686630e+10
1,30,5,5.686630e+10
1,30,1,7.083380e+10
1,30,2,7.083380e+10
1,30,3,7.083380e+10
1,30,5,2.992463e+10
1,30,1,1.181317e+11
1,30,2,1.181317e+11
1,30,3,1.181317e+11
1,30,5,1.181317e+11
1,30,1,6.335199e+10
1,30,2,6.335199e+10
1,30,3,6.335199e+10
1,30,5,6.335199e+10
1,30,1,7.677009e+10
1,30,2,7.431848e+10
1,30,3,6.871618e+10
1,30,5,6.871618e+10
1,30,1,6.353682e+10
1,30,2,6.353682e+10
1,30,3,6.353682e+10
1,30,5,6.353682e+10
1,30,1,7.153687e+10
1,30,2,7.115352e+10
1,30,3,7.115352e+10
1,30,5,3.182102e+10
1,30,1,1.447389e+11
1,30,2,1.447389e+11
1,30,3,1.447389e+11
1,30,5,1.447389e+11
1,30,1,6.276925e+10
1,30,2,6.276925e+10
1,30,3,6.276925e+10
1,30,5,6.276925e+10
1,30,1,6.166752e+10
1,30,2,6.166752e+10
1,30,3,6.166752e+10
1,30,5,4.649049e+10
1,30,1,7.820288e+10
1,30,2,7.820288e+10
1,30,3,7.820288e+10
1,30,5,3.340951e+10
1,30,1,6.444099e+10
1,30,2,6.444099e+10
1,30,3,6.444099e+10
1,30,5,6.444099e+10
1,30,1,1.262107e+11
1,30,2,1.262107e+11
1,30,3,1.262107e+11
1,30,5,1.262107e+11
1,30,1,8.131963e+10
1,30,2,8.131963e+10
1,30,3,8.131963e+10
1,30,5,1.926854e+10
1,30,1,1.587968e+11
1,30,2,1.587968e+11
1,30,3,1.587968e+11
1,30,5,1.587968e+11
1,30,1,5.494835e+10
1,30,2,5.494835e+10
1,30,3,5.494835e+10
1,30,5,4.238943e+10
1,30,1,6.349995e+10
1,30,2,6.349995e+10
1,30,3,6.349995e+10
1,30,5,6.327767e+10
1,30,1,7.192060e+10
1,30,2,7.192060e+10
1,30,3,7.192060e+10
1,30,5,7.192060e+10
1,30,1,9.969078e+10
1,30,2,9.969078e+10
1,30,3,9.969078e+10
1,30,5,4.930839e+10
1,30,1,8.829891e+10
1,30,2,8.829891e+10
1,30,3,8.829891e+10
1,30,5,8.829891e+10
1,30,1,1.066435e+11
1,30,2,1.066435e+11
1,30,3,1.066435e+11
1,30,5,1.066435e+11
1,30,1,1.111375e+11
1,30,2,1.111375e+11
1,30,3,4.262380e+10
1,30,5,4.262380e+10
1,30,1,6.306427e+10
1,30,2,6.306427e+10
1,30,3,6.306427e+10
1,30,5,6.306427e+10
1,30,1,8.508760e+10
1,30,2,8.508760e+10
1,30,3,8.508760e+10
1,30,5,8.508760e+10
1,30,1,1.097098e+11
1,30,2,1.097098e+11
1,30,3,1.097098e+11
1,30,5,1.097098e+11
1,30,1,6.455080e+10
1,30,2,6.455080e+10
1,30,3,6.455080e+10
1,30,5,6.455080e+10
1,30,1,1.051280e+11
1,30,2,1.051280e+11
1,30,3,1.051280e+11
1,30,5,1.051280e+11
1,30,1,9.117329e+10
1,30,2,9.117329e+10
1,30,3,9.117329e+10
1,30,5,9.117329e+10
1,30,1,7.650299e+10
1,30,2,7.650299e+10
1,30,3,7.650299e+10
1,30,5,4.301939e+10
1,30,1,7.206933e+10
1,30,2,7.146917e+10
1,30,3,4.422737e+10
1,30,5,4.145208e+10
1,30,1,8.986393e+10
1,30,2,5.125781e+10
1,30,3,4.965634e+10
1,30,5,4.965634e+10
1,30,1,7.809079e+10
1,30,2,7.809079e+10
1,30,3,7.809079e+10
1,30,5,7.809079e+10
1,30,1,7.650662e+10
1,30,2,7.650662e+10
1,30,3,7.650662e+10
1,30,5,5.164925e+10
1,30,1,1.412263e+11
1,30,2,1.412263e+11
1,30,3,4.462513e+10
1,30,5,4.462513e+10
1,30,1,5.337328e+10
1,30,2,5.337328e+10
1,30,3,5.337328e+10
1,30,5,5.337328e+10
1,30,1,8.260208e+10
1,30,2,8.260208e+10
1,30,3,8.260208e+10
1,30,5,8.260208e+10
1,30,1,7.578268e+10
1,30,2,7.578268e+10
1,30,3,7.578268e+10
1,30,5,7.578268e+10
1,30,1,7.968042e+10
1,30,2,7.968042e+10
1,30,3,7.968042e+10
1,30,5,7.968042e+10
1,30,1,6.862933e+10
1,30,2,6.862933e+10
1,30,3,6.862933e+10
1,30,5,2.659817e+10
1,30,1,8.458172e+10
1,30,2,8.458172e+10
1,30,3,8.458172e+10
1,30,5,8.458172e+10
1,30,1,7.022766e+10
1,30,2,7.022766e+10
1,30,3,7.022766e+10
1,30,5,7.022766e+10
1,30,1,6.687524e+10
1,30,2,6.687524e+10
1,30,3,6.687524e+10
1,30,5,6.687524e+10
1,30,1,7.258439e+10
1,30,2,7.258439e+10
1,30,3,7.258439e+10
1,30,5,7.258439e+10
1,30,1,6.803364e+10
1,30,2,6.803364e+10
1,30,3,6.803364e+10
1,30,5,6.803364e+10
1,30,1,1.254473e+11
1,30,2,1.254473e+11
1,30,3,4.157501e+10
1,30,5,1.239744e+10
1,30,1,6.781750e+10
1,30,2,6.781750e+10
1,30,3,6.781750e+10
1,30,5,6.781750e+10
1,30,1,7.105506e+10
1,30,2,7.105506e+10
1,30,3,7.105506e+10
1,30,5,4.667824e+10
1,30,1,7.375348e+10
1,30,2,7.375348e+10
1,30,3,7.375348e+10
1,30,5,7.375348e+10
1,30,1,7.407296e+10
1,30,2,5.451539e+10
1,30,3,5.451539e+10
1,30,5,5.451539e+10
1,30,1,1.168220e+11
1,30,2,1.168220e+11
1,30,3,1.168220e+11
1,30,5,1.879694e+10
1,30,1,1.234264e+11
1,30,2,1.234264e+11
1,30,3,1.234264e+11
1,30,5,1.234264e+11
1,30,1,6.065178e+10
1,30,2,6.065178e+10
1,30,3,6.065178e+10
1,30,5,4.172851e+10
1,30,1,6.750793e+10
1,30,2,6.750793e+10
1,30,3,6.750793e+10
1,30,5,6.750793e+10
1,30,1,8.272297e+10
1,30,2,8.272297e+10
1,30,3,8.272297e+10
1,30,5,8.272297e+10
1,30,1,6.764501e+10
1,30,2,6.764501e+10
1,30,3,6.764501e+10
1,30,5,4.103257e+10
1,30,1,7.055305e+10
1,30,2,7.055305e+10
1,30,3,7.055305e+10
1,30,5,7.055305e+10
1,30,1,7.327265e+10
1,30,2,7.327265e+10
1,30,3,7.327265e+10
1,30,5,7.327265e+10
1,30,1,7.176479e+10
1,30,2,7.176479e+10
1,30,3,5.708114e+10
1,30,5,5.708114e+10
1,30,1,9.393521e+10
1,30,2,9.393521e+10
1,30,3,9.393521e+10
1,30,5,9.393521e+10
1,30,1,1.460212e+11
1,30,2,1.460212e+11
1,30,3,1.460212e+11
1,30,5,1.460212e+11
1,30,1,7.810731e+10
1,30,2,7.810731e+10
1,30,3,7.810731e+10
1,30,1,5.982524e+10
1,30,2,5.982524e+10
1,30,3,5.982524e+10
1,30,5,5.982524e+10
1,30,1,6.185320e+10
1,30,2,6.185320e+10
1,30,3,4.155673e+10
1,30,5,4.155673e+10
1,30,1,1.085206e+11
1,30,2,1.085206e+11
1,30,3,1.085206e+11
1,30,5,4.538149e+10
1,30,1,7.500553e+10
1,30,2,7.500553e+10
1,30,3,7.500553e+10
1,30,5,7.500553e+10
1,30,1,7.166104e+10
1,30,2,7.166104e+10
1,30,3,7.111635e+10
1,30,5,7.111635e+10
1,30,1,6.388827e+10
1,30,2,6.388827e+10
1,30,3,6.388827e+10
1,30,1,7.889810e+10
1,30,2,7.345885e+10
1,30,3,7.074002e+10
1,30,5,7.074002e+10
1,30,10,7.074002e+10
1,30,20,7.074002e+10
1,30,30,7.074002e+10
1,30,40,7.074002e+10
1,30,50,7.074002e+10
1,30,1,1.348680e+11
1,30,2,1.348680e+11
1,30,3,1.348680e+11
1,30,5,1.348680e+11
1,30,10,1.348680e+11
1,30,20,1.348680e+11
1,30,30,1.348680e+11
1,30,40,1.348680e+11
1,30,50,1.348680e+11
1,30,1,1.388584e+11
1,30,2,1.388584e+11
1,30,3,1.388584e+11
1,30,5,1.030280e+11
1,30,10,1.030280e+11
1,30,20,1.030280e+11
1,30,30,1.030280e+11
1,30,40,1.030280e+11
1,30,50,1.030280e+11
1,30,1,9.501340e+10
1,30,2,7.686840e+10
1,30,3,7.686840e+10
1,30,5,7.686840e+10
1,30,10,7.686840e+10
1,30,20,7.686840e+10
1,30,30,7.686840e+10
1,30,40,6.539878e+10
1,30,50,1.059312e+10
1,30,1,7.633605e+10
1,30,2,7.633605e+10
1,30,3,7.633605e+10
1,30,5,7.633605e+10
1,30,10,7.633605e+10
1,30,20,7.633605e+10
1,30,30,7.633605e+10
1,30,40,3.027507e+10
1,30,50,3.027507e+10
1,30,1,1.363081e+11
1,30,2,1.363081e+11
1,30,3,1.363081e+11
1,30,5,1.363081e+11
1,30,10,1.363081e+11
1,30,20,1.363081e+11
1,30,30,1.363081e+11
1,30,40,1.363081e+11
1,30,50,1.363081e+11
1,30,1,7.382883e+10
1,30,2,7.379321e+10
1,30,3,7.379321e+10
1,30,5,7.379321e+10
1,30,10,7.379321e+10
1,30,20,7.379321e+10
1,30,30,7.379321e+10
1,30,40,7.379321e+10
1,30,50,7.379321e+10
1,30,1,7.043666e+10
1,30,2,6.552322e+10
1,30,3,6.552322e+10
1,30,5,6.552322e+10
1,30,10,6.552322e+10
1,30,20,6.552322e+10
1,30,30,6.552322e+10
1,30,40,6.552322e+10
1,30,50,2.804444e+10
1,30,1,1.008332e+11
1,30,2,1.008332e+11
1,30,3,1.008332e+11
1,30,5,7.635045e+10
1,30,10,7.635045e+10
1,30,20,7.635045e+10
1,30,30,3.257974e+10
1,30,40,2.241718e+10
1,30,50,2.241718e+10
1,30,1,1.302845e+11
1,30,2,1.302845e+11
1,30,3,1.302845e+11
1,30,5,1.302845e+11
1,30,10,7.586389e+10
1,30,20,6.381993e+10
1,30,30,5.663966e+10
1,30,40,5.067671e+10
1,30,50,1.076434e+10
1,30,1,1.758185e+11
1,30,2,1.758185e+11
1,30,3,1.758185e+11
1,30,5,1.758185e+11
1,30,10,1.758185e+11
1,30,20,1.758185e+11
1,30,30,1.758185e+11
1,30,40,6.884735e+10
1,30,50,1.285336e+10
1,30,1,1.157571e+11
1,30,2,1.157571e+11
1,30,3,1.157571e+11
1,30,5,1.157571e+11
1,30,10,1.157571e+11
1,30,20,1.157571e+11
1,30,30,1.157571e+11
1,30,40,1.157571e+11
1,30,50,1.157571e+11
1,30,1,8.363255e+10
1,30,2,7.278635e+10
1,30,3,6.849530e+10
1,30,5,6.849530e+10
1,30,10,6.849530e+10
1,30,20,6.849530e+10
1,30,30,6.849530e+10
1,30,40,2.266323e+10
1,30,50,3.217431e+09
1,30,1,8.746171e+10
1,30,2,7.902396e+10
1,30,3,7.902396e+10
1,30,5,7.902396e+10
1,30,10,7.902396e+10
1,30,20,6.805742e+10
1,30,30,3.635370e+10
1,30,40,3.635370e+10
1,30,50,3.635370e+10
1,30,1,8.008778e+10
1,30,2,8.008778e+10
1,30,3,8.008778e+10
1,30,5,8.008778e+10
1,30,10,8.008778e+10
1,30,20,8.008778e+10
1,30,30,8.008778e+10
1,30,40,8.008778e+10
1,30,50,8.008778e+10
1,30,1,1.168681e+11
1,30,2,1.168681e+11
1,30,3,1.168681e+11
1,30,5,1.168681e+11
1,30,10,1.168681e+11
1,30,20,1.168681e+11
1,30,30,1.168681e+11
1,30,40,1.168681e+11
1,30,50,1.251463e+10
1,30,1,1.039033e+11
1,30,2,1.039033e+11
1,30,3,1.039033e+11
1,30,5,1.039033e+11
1,30,10,1.039033e+11
1,30,20,1.039033e+11
1,30,30,4.736411e+10
1,30,40,2.524528e+10
1,30,50,2.524528e+10
1,30,1,1.107835e+11
1,30,2,6.900974e+10
1,30,3,6.086190e+10
1,30,5,6.083135e+10
1,30,10,6.083135e+10
1,30,20,6.083135e+10
1,30,30,6.083135e+10
1,30,40,6.083135e+10
1,30,50,2.002410e+10
1,30,1,7.577596e+10
1,30,2,6.511795e+10
1,30,3,6.511795e+10
1,30,5,6.511795e+10
1,30,10,6.511795e+10
1,30,20,6.511795e+10
1,30,30,6.511795e+10
1,30,40,6.511795e+10
1,30,50,6.511795e+10
1,30,1,8.264239e+10
1,30,2,8.264239e+10
1,30,3,8.264239e+10
1,30,5,8.264239e+10
1,30,10,6.942047e+10
1,30,20,6.942047e+10
1,30,30,6.942047e+10
1,30,40,6.942047e+10
1,30,50,6.942047e+10
1,30,1,1.412968e+11
1,30,2,8.203611e+10
1,30,3,8.203611e+10
1,30,5,8.203611e+10
1,30,10,8.203611e+10
1,30,20,8.203611e+10
1,30,30,8.203611e+10
1,30,40,8.203611e+10
1,30,50,8.203611e+10
1,30,1,8.840341e+10
1,30,2,8.840341e+10
1,30,3,7.833353e+10
1,30,5,7.443657e+10
1,30,10,7.443657e+10
1,30,20,7.443657e+10
1,30,30,7.443657e+10
1,30,40,7.443657e+10
1,30,50,7.443657e+10
1,30,1,8.722735e+10
1,30,2,8.722735e+10
1,30,3,7.934231e+10
1,30,5,7.848042e+10
1,30,10,7.589060e+10
1,30,20,7.589060e+10
1,30,30,7.589060e+10
1,30,40,5.032343e+10
1,30,50,1.424132e+10
1,30,1,1.630833e+11
1,30,2,1.630833e+11
1,30,3,1.630833e+11
1,30,5,1.630833e+11
1,30,10,7.952844e+10
1,30,20,7.952844e+10
1,30,30,7.952844e+10
1,30,40,7.952844e+10
1,30,50,7.173005e+10
1,30,1,6.569907e+10
1,30,2,6.569907e+10
1,30,3,6.569907e+10
1,30,5,6.569907e+10
1,30,10,6.569907e+10
1,30,20,6.569907e+10
1,30,30,5.249432e+10
1,30,40,5.249432e+10
1,30,50,9.844442e+09
1,30,1,5.389788e+10
1,30,2,5.389788e+10
1,30,3,5.389788e+10
1,30,5,5.389788e+10
1,30,10,5.389788e+10
1,30,20,5.389788e+10
1,30,30,5.389788e+10
1,30,40,5.389788e+10
1,30,50,5.389788e+10
1,30,1,7.638115e+10
1,30,2,7.638115e+10
1,30,3,7.638115e+10
1,30,5,7.638115e+10
1,30,10,7.053607e+10
1,30,20,6.471335e+10
1,30,30,4.893963e+10
1,30,40,4.893963e+10
1,30,50,4.893963e+10
1,30,1,1.366771e+11
1,30,2,1.366771e+11
1,30,3,1.366771e+11
1,30,5,5.587543e+10
1,30,10,5.587543e+10
1,30,20,5.587543e+10
1,30,30,5.587543e+10
1,30,40,5.587543e+10
1,30,50,2.086202e+10
1,30,1,9.653585e+10
1,30,2,9.653585e+10
1,30,3,9.653585e+10
1,30,5,9.653585e+10
1,30,10,7.821277e+10
1,30,20,7.821277e+10
1,30,30,7.821277e+10
1,30,40,5.942466e+10
1,30,50,1.101991e+10
1,30,1,1.186806e+11
1,30,2,1.186806e+11
1,30,3,1.186806e+11
1,30,5,1.186806e+11
1,30,10,1.186806e+11
1,30,20,1.186806e+11
1,30,30,7.542327e+10
1,30,40,7.542327e+10
1,30,50,1.681943e+10
1,30,1,8.568264e+10
1,30,2,8.568264e+10
1,30,3,8.568264e+10
1,30,5,7.749867e+10
1,30,10,7.749867e+10
1,30,20,7.749867e+10
1,30,30,7.749867e+10
1,30,40,2.851654e+10
1,30,50,2.851654e+10
1,30,1,1.000621e+11
1,30,2,1.000621e+11
1,30,3,1.000621e+11
1,30,5,1.000621e+11
1,30,10,1.000621e+11
1,30,20,1.000621e+11
1,30,30,1.000621e+11
1,30,40,1.000621e+11
1,30,50,1.000621e+11
1,30,1,6.699615e+10
1,30,2,6.699615e+10
1,30,3,6.699615e+10
1,30,5,6.699615e+10
1,30,10,6.699615e+10
1,30,20,6.699615e+10
1,30,30,6.699615e+10
1,30,40,6.699615e+10
1,30,50,2.314351e+10
1,30,1,7.169875e+10
1,30,2,7.169875e+10
1,30,3,7.169875e+10
1,30,5,6.840071e+10
1,30,10,6.836544e+10
1,30,20,6.836544e+10
1,30,30,4.728848e+10
1,30,40,2.182220e+10
1,30,50,2.182220e+10
1,30,1,1.011037e+11
1,30,2,1.011037e+11
1,30,3,1.011037e+11
1,30,5,1.011037e+11
1,30,10,1.011037e+11
1,30,20,1.011037e+11
1,30,30,1.011037e+11
1,30,40,6.266878e+10
1,30,50,7.859248e+09
1,30,1,7.310991e+10
1,30,2,7.310991e+10
1,30,3,7.310991e+10
1,30,5,7.310991e+10
1,30,10,7.310991e+10
1,30,20,7.310991e+10
1,30,30,7.310991e+10
1,30,40,3.401265e+10
1,30,50,4.651982e+09
1,30,1,1.104237e+11
1,30,2,1.104237e+11
1,30,3,1.104237e+11
1,30,5,1.104237e+11
1,30,10,1.104237e+11
1,30,20,1.104237e+11
1,30,30,1.104237e+11
1,30,40,1.104237e+11
1,30,50,1.104237e+11
1,30,1,1.023928e+11
1,30,2,1.023928e+11
1,30,3,1.023928e+11
1,30,5,1.023928e+11
1,30,10,1.023928e+11
1,30,20,1.023928e+11
1,30,30,1.023928e+11
1,30,40,1.023928e+11
1,30,50,1.023928e+11
1,30,1,1.483666e+11
1,30,2,1.483666e+11
1,30,3,9.283125e+10
1,30,5,9.279194e+10
1,30,10,9.082064e+10
1,30,20,5.871311e+10
1,30,30,3.673256e+10
1,30,40,2.447402e+10
1,30,50,2.447402e+10
1,30,1,1.133556e+11
1,30,2,1.133556e+11
1,30,3,9.541965e+10
1,30,5,8.256578e+10
1,30,10,8.256578e+10
1,30,20,8.256578e+10
1,30,30,4.007144e+10
1,30,40,2.648651e+10
1,30,50,2.648651e+10
1,30,1,1.491233e+11
1,30,2,7.656272e+10
1,30,3,7.181018e+10
1,30,5,7.181018e+10
1,30,10,7.181018e+10
1,30,20,7.181018e+10
1,30,30,7.181018e+10
1,30,40,2.291681e+10
1,30,50,2.163405e+10
1,30,1,1.487391e+11
1,30,2,1.487391e+11
1,30,3,1.487391e+11
1,30,5,1.487391e+11
1,30,10,1.487391e+11
1,30,20,1.487391e+11
1,30,30,1.487391e+11
1,30,40,2.075584e+10
1,30,50,1.698197e+09
1,30,1,1.291230e+11
1,30,2,8.636588e+10
1,30,3,7.035024e+10
1,30,5,7.035024e+10
1,30,10,7.035024e+10
1,30,20,7.035024e+10
1,30,30,5.300794e+10
1,30,40,3.843989e+10
1,30,50,3.843989e+10
1,30,1,1.077014e+11
1,30,2,8.941966e+10
1,30,3,8.070813e+10
1,30,5,7.949802e+10
1,30,10,7.949802e+10
1,30,20,7.949802e+10
1,30,30,7.949802e+10
1,30,40,7.949802e+10
1,30,50,2.723037e+10
1,30,1,9.633977e+10
1,30,2,8.736002e+10
1,30,3,7.722313e+10
1,30,5,7.722313e+10
1,30,10,7.722313e+10
1,30,20,7.722313e+10
1,30,30,7.722313e+10
1,30,40,4.319773e+10
1,30,50,1.294878e+10
1,30,1,8.365787e+10
1,30,2,7.894080e+10
1,30,3,6.716354e+10
1,30,5,6.716354e+10
1,30,10,6.716354e+10
1,30,20,6.716354e+10
1,30,30,6.716354e+10
1,30,40,6.716354e+10
1,30,50,6.716354e+10
1,30,1,1.142935e+11
1,30,2,1.142935e+11
1,30,3,8.027745e+10
1,30,5,8.021821e+10
1,30,10,8.021821e+10
1,30,20,8.021821e+10
1,30,30,8.021821e+10
1,30,40,8.021821e+10
1,30,50,8.021821e+10
1,30,1,6.660643e+10
1,30,2,6.660643e+10
1,30,3,6.660643e+10
1,30,5,6.660643e+10
1,30,10,6.660643e+10
1,30,20,6.660643e+10
1,30,30,6.660643e+10
1,30,40,6.660643e+10
1,30,50,1.551494e+10
1,30,1,1.059355e+11
1,30,2,9.597281e+10
1,30,3,7.045392e+10
1,30,5,6.460453e+10
1,30,10,6.460453e+10
1,30,20,6.460453e+10
1,30,30,6.460453e+10
1,30,40,6.460453e+10
1,30,50,2.891631e+10
1,30,1,9.736051e+10
1,30,2,8.201015e+10
1,30,3,7.705799e+10
1,30,5,7.705799e+10
1,30,10,7.705799e+10
1,30,20,7.705799e+10
1,30,30,7.705799e+10
1,30,40,7.705799e+10
1,30,50,7.705799e+10
1,30,1,1.137346e+11
1,30,2,1.137346e+11
1,30,3,8.404952e+10
1,30,5,8.373959e+10
1,30,10,4.858456e+10
1,30,20,4.858456e+10
1,30,30,4.858456e+10
1,30,40,4.858456e+10
1,30,50,8.362204e+09
1,30,1,7.330778e+10
1,30,2,7.330778e+10
1,30,3,7.330778e+10
1,30,5,7.330778e+10
1,30,1,7.673435e+10
1,30,2,7.673435e+10
1,30,3,7.673435e+10
1,30,5,7.673435e+10
1,30,1,5.965548e+10
1,30,2,5.965548e+10
1,30,3,5.965548e+10
1,30,5,4.001797e+10
1,30,1,5.490986e+10
1,30,2,5.490986e+10
1,30,3,5.490986e+10
1,30,5,5.490986e+10
1,30,1,5.443163e+10
1,30,2,5.443163e+10
1,30,3,5.443163e+10
1,30,5,4.615056e+10
1,30,1,1.147871e+11
1,30,2,1.147871e+11
1,30,3,1.147871e+11
1,30,5,1.147871e+11
1,30,1,6.291385e+10
1,30,2,6.291385e+10
1,30,3,6.291385e+10
1,30,5,6.291385e+10
1,30,1,1.260396e+11
1,30,2,1.260396e+11
1,30,3,1.260396e+11
1,30,5,1.260396e+11
1,30,1,8.244472e+10
1,30,2,8.244472e+10
1,30,3,8.244472e+10
1,30,5,8.244472e+10
1,30,1,6.386804e+10
1,30,2,6.386804e+10
1,30,3,6.386804e+10
1,30,5,6.386804e+10
1,30,1,6.003077e+10
1,30,2,6.003077e+10
1,30,3,6.003077e+10
1,30,5,6.003077e+10
1,30,1,7.780866e+10
1,30,2,7.780866e+10
1,30,3,7.780866e+10
1,30,5,2.946966e+10
1,30,1,8.770910e+10
1,30,2,8.770910e+10
1,30,3,8.770910e+10
1,30,5,8.770910e+10
1,30,1,1.647761e+11
1,30,2,1.271981e+11
1,30,3,1.271981e+11
1,30,5,7.901704e+09
1,30,1,1.011556e+11
1,30,2,1.011556e+11
1,30,3,1.011556e+11
1,30,5,1.011556e+11
1,30,1,8.184969e+10
1,30,2,8.184969e+10
1,30,3,8.184969e+10
1,30,5,4.567088e+10
1,30,1,1.394991e+11
1,30,2,1.394991e+11
1,30,3,1.394991e+11
1,30,5,1.394991e+11
1,30,1,6.739969e+10
1,30,2,6.739969e+10
1,30,3,6.739969e+10
1,30,5,2.570171e+10
1,30,1,7.673864e+10
1,30,2,7.673864e+10
1,30,3,7.673864e+10
1,30,5,3.176778e+10
1,30,1,8.704373e+10
1,30,2,8.704373e+10
1,30,3,8.704373e+10
1,30,5,1.640873e+10
1,30,1,8.292175e+10
1,30,2,8.292175e+10
1,30,3,8.292175e+10
1,30,5,8.292175e+10
1,30,1,6.590702e+10
1,30,2,4.732440e+10
1,30,3,4.732440e+10
1,30,5,4.732440e+10
1,30,1,5.298816e+10
1,30,2,5.298816e+10
1,30,3,5.298816e+10
1,30,5,5.298816e+10
1,30,1,8.276536e+10
1,30,2,8.276536e+10
1,30,3,6.603902e+10
1,30,5,6.441211e+10
1,30,1,7.000824e+10
1,30,2,7.000824e+10
1,30,3,7.000824e+10
1,30,5,2.458447e+10
1,30,1,8.181273e+10
1,30,2,6.357111e+10
1,30,3,6.357111e+10
1,30,5,6.357111e+10
1,30,1,4.728193e+10
1,30,2,4.728193e+10
1,30,3,4.728193e+10
1,30,5,4.728193e+10
1,30,1,5.293721e+10
1,30,2,5.293721e+10
1,30,3,5.293721e+10
1,30,5,5.293721e+10
1,30,1,7.160389e+10
1,30,2,7.160389e+10
1,30,3,7.160389e+10
1,30,5,7.160389e+10
1,30,1,1.002258e+11
1,30,2,5.668769e+10
1,30,3,5.668769e+10
1,30,5,5.668769e+10
1,30,1,8.326113e+10
1,30,2,8.326113e+10
1,30,3,7.199558e+10
1,30,5,4.320705e+10
1,30,1,6.110179e+10
1,30,2,6.110179e+10
1,30,3,6.110179e+10
1,30,5,6.110179e+10
1,30,1,7.893134e+10
1,30,2,7.893134e+10
1,30,3,7.893134e+10
1,30,5,4.239415e+10
1,30,1,5.966002e+10
1,30,2,5.966002e+10
1,30,3,5.966002e+10
1,30,5,5.966002e+10
1,30,1,7.290106e+10
1,30,2,7.290106e+10
1,30,3,7.290106e+10
1,30,5,2.562859e+10
1,30,1,6.983685e+10
1,30,2,6.983685e+10
1,30,3,6.983685e+10
1,30,5,6.983685e+10
1,30,1,7.789121e+10
1,30,2,7.789121e+10
1,30,3,7.789121e+10
1,30,5,7.789121e+10
1,30,1,1.084112e+11
1,30,2,9.577692e+10
1,30,3,9.577692e+10
1,30,5,2.468873e+10
1,30,1,6.605997e+10
1,30,2,6.605997e+10
1,30,3,6.605997e+10
1,30,5,6.605997e+10
1,30,1,7.363292e+10
1,30,2,7.363292e+10
1,30,3,7.363292e+10
1,30,5,7.363292e+10
1,30,1,7.282434e+10
1,30,2,7.282434e+10
1,30,3,7.282434e+10
1,30,5,7.282434e+10
1,30,1,6.062502e+10
1,30,2,6.062502e+10
1,30,3,6.062502e+10
1,30,5,6.062502e+10
1,30,1,6.942981e+10
1,30,2,6.942981e+10
1,30,3,6.942981e+10
1,30,5,6.942981e+10
1,30,1,6.966556e+10
1,30,2,6.966556e+10
1,30,3,6.966556e+10
1,30,5,6.966556e+10
1,30,1,1.034607e+11
1,30,2,1.034607e+11
1,30,3,1.034607e+11
1,30,5,1.034607e+11
1,30,1,7.984568e+10
1,30,2,7.984568e+10
1,30,3,7.984568e+10
1,30,5,7.984568e+10
1,30,1,8.567347e+10
1,30,2,8.494117e+10
1,30,3,8.494117e+10
1,30,5,3.206872e+10
1,30,1,9.157592e+10
1,30,2,8.244277e+10
1,30,3,8.244277e+10
1,30,5,4.255974e+10
1,30,1,8.288039e+10
1,30,2,8.288039e+10
1,30,3,8.288039e+10
1,30,5,1.631724e+10
1,30,1,7.322117e+10
1,30,2,7.322117e+10
1,30,3,7.322117e+10
1,30,5,2.724587e+10
1,30,1,7.412478e+10
1,30,2,7.412478e+10
1,30,3,7.412478e+10
1,30,5,6.722539e+10
