funcid,dim,milestone,error
16,30,1,3.151893e+03
16,30,2,3.151893e+03
16,30,3,3.151893e+03
16,30,5,3.151893e+03
16,30,1,4.906939e+03
16,30,2,4.906939e+03
16,30,3,4.906939e+03
16,30,5,4.906939e+03
16,30,1,6.780668e+03
16,30,2,6.780668e+03
16,30,3,6.780668e+03
16,30,5,6.780668e+03
16,30,1,4.916318e+03
16,30,2,4.916318e+03
16,30,3,4.916318e+03
16,30,5,4.916318e+03
16,30,1,1.043963e+04
16,30,2,1.043963e+04
16,30,3,1.043963e+04
16,30,5,1.043963e+04
16,30,1,5.224799e+03
16,30,2,5.224799e+03
16,30,3,5.224799e+03
16,30,5,5.224799e+03
16,30,1,7.117397e+03
16,30,2,7.117397e+03
16,30,3,7.117397e+03
16,30,5,7.117397e+03
16,30,1,6.403430e+03
16,30,2,6.403430e+03
16,30,3,6.403430e+03
16,30,5,6.403430e+03
16,30,1,7.894691e+03
16,30,2,7.894691e+03
16,30,3,7.894691e+03
16,30,5,7.894691e+03
16,30,1,9.366729e+03
16,30,2,9.366729e+03
16,30,3,9.366729e+03
16,30,5,9.366729e+03
16,30,1,8.884374e+03
16,30,2,8.884374e+03
16,30,3,8.884374e+03
16,30,5,8.884374e+03
16,30,1,1.103205e+04
16,30,2,8.294917e+03
16,30,3,7.555598e+03
16,30,5,7.555598e+03
16,30,1,3.634632e+03
16,30,2,3.634632e+03
16,30,3,3.634632e+03
16,30,5,3.634632e+03
16,30,1,3.582594e+03
16,30,2,3.582594e+03
16,30,3,3.582594e+03
16,30,5,3.582594e+03
16,30,1,7.933425e+03
16,30,2,7.933425e+03
16,30,3,7.933425e+03
16,30,5,7.933425e+03
16,30,1,5.548696e+03
16,30,2,5.548696e+03
16,30,3,5.548696e+03
16,30,5,5.548696e+03
16,30,1,5.578124e+03
16,30,2,5.578124e+03
16,30,3,5.578124e+03
16,30,5,5.578124e+03
16,30,1,5.033149e+03
16,30,2,5.033149e+03
16,30,3,5.033149e+03
16,30,5,5.033149e+03
16,30,1,6.049376e+03
16,30,2,6.049376e+03
16,30,3,6.049376e+03
16,30,5,6.049376e+03
16,30,1,6.262825e+03
16,30,2,6.262825e+03
16,30,3,6.262825e+03
16,30,5,6.262825e+03
16,30,1,5.362017e+03
16,30,2,5.362017e+03
16,30,3,5.362017e+03
16,30,5,5.362017e+03
16,30,1,6.866350e+03
16,30,2,6.866350e+03
16,30,3,6.866350e+03
16,30,5,6.866350e+03
16,30,1,9.107733e+03
16,30,2,9.107733e+03
16,30,3,9.107733e+03
16,30,5,9.107733e+03
16,30,1,6.474080e+03
16,30,2,6.474080e+03
16,30,3,6.474080e+03
16,30,5,6.474080e+03
16,30,1,1.834048e+04
16,30,2,1.834048e+04
16,30,3,1.834048e+04
16,30,5,1.834048e+04
16,30,1,8.394105e+03
16,30,2,8.394105e+03
16,30,3,8.394105e+03
16,30,5,8.394105e+03
16,30,1,7.069939e+03
16,30,2,7.069939e+03
16,30,3,7.069939e+03
16,30,5,7.069939e+03
16,30,1,5.096508e+03
16,30,2,5.096508e+03
16,30,3,5.096508e+03
16,30,5,5.096508e+03
16,30,1,4.340045e+03
16,30,2,4.340045e+03
16,30,3,4.340045e+03
16,30,5,4.340045e+03
16,30,1,5.418437e+03
16,30,2,5.418437e+03
16,30,3,5.418437e+03
16,30,5,5.418437e+03
16,30,1,7.066983e+03
16,30,2,7.066983e+03
16,30,3,7.066983e+03
16,30,5,7.066983e+03
16,30,1,1.094895e+04
16,30,2,1.094895e+04
16,30,3,1.094895e+04
16,30,5,4.194939e+03
16,30,1,9.119335e+03
16,30,2,9.119335e+03
16,30,3,9.119335e+03
16,30,5,9.119335e+03
16,30,1,4.315466e+03
16,30,2,4.315466e+03
16,30,3,4.315466e+03
16,30,5,4.315466e+03
16,30,1,5.832619e+03
16,30,2,5.832619e+03
16,30,3,5.832619e+03
16,30,5,5.832619e+03
16,30,1,4.672238e+03
16,30,2,4.672238e+03
16,30,3,4.672238e+03
16,30,5,4.672238e+03
16,30,1,7.392481e+03
16,30,2,7.392481e+03
16,30,3,7.392481e+03
16,30,5,7.392481e+03
16,30,1,1.596212e+04
16,30,2,1.596212e+04
16,30,3,1.596212e+04
16,30,5,7.299297e+03
16,30,1,4.532821e+03
16,30,2,4.532821e+03
16,30,3,4.532821e+03
16,30,5,4.532821e+03
16,30,1,9.218613e+03
16,30,2,9.218613e+03
16,30,3,9.218613e+03
16,30,5,9.218613e+03
16,30,1,6.233842e+03
16,30,2,6.233842e+03
16,30,3,6.233842e+03
16,30,5,6.233842e+03
16,30,1,6.021492e+03
16,30,2,6.021492e+03
16,30,3,6.021492e+03
16,30,5,6.021492e+03
16,30,1,8.388283e+03
16,30,2,8.388283e+03
16,30,3,8.388283e+03
16,30,5,8.388283e+03
16,30,1,4.028773e+03
16,30,2,4.028773e+03
16,30,3,4.028773e+03
16,30,5,4.028773e+03
16,30,1,5.626838e+03
16,30,2,5.626838e+03
16,30,3,5.626838e+03
16,30,5,5.626838e+03
16,30,1,6.389180e+03
16,30,2,6.389180e+03
16,30,3,6.389180e+03
16,30,5,6.389180e+03
16,30,1,7.364923e+03
16,30,2,7.364923e+03
16,30,3,7.364923e+03
16,30,5,7.364923e+03
16,30,1,7.559655e+03
16,30,2,7.559655e+03
16,30,3,7.559655e+03
16,30,5,7.559655e+03
16,30,1,7.311804e+03
16,30,2,7.311804e+03
16,30,3,7.311804e+03
16,30,5,7.311804e+03
16,30,1,4.970466e+03
16,30,2,4.970466e+03
16,30,3,4.970466e+03
16,30,5,4.970466e+03
16,30,1,8.451002e+03
16,30,2,8.451002e+03
16,30,3,8.451002e+03
16,30,5,7.504040e+03
16,30,1,5.255470e+03
16,30,2,5.255470e+03
16,30,3,5.255470e+03
16,30,5,5.255470e+03
16,30,1,7.279644e+03
16,30,2,7.230505e+03
16,30,3,6.949051e+03
16,30,5,6.949051e+03
16,30,1,7.445438e+03
16,30,2,7.445438e+03
16,30,3,7.445438e+03
16,30,5,7.445438e+03
16,30,1,6.487170e+03
16,30,2,6.487170e+03
16,30,3,6.487170e+03
16,30,5,6.487170e+03
16,30,1,4.075072e+03
16,30,2,4.075072e+03
16,30,3,4.075072e+03
16,30,5,4.075072e+03
16,30,1,5.266951e+03
16,30,2,5.266951e+03
16,30,3,5.266951e+03
16,30,5,5.266951e+03
16,30,1,5.156515e+03
16,30,2,5.156515e+03
16,30,3,5.156515e+03
16,30,5,5.156515e+03
16,30,1,5.521947e+03
16,30,2,5.521947e+03
16,30,3,5.521947e+03
16,30,5,5.521947e+03
16,30,1,1.168120e+04
16,30,2,1.168120e+04
16,30,3,1.168120e+04
16,30,5,8.942009e+03
16,30,1,7.501144e+03
16,30,2,7.501144e+03
16,30,3,7.501144e+03
16,30,5,7.501144e+03
16,30,1,8.242975e+03
16,30,2,8.242975e+03
16,30,3,8.242975e+03
16,30,5,8.242975e+03
16,30,1,1.004934e+04
16,30,2,1.004934e+04
16,30,3,1.004934e+04
16,30,5,1.004934e+04
16,30,1,9.226016e+03
16,30,2,9.226016e+03
16,30,3,9.226016e+03
16,30,5,9.226016e+03
16,30,1,4.058096e+03
16,30,2,4.058096e+03
16,30,3,4.058096e+03
16,30,5,4.058096e+03
16,30,1,7.932552e+03
16,30,2,7.932552e+03
16,30,3,7.932552e+03
16,30,5,7.932552e+03
16,30,1,9.144667e+03
16,30,2,9.144667e+03
16,30,3,9.144667e+03
16,30,5,9.144667e+03
16,30,1,4.374095e+03
16,30,2,4.374095e+03
16,30,3,4.374095e+03
16,30,5,4.374095e+03
16,30,1,4.076459e+03
16,30,2,4.076459e+03
16,30,3,4.076459e+03
16,30,5,4.076459e+03
16,30,1,6.591910e+03
16,30,2,6.591910e+03
16,30,3,6.591910e+03
16,30,5,6.591910e+03
16,30,1,6.958582e+03
16,30,2,6.958582e+03
16,30,3,6.958582e+03
16,30,5,6.958582e+03
16,30,1,6.027614e+03
16,30,2,6.027614e+03
16,30,3,6.027614e+03
16,30,5,6.027614e+03
16,30,1,1.453876e+04
16,30,2,1.453876e+04
16,30,3,1.453876e+04
16,30,5,7.658743e+03
16,30,1,4.471348e+03
16,30,2,4.471348e+03
16,30,3,4.471348e+03
16,30,5,4.471348e+03
16,30,1,8.975881e+03
16,30,2,8.975881e+03
16,30,3,8.975881e+03
16,30,5,8.975881e+03
16,30,1,4.445467e+03
16,30,2,4.445467e+03
16,30,3,4.445467e+03
16,30,5,4.445467e+03
16,30,1,8.396268e+03
16,30,2,8.396268e+03
16,30,3,8.396268e+03
16,30,5,8.396268e+03
16,30,1,1.074159e+04
16,30,2,1.074159e+04
16,30,3,1.074159e+04
16,30,5,1.074159e+04
16,30,1,7.537702e+03
16,30,2,7.537702e+03
16,30,3,7.537702e+03
16,30,5,7.537702e+03
16,30,1,5.894612e+03
16,30,2,5.894612e+03
16,30,3,5.894612e+03
16,30,5,5.894612e+03
16,30,1,5.647625e+03
16,30,2,5.647625e+03
16,30,3,5.647625e+03
16,30,5,5.647625e+03
16,30,1,5.765759e+03
16,30,2,5.765759e+03
16,30,3,5.765759e+03
16,30,5,4.407265e+03
16,30,1,4.751022e+03
16,30,2,4.751022e+03
16,30,3,4.751022e+03
16,30,5,4.751022e+03
16,30,1,5.300708e+03
16,30,2,5.300708e+03
16,30,3,5.300708e+03
16,30,5,5.300708e+03
16,30,1,4.591030e+03
16,30,2,4.591030e+03
16,30,3,4.591030e+03
16,30,5,4.591030e+03
16,30,1,1.188530e+04
16,30,2,1.188530e+04
16,30,3,1.188530e+04
16,30,5,1.188530e+04
16,30,1,8.243324e+03
16,30,2,8.243324e+03
16,30,3,8.243324e+03
16,30,5,8.243324e+03
16,30,1,4.262805e+03
16,30,2,4.262805e+03
16,30,3,4.262805e+03
16,30,5,4.262805e+03
16,30,1,5.464539e+03
16,30,2,5.464539e+03
16,30,3,5.464539e+03
16,30,5,5.464539e+03
16,30,1,1.056296e+04
16,30,2,1.056296e+04
16,30,3,1.056296e+04
16,30,5,1.056296e+04
16,30,1,5.981609e+03
16,30,2,5.981609e+03
16,30,3,5.981609e+03
16,30,5,5.981609e+03
16,30,1,5.866840e+03
16,30,2,5.866840e+03
16,30,3,5.866840e+03
16,30,5,5.866840e+03
16,30,1,5.215226e+03
16,30,2,5.215226e+03
16,30,3,5.215226e+03
16,30,5,5.215226e+03
16,30,1,1.113472e+04
16,30,2,1.113472e+04
16,30,3,1.113472e+04
16,30,5,6.506892e+03
16,30,1,2.331689e+03
16,30,2,2.331689e+03
16,30,3,2.331689e+03
16,30,5,2.331689e+03
16,30,1,7.936263e+03
16,30,2,7.936263e+03
16,30,3,7.936263e+03
16,30,5,7.936263e+03
16,30,1,8.179672e+03
16,30,2,8.179672e+03
16,30,3,8.179672e+03
16,30,5,8.179672e+03
16,30,1,7.517242e+03
16,30,2,7.517242e+03
16,30,3,7.517242e+03
16,30,5,7.517242e+03
16,30,1,4.098427e+03
16,30,2,4.098427e+03
16,30,3,4.098427e+03
16,30,5,4.098427e+03
16,30,1,6.260232e+03
16,30,2,6.260232e+03
16,30,3,6.260232e+03
16,30,5,6.260232e+03
16,30,1,5.458169e+03
16,30,2,5.458169e+03
16,30,3,5.458169e+03
16,30,5,5.458169e+03
16,30,1,1.138554e+04
16,30,2,1.138554e+04
16,30,3,1.138554e+04
16,30,5,1.138554e+04
16,30,1,3.538387e+03
16,30,2,3.538387e+03
16,30,3,3.538387e+03
16,30,5,3.538387e+03
16,30,1,1.043145e+04
16,30,2,1.043145e+04
16,30,3,1.043145e+04
16,30,5,1.043145e+04
16,30,1,3.454300e+03
16,30,2,3.454300e+03
16,30,3,3.454300e+03
16,30,5,3.454300e+03
16,30,1,7.143729e+03
16,30,2,7.143729e+03
16,30,3,7.143729e+03
16,30,5,7.143729e+03
16,30,1,5.396896e+03
16,30,2,5.396896e+03
16,30,3,5.396896e+03
16,30,5,5.396896e+03
16,30,1,5.959148e+03
16,30,2,5.959148e+03
16,30,3,5.959148e+03
16,30,5,5.959148e+03
16,30,1,4.606989e+03
16,30,2,4.523297e+03
16,30,3,4.523297e+03
16,30,5,4.523297e+03
16,30,1,5.212242e+03
16,30,2,5.212242e+03
16,30,3,5.212242e+03
16,30,5,5.212242e+03
16,30,1,3.661133e+03
16,30,2,3.661133e+03
16,30,3,3.661133e+03
16,30,5,3.661133e+03
16,30,1,7.294360e+03
16,30,2,7.294360e+03
16,30,3,7.294360e+03
16,30,5,7.294360e+03
16,30,1,4.757276e+03
16,30,2,4.757276e+03
16,30,3,4.757276e+03
16,30,5,4.757276e+03
16,30,1,6.492826e+03
16,30,2,6.492826e+03
16,30,3,6.492826e+03
16,30,5,5.330830e+03
16,30,1,6.956545e+03
16,30,2,6.956545e+03
16,30,3,6.956545e+03
16,30,5,6.956545e+03
16,30,1,4.308393e+03
16,30,2,4.308393e+03
16,30,3,4.308393e+03
16,30,5,4.308393e+03
16,30,1,4.998687e+03
16,30,2,4.998687e+03
16,30,3,4.998687e+03
16,30,5,4.998687e+03
16,30,1,4.909274e+03
16,30,2,4.909274e+03
16,30,3,4.909274e+03
16,30,5,4.909274e+03
16,30,1,5.847597e+03
16,30,2,5.847597e+03
16,30,3,5.847597e+03
16,30,5,5.847597e+03
16,30,1,4.277911e+03
16,30,2,4.277911e+03
16,30,3,4.277911e+03
16,30,5,4.277911e+03
16,30,1,5.471632e+03
16,30,2,5.471632e+03
16,30,3,5.471632e+03
16,30,5,5.471632e+03
16,30,1,5.691584e+03
16,30,2,5.691584e+03
16,30,3,5.691584e+03
16,30,5,5.691584e+03
16,30,1,6.637467e+03
16,30,2,6.637467e+03
16,30,3,6.637467e+03
16,30,5,4.065005e+03
16,30,1,3.946479e+03
16,30,2,3.946479e+03
16,30,3,3.946479e+03
16,30,5,3.946479e+03
16,30,1,5.164927e+03
16,30,2,5.164927e+03
16,30,3,5.164927e+03
16,30,5,5.164927e+03
16,30,1,7.120830e+03
16,30,2,7.120830e+03
16,30,3,7.120830e+03
16,30,5,7.120830e+03
16,30,1,4.556140e+03
16,30,2,4.556140e+03
16,30,3,4.556140e+03
16,30,5,4.556140e+03
16,30,1,5.142135e+03
16,30,2,5.142135e+03
16,30,3,5.142135e+03
16,30,5,5.142135e+03
16,30,1,4.629071e+03
16,30,2,4.629071e+03
16,30,3,4.629071e+03
16,30,5,4.629071e+03
16,30,1,1.187046e+04
16,30,2,1.187046e+04
16,30,3,1.187046e+04
16,30,5,1.187046e+04
16,30,1,6.998097e+03
16,30,2,6.998097e+03
16,30,3,6.998097e+03
16,30,5,6.998097e+03
16,30,1,3.296847e+03
16,30,2,3.296847e+03
16,30,3,3.296847e+03
16,30,5,3.296847e+03
16,30,1,9.129387e+03
16,30,2,9.129387e+03
16,30,3,9.129387e+03
16,30,5,6.639306e+03
16,30,1,7.664068e+03
16,30,2,7.664068e+03
16,30,3,7.664068e+03
16,30,5,7.664068e+03
16,30,1,6.186401e+03
16,30,2,6.186401e+03
16,30,3,6.186401e+03
16,30,5,6.186401e+03
16,30,1,5.898797e+03
16,30,2,5.898797e+03
16,30,3,5.898797e+03
16,30,5,5.898797e+03
16,30,1,4.587476e+03
16,30,2,4.492067e+03
16,30,3,4.492067e+03
16,30,5,4.492067e+03
16,30,1,5.667108e+03
16,30,2,5.667108e+03
16,30,3,5.667108e+03
16,30,5,5.667108e+03
16,30,1,5.496807e+03
16,30,2,5.496807e+03
16,30,3,5.496807e+03
16,30,5,5.496807e+03
16,30,1,6.525424e+03
16,30,2,6.525424e+03
16,30,3,6.525424e+03
16,30,5,6.525424e+03
16,30,1,3.834512e+03
16,30,2,3.834512e+03
16,30,3,3.834512e+03
16,30,5,3.834512e+03
16,30,1,8.333908e+03
16,30,2,8.333908e+03
16,30,3,8.333908e+03
16,30,5,8.333908e+03
16,30,1,4.249651e+03
16,30,2,4.249651e+03
16,30,3,4.249651e+03
16,30,5,4.249651e+03
16,30,1,4.627490e+03
16,30,2,4.627490e+03
16,30,3,4.627490e+03
16,30,5,4.627490e+03
16,30,1,7.825081e+03
16,30,2,7.825081e+03
16,30,3,7.825081e+03
16,30,5,3.119115e+03
16,30,1,1.057780e+04
16,30,2,1.057780e+04
16,30,3,1.057780e+04
16,30,5,1.057780e+04
16,30,1,3.941473e+03
16,30,2,3.941473e+03
16,30,3,3.941473e+03
16,30,5,3.941473e+03
16,30,1,6.402918e+03
16,30,2,6.402918e+03
16,30,3,6.402918e+03
16,30,5,6.402918e+03
16,30,1,5.186248e+03
16,30,2,5.186248e+03
16,30,3,5.186248e+03
16,30,5,5.186248e+03
16,30,1,3.772745e+03
16,30,2,3.772745e+03
16,30,3,3.772745e+03
16,30,5,3.772745e+03
16,30,1,8.512921e+03
16,30,2,8.512921e+03
16,30,3,8.512921e+03
16,30,5,8.512921e+03
16,30,1,5.880897e+03
16,30,2,5.710155e+03
16,30,3,5.710155e+03
16,30,5,3.735576e+03
16,30,1,6.271843e+03
16,30,2,6.271843e+03
16,30,3,6.271843e+03
16,30,5,6.271843e+03
16,30,1,1.049691e+04
16,30,2,1.049691e+04
16,30,3,1.049691e+04
16,30,5,1.049691e+04
16,30,10,1.049691e+04
16,30,20,1.049691e+04
16,30,30,1.049691e+04
16,30,40,1.049691e+04
16,30,50,1.049691e+04
16,30,1,5.663059e+03
16,30,2,5.663059e+03
16,30,3,5.663059e+03
16,30,5,5.663059e+03
16,30,10,5.663059e+03
16,30,20,5.663059e+03
16,30,30,5.663059e+03
16,30,40,5.663059e+03
16,30,50,5.663059e+03
16,30,1,1.095251e+04
16,30,2,1.095251e+04
16,30,3,1.095251e+04
16,30,5,1.095251e+04
16,30,10,1.095251e+04
16,30,20,1.095251e+04
16,30,30,1.095251e+04
16,30,40,1.095251e+04
16,30,50,4.495268e+03
16,30,1,5.734225e+03
16,30,2,5.734225e+03
16,30,3,5.734225e+03
16,30,5,5.734225e+03
16,30,10,5.734225e+03
16,30,20,5.734225e+03
16,30,30,5.734225e+03
16,30,40,5.734225e+03
16,30,50,5.734225e+03
16,30,1,5.121948e+03
16,30,2,5.121948e+03
16,30,3,5.121948e+03
16,30,5,5.121948e+03
16,30,10,5.121948e+03
16,30,20,5.121948e+03
16,30,30,5.121948e+03
16,30,40,5.121948e+03
16,30,50,5.121948e+03
16,30,1,6.694453e+03
16,30,2,6.694453e+03
16,30,3,6.694453e+03
16,30,5,6.694453e+03
16,30,10,6.694453e+03
16,30,20,6.694453e+03
16,30,30,6.694453e+03
16,30,40,6.694453e+03
16,30,50,4.523127e+03
16,30,1,7.861564e+03
16,30,2,7.861564e+03
16,30,3,7.861564e+03
16,30,5,7.861564e+03
16,30,10,7.861564e+03
16,30,20,7.861564e+03
16,30,30,7.861564e+03
16,30,40,7.861564e+03
16,30,50,3.712963e+03
16,30,1,4.964094e+03
16,30,2,4.964094e+03
16,30,3,4.964094e+03
16,30,5,4.964094e+03
16,30,10,4.964094e+03
16,30,20,4.964094e+03
16,30,30,4.964094e+03
16,30,40,4.964094e+03
16,30,50,4.964094e+03
16,30,1,6.923800e+03
16,30,2,6.923800e+03
16,30,3,6.923800e+03
16,30,5,6.923800e+03
16,30,10,6.923800e+03
16,30,20,6.923800e+03
16,30,30,6.923800e+03
16,30,40,6.923800e+03
16,30,50,5.570300e+03
16,30,1,5.063460e+03
16,30,2,5.063460e+03
16,30,3,5.063460e+03
16,30,5,5.063460e+03
16,30,10,5.063460e+03
16,30,20,5.063460e+03
16,30,30,5.063460e+03
16,30,40,5.063460e+03
16,30,50,5.063460e+03
16,30,1,8.080151e+03
16,30,2,7.645625e+03
16,30,3,7.497472e+03
16,30,5,7.497472e+03
16,30,10,7.497472e+03
16,30,20,7.497472e+03
16,30,30,7.497472e+03
16,30,40,7.497472e+03
16,30,50,7.497472e+03
16,30,1,8.557349e+03
16,30,2,8.557349e+03
16,30,3,8.557349e+03
16,30,5,8.557349e+03
16,30,10,8.557349e+03
16,30,20,8.557349e+03
16,30,30,8.557349e+03
16,30,40,8.557349e+03
16,30,50,8.557349e+03
16,30,1,6.893761e+03
16,30,2,5.665640e+03
16,30,3,5.665640e+03
16,30,5,5.665640e+03
16,30,10,5.665640e+03
16,30,20,5.665640e+03
16,30,30,5.665640e+03
16,30,40,5.665640e+03
16,30,50,5.665640e+03
16,30,1,6.937197e+03
16,30,2,6.937197e+03
16,30,3,6.937197e+03
16,30,5,6.937197e+03
16,30,10,6.937197e+03
16,30,20,6.937197e+03
16,30,30,6.937197e+03
16,30,40,6.937197e+03
16,30,50,6.937197e+03
16,30,1,7.397945e+03
16,30,2,6.040862e+03
16,30,3,4.302849e+03
16,30,5,4.302849e+03
16,30,10,4.302849e+03
16,30,20,4.302849e+03
16,30,30,4.302849e+03
16,30,40,3.276752e+03
16,30,50,2.405706e+03
16,30,1,5.151223e+03
16,30,2,5.151223e+03
16,30,3,5.151223e+03
16,30,5,5.151223e+03
16,30,10,5.151223e+03
16,30,20,5.151223e+03
16,30,30,5.151223e+03
16,30,40,5.151223e+03
16,30,50,4.207532e+03
16,30,1,6.851906e+03
16,30,2,6.851906e+03
16,30,3,6.851906e+03
16,30,5,6.851906e+03
16,30,10,6.851906e+03
16,30,20,6.851906e+03
16,30,30,6.851906e+03
16,30,40,6.851906e+03
16,30,50,6.851906e+03
16,30,1,9.626041e+03
16,30,2,9.626041e+03
16,30,3,9.626041e+03
16,30,5,9.626041e+03
16,30,10,9.626041e+03
16,30,20,9.626041e+03
16,30,30,9.626041e+03
16,30,40,9.626041e+03
16,30,50,9.626041e+03
16,30,1,7.334371e+03
16,30,2,5.484987e+03
16,30,3,5.484987e+03
16,30,5,5.484987e+03
16,30,10,5.484987e+03
16,30,20,5.484987e+03
16,30,30,5.484987e+03
16,30,40,5.484987e+03
16,30,50,4.909673e+03
16,30,1,6.304897e+03
16,30,2,6.304897e+03
16,30,3,6.304897e+03
16,30,5,6.304897e+03
16,30,10,6.304897e+03
16,30,20,6.304897e+03
16,30,30,6.304897e+03
16,30,40,6.304897e+03
16,30,50,6.304897e+03
16,30,1,1.058184e+04
16,30,2,1.058184e+04
16,30,3,1.058184e+04
16,30,5,1.058184e+04
16,30,10,1.058184e+04
16,30,20,1.058184e+04
16,30,30,1.058184e+04
16,30,40,1.058184e+04
16,30,50,4.807837e+03
16,30,1,1.001623e+04
16,30,2,1.001623e+04
16,30,3,1.001623e+04
16,30,5,1.001623e+04
16,30,10,1.001623e+04
16,30,20,1.001623e+04
16,30,30,1.001623e+04
16,30,40,1.001623e+04
16,30,50,1.001623e+04
16,30,1,6.706313e+03
16,30,2,6.706313e+03
16,30,3,6.706313e+03
16,30,5,6.706313e+03
16,30,10,6.706313e+03
16,30,20,6.706313e+03
16,30,30,6.706313e+03
16,30,40,6.706313e+03
16,30,50,4.249448e+03
16,30,1,6.365001e+03
16,30,2,6.365001e+03
16,30,3,6.365001e+03
16,30,5,6.365001e+03
16,30,10,6.365001e+03
16,30,20,6.365001e+03
16,30,30,6.365001e+03
16,30,40,6.365001e+03
16,30,50,6.365001e+03
16,30,1,5.786650e+03
16,30,2,5.786650e+03
16,30,3,5.786650e+03
16,30,5,5.786650e+03
16,30,10,5.786650e+03
16,30,20,5.786650e+03
16,30,30,5.786650e+03
16,30,40,5.786650e+03
16,30,50,5.786650e+03
16,30,1,5.638923e+03
16,30,2,5.638923e+03
16,30,3,5.638923e+03
16,30,5,5.638923e+03
16,30,10,5.638923e+03
16,30,20,5.638923e+03
16,30,30,5.638923e+03
16,30,40,5.638923e+03
16,30,50,5.638923e+03
16,30,1,5.680993e+03
16,30,2,5.680993e+03
16,30,3,5.680993e+03
16,30,5,5.680993e+03
16,30,10,5.680993e+03
16,30,20,5.680993e+03
16,30,30,5.680993e+03
16,30,40,5.680993e+03
16,30,50,5.680993e+03
16,30,1,6.479546e+03
16,30,2,5.417941e+03
16,30,3,5.417941e+03
16,30,5,5.417941e+03
16,30,10,5.417941e+03
16,30,20,5.417941e+03
16,30,30,5.417941e+03
16,30,40,5.417941e+03
16,30,50,5.417941e+03
16,30,1,5.122965e+03
16,30,2,5.122965e+03
16,30,3,5.122965e+03
16,30,5,5.122965e+03
16,30,10,5.122965e+03
16,30,20,5.122965e+03
16,30,30,5.122965e+03
16,30,40,5.122965e+03
16,30,50,5.122965e+03
16,30,1,6.154203e+03
16,30,2,6.154203e+03
16,30,3,6.154203e+03
16,30,5,6.154203e+03
16,30,10,6.154203e+03
16,30,20,6.154203e+03
16,30,30,6.154203e+03
16,30,40,6.154203e+03
16,30,50,6.154203e+03
16,30,1,4.464553e+03
16,30,2,4.464553e+03
16,30,3,4.464553e+03
16,30,5,4.464553e+03
16,30,10,4.464553e+03
16,30,20,4.464553e+03
16,30,30,4.464553e+03
16,30,40,4.464553e+03
16,30,50,4.464553e+03
16,30,1,8.948609e+03
16,30,2,8.015954e+03
16,30,3,8.015954e+03
16,30,5,8.015954e+03
16,30,10,8.015954e+03
16,30,20,8.015954e+03
16,30,30,8.015954e+03
16,30,40,8.015954e+03
16,30,50,8.015954e+03
16,30,1,6.111798e+03
16,30,2,6.111798e+03
16,30,3,6.111798e+03
16,30,5,6.111798e+03
16,30,10,6.111798e+03
16,30,20,6.111798e+03
16,30,30,6.111798e+03
16,30,40,6.111798e+03
16,30,50,6.111798e+03
16,30,1,6.291445e+03
16,30,2,6.291445e+03
16,30,3,6.291445e+03
16,30,5,6.291445e+03
16,30,10,6.291445e+03
16,30,20,6.291445e+03
16,30,30,6.291445e+03
16,30,40,6.291445e+03
16,30,50,6.291445e+03
16,30,1,1.145824e+04
16,30,2,1.145824e+04
16,30,3,1.145824e+04
16,30,5,1.145824e+04
16,30,10,1.145824e+04
16,30,20,1.145824e+04
16,30,30,1.145824e+04
16,30,40,1.145824e+04
16,30,50,1.145824e+04
16,30,1,4.687052e+03
16,30,2,4.687052e+03
16,30,3,4.687052e+03
16,30,5,4.687052e+03
16,30,10,4.687052e+03
16,30,20,4.687052e+03
16,30,30,4.687052e+03
16,30,40,4.687052e+03
16,30,50,4.687052e+03
16,30,1,4.883391e+03
16,30,2,4.883391e+03
16,30,3,4.883391e+03
16,30,5,4.883391e+03
16,30,10,4.883391e+03
16,30,20,4.883391e+03
16,30,30,4.883391e+03
16,30,40,4.883391e+03
16,30,50,4.883391e+03
16,30,1,7.764328e+03
16,30,2,7.764328e+03
16,30,3,7.764328e+03
16,30,5,7.764328e+03
16,30,10,7.764328e+03
16,30,20,3.630810e+03
16,30,30,3.630810e+03
16,30,40,3.630810e+03
16,30,50,3.630810e+03
16,30,1,4.426674e+03
16,30,2,4.426674e+03
16,30,3,4.426674e+03
16,30,5,4.426674e+03
16,30,10,4.426674e+03
16,30,20,4.426674e+03
16,30,30,4.426674e+03
16,30,40,4.426674e+03
16,30,50,4.426674e+03
16,30,1,9.259874e+03
16,30,2,9.259874e+03
16,30,3,9.259874e+03
16,30,5,9.259874e+03
16,30,10,9.259874e+03
16,30,20,9.259874e+03
16,30,30,9.259874e+03
16,30,40,6.254847e+03
16,30,50,3.685201e+03
16,30,1,4.455481e+03
16,30,2,4.455481e+03
16,30,3,4.455481e+03
16,30,5,4.455481e+03
16,30,10,4.455481e+03
16,30,20,4.455481e+03
16,30,30,4.455481e+03
16,30,40,4.455481e+03
16,30,50,4.455481e+03
16,30,1,7.786841e+03
16,30,2,7.786841e+03
16,30,3,7.786841e+03
16,30,5,7.786841e+03
16,30,10,7.786841e+03
16,30,20,7.786841e+03
16,30,30,7.786841e+03
16,30,40,7.786841e+03
16,30,50,7.786841e+03
16,30,1,8.654684e+03
16,30,2,8.654684e+03
16,30,3,8.654684e+03
16,30,5,8.654684e+03
16,30,10,8.654684e+03
16,30,20,8.654684e+03
16,30,30,8.654684e+03
16,30,40,8.654684e+03
16,30,50,8.654684e+03
16,30,1,4.256583e+03
16,30,2,4.256583e+03
16,30,3,4.256583e+03
16,30,5,4.256583e+03
16,30,10,4.256583e+03
16,30,20,4.256583e+03
16,30,30,4.256583e+03
16,30,40,4.256583e+03
16,30,50,4.256583e+03
16,30,1,9.947454e+03
16,30,2,9.947454e+03
16,30,3,9.117310e+03
16,30,5,9.117310e+03
16,30,10,9.117310e+03
16,30,20,9.117310e+03
16,30,30,9.117310e+03
16,30,40,9.117310e+03
16,30,50,9.117310e+03
16,30,1,4.254979e+03
16,30,2,4.254979e+03
16,30,3,4.254979e+03
16,30,5,4.254979e+03
16,30,10,4.254979e+03
16,30,20,4.254979e+03
16,30,30,4.254979e+03
16,30,40,4.254979e+03
16,30,50,4.254979e+03
16,30,1,8.046924e+03
16,30,2,8.046924e+03
16,30,3,8.046924e+03
16,30,5,8.046924e+03
16,30,10,8.046924e+03
16,30,20,8.046924e+03
16,30,30,8.046924e+03
16,30,40,8.046924e+03
16,30,50,8.046924e+03
16,30,1,6.582015e+03
16,30,2,6.582015e+03
16,30,3,6.582015e+03
16,30,5,6.582015e+03
16,30,10,6.582015e+03
16,30,20,6.582015e+03
16,30,30,6.582015e+03
16,30,40,6.582015e+03
16,30,50,6.582015e+03
16,30,1,7.388675e+03
16,30,2,7.388675e+03
16,30,3,7.388675e+03
16,30,5,7.388675e+03
16,30,10,7.388675e+03
16,30,20,7.388675e+03
16,30,30,7.388675e+03
16,30,40,7.388675e+03
16,30,50,7.388675e+03
16,30,1,1.025623e+04
16,30,2,1.025623e+04
16,30,3,1.025623e+04
16,30,5,1.025623e+04
16,30,10,1.025623e+04
16,30,20,1.025623e+04
16,30,30,1.025623e+04
16,30,40,1.025623e+04
16,30,50,8.906788e+03
16,30,1,8.203152e+03
16,30,2,8.203152e+03
16,30,3,8.203152e+03
16,30,5,8.203152e+03
16,30,10,8.203152e+03
16,30,20,8.203152e+03
16,30,30,8.203152e+03
16,30,40,8.203152e+03
16,30,50,6.769503e+03
16,30,1,7.126005e+03
16,30,2,7.126005e+03
16,30,3,7.126005e+03
16,30,5,3.816205e+03
16,30,1,8.696247e+03
16,30,2,8.696247e+03
16,30,3,8.696247e+03
16,30,5,8.696247e+03
16,30,1,3.445740e+03
16,30,2,3.445740e+03
16,30,3,3.445740e+03
16,30,5,3.445740e+03
16,30,1,4.429104e+03
16,30,2,4.429104e+03
16,30,3,4.429104e+03
16,30,5,4.429104e+03
16,30,1,5.645213e+03
16,30,2,5.645213e+03
16,30,3,5.645213e+03
16,30,5,5.645213e+03
16,30,1,4.952227e+03
16,30,2,4.952227e+03
16,30,3,4.952227e+03
16,30,5,4.952227e+03
16,30,1,6.401889e+03
16,30,2,6.401889e+03
16,30,3,6.401889e+03
16,30,5,6.401889e+03
16,30,1,5.380347e+03
16,30,2,5.380347e+03
16,30,3,5.380347e+03
16,30,5,5.380347e+03
16,30,1,6.750579e+03
16,30,2,6.750579e+03
16,30,3,6.750579e+03
16,30,5,6.750579e+03
16,30,1,8.370674e+03
16,30,2,8.370674e+03
16,30,3,8.370674e+03
16,30,5,8.370674e+03
16,30,1,9.902097e+03
16,30,2,9.902097e+03
16,30,3,9.452366e+03
16,30,5,9.452366e+03
16,30,1,9.992817e+03
16,30,2,9.992817e+03
16,30,3,9.992817e+03
16,30,5,9.992817e+03
16,30,1,4.529618e+03
16,30,2,4.529618e+03
16,30,3,4.529618e+03
16,30,5,4.529618e+03
16,30,1,7.462722e+03
16,30,2,7.462722e+03
16,30,3,7.462722e+03
16,30,5,7.462722e+03
16,30,1,8.312898e+03
16,30,2,8.312898e+03
16,30,3,5.798898e+03
16,30,5,5.798898e+03
16,30,1,3.947148e+03
16,30,2,3.947148e+03
16,30,3,3.947148e+03
16,30,5,3.947148e+03
16,30,1,6.512201e+03
16,30,2,6.512201e+03
16,30,3,6.512201e+03
16,30,5,5.673350e+03
16,30,1,6.848400e+03
16,30,2,6.848400e+03
16,30,3,6.848400e+03
16,30,5,6.848400e+03
16,30,1,7.533896e+03
16,30,2,7.533896e+03
16,30,3,7.533896e+03
16,30,5,7.533896e+03
16,30,1,3.961403e+03
16,30,2,3.961403e+03
16,30,3,3.961403e+03
16,30,5,3.961403e+03
16,30,1,1.087382e+04
16,30,2,1.087382e+04
16,30,3,1.087382e+04
16,30,5,8.001028e+03
16,30,1,6.699240e+03
16,30,2,6.699240e+03
16,30,3,6.699240e+03
16,30,5,6.699240e+03
16,30,1,8.657433e+03
16,30,2,8.462206e+03
16,30,3,8.462206e+03
16,30,5,6.075846e+03
16,30,1,7.251750e+03
16,30,2,7.251750e+03
16,30,3,7.251750e+03
16,30,5,7.251750e+03
16,30,1,4.502473e+03
16,30,2,4.502473e+03
16,30,3,4.502473e+03
16,30,5,4.502473e+03
16,30,1,6.717213e+03
16,30,2,6.717213e+03
16,30,3,6.717213e+03
16,30,5,6.717213e+03
16,30,1,5.291552e+03
16,30,2,5.291552e+03
16,30,3,5.291552e+03
16,30,5,5.291552e+03
16,30,1,7.052575e+03
16,30,2,7.052575e+03
16,30,3,7.052575e+03
16,30,5,7.052575e+03
16,30,1,4.168113e+03
16,30,2,4.168113e+03
16,30,3,4.168113e+03
16,30,5,4.168113e+03
16,30,1,7.178414e+03
16,30,2,7.178414e+03
16,30,3,7.178414e+03
16,30,5,7.178414e+03
16,30,1,1.063407e+04
16,30,2,1.063407e+04
16,30,3,1.063407e+04
16,30,5,1.018477e+04
16,30,1,5.810546e+03
16,30,2,5.810546e+03
16,30,3,5.810546e+03
16,30,5,5.810546e+03
16,30,1,9.447805e+03
16,30,2,9.447805e+03
16,30,3,9.447805e+03
16,30,5,6.784755e+03
16,30,1,6.660609e+03
16,30,2,6.660609e+03
16,30,3,6.660609e+03
16,30,5,6.660609e+03
16,30,1,4.229296e+03
16,30,2,4.229296e+03
16,30,3,4.229296e+03
16,30,5,4.229296e+03
16,30,1,4.448666e+03
16,30,2,4.448666e+03
16,30,3,4.448666e+03
16,30,5,4.448666e+03
16,30,1,9.098081e+03
16,30,2,9.098081e+03
16,30,3,9.098081e+03
16,30,5,8.159573e+03
16,30,1,9.382497e+03
16,30,2,9.382497e+03
16,30,3,9.382497e+03
16,30,5,9.382497e+03
16,30,1,8.192998e+03
16,30,2,8.192998e+03
16,30,3,8.192998e+03
16,30,5,8.192998e+03
16,30,1,6.497582e+03
16,30,2,6.497582e+03
16,30,3,6.497582e+03
16,30,5,6.497582e+03
16,30,1,6.360559e+03
16,30,2,6.360559e+03
16,30,3,6.360559e+03
16,30,5,6.360559e+03
16,30,1,4.747271e+03
16,30,2,4.747271e+03
16,30,3,4.747271e+03
16,30,5,4.747271e+03
16,30,1,4.859242e+03
16,30,2,4.859242e+03
16,30,3,4.859242e+03
16,30,5,4.859242e+03
16,30,1,7.128967e+03
16,30,2,7.128967e+03
16,30,3,7.128967e+03
16,30,5,7.128967e+03
16,30,1,5.590168e+03
16,30,2,5.590168e+03
16,30,3,5.590168e+03
16,30,5,5.590168e+03
16,30,1,6.155733e+03
16,30,2,6.155733e+03
16,30,3,6.155733e+03
16,30,5,6.155733e+03
16,30,1,6.058599e+03
16,30,2,6.058599e+03
16,30,3,6.058599e+03
16,30,5,6.058599e+03
16,30,1,9.080626e+03
16,30,2,9.080626e+03
16,30,3,9.080626e+03
16,30,5,9.080626e+03
16,30,1,5.241904e+03
16,30,2,5.241904e+03
16,30,3,5.241904e+03
16,30,5,5.241904e+03
16,30,1,7.136830e+03
16,30,2,7.136830e+03
16,30,3,7.136830e+03
16,30,5,7.136830e+03
16,30,1,5.985974e+03
16,30,2,5.985974e+03
16,30,3,5.985974e+03
16,30,5,5.985974e+03
16,30,1,8.441658e+03
16,30,2,8.441658e+03
16,30,3,8.441658e+03
16,30,5,8.441658e+03
16,30,1,5.692106e+03
16,30,2,5.692106e+03
16,30,3,5.692106e+03
16,30,5,5.692106e+03
16,30,1,4.406727e+03
16,30,2,4.406727e+03
16,30,3,4.406727e+03
16,30,5,4.406727e+03
16,30,1,1.075989e+04
16,30,2,1.075989e+04
16,30,3,1.075989e+04
16,30,5,1.075989e+04
16,30,1,4.782054e+03
16,30,2,4.782054e+03
16,30,3,4.782054e+03
16,30,5,4.782054e+03
16,30,1,6.434724e+03
16,30,2,6.434724e+03
16,30,3,6.434724e+03
16,30,5,6.434724e+03
16,30,1,8.986519e+03
16,30,2,8.986519e+03
16,30,3,8.986519e+03
16,30,5,8.986519e+03
16,30,1,5.886705e+03
16,30,2,5.886705e+03
16,30,3,5.886705e+03
16,30,5,5.886705e+03
16,30,1,5.793240e+03
16,30,2,5.793240e+03
16,30,3,5.793240e+03
16,30,5,5.793240e+03
16,30,1,6.988300e+03
16,30,2,6.988300e+03
16,30,3,6.988300e+03
16,30,5,6.988300e+03
16,30,1,6.275761e+03
16,30,2,6.275761e+03
16,30,3,6.275761e+03
16,30,5,6.275761e+03
16,30,1,5.055963e+03
16,30,2,5.055963e+03
16,30,3,5.055963e+03
16,30,5,5.055963e+03
16,30,1,3.236797e+03
16,30,2,3.236797e+03
16,30,3,3.236797e+03
16,30,5,3.236797e+03
16,30,1,4.176078e+03
16,30,2,4.176078e+03
16,30,3,4.176078e+03
16,30,5,4.176078e+03
16,30,1,4.731282e+03
16,30,2,4.731282e+03
16,30,3,4.731282e+03
16,30,5,4.731282e+03
16,30,1,4.468025e+03
16,30,2,4.468025e+03
16,30,3,4.468025e+03
16,30,5,3.631365e+03
16,30,1,5.869238e+03
16,30,2,5.869238e+03
16,30,3,5.869238e+03
16,30,5,5.869238e+03
16,30,1,4.410733e+03
16,30,2,4.410733e+03
16,30,3,4.410733e+03
16,30,5,4.410733e+03
16,30,1,4.664260e+03
16,30,2,4.664260e+03
16,30,3,4.664260e+03
16,30,5,4.664260e+03
16,30,1,1.029358e+04
16,30,2,1.029358e+04
16,30,3,1.029358e+04
16,30,5,1.029358e+04
16,30,1,6.546445e+03
16,30,2,6.546445e+03
16,30,3,6.546445e+03
16,30,5,6.546445e+03
16,30,1,7.042435e+03
16,30,2,7.042435e+03
16,30,3,7.042435e+03
16,30,5,7.042435e+03
16,30,1,5.290219e+03
16,30,2,5.290219e+03
16,30,3,5.290219e+03
16,30,5,5.290219e+03
16,30,1,7.305349e+03
16,30,2,7.305349e+03
16,30,3,7.305349e+03
16,30,5,7.305349e+03
16,30,1,4.784195e+03
16,30,2,4.784195e+03
16,30,3,4.784195e+03
16,30,5,4.784195e+03
16,30,1,7.648767e+03
16,30,2,7.648767e+03
16,30,3,7.648767e+03
16,30,5,7.036151e+03
16,30,1,7.099967e+03
16,30,2,7.099967e+03
16,30,3,7.099967e+03
16,30,5,7.099967e+03
16,30,1,7.431389e+03
16,30,2,7.431389e+03
16,30,3,7.431389e+03
16,30,5,7.431389e+03
16,30,1,5.759239e+03
16,30,2,5.759239e+03
16,30,3,5.759239e+03
16,30,5,5.759239e+03
16,30,1,7.930522e+03
16,30,2,7.930522e+03
16,30,3,7.930522e+03
16,30,5,7.930522e+03
16,30,1,8.665160e+03
16,30,2,8.665160e+03
16,30,3,8.665160e+03
16,30,5,8.665160e+03
16,30,1,6.094071e+03
16,30,2,6.094071e+03
16,30,3,6.094071e+03
16,30,5,6.094071e+03
16,30,1,9.081635e+03
16,30,2,9.081635e+03
16,30,3,9.081635e+03
16,30,5,9.081635e+03
16,30,1,5.622296e+03
16,30,2,5.622296e+03
16,30,3,5.622296e+03
16,30,5,5.622296e+03
16,30,1,6.208031e+03
16,30,2,6.208031e+03
16,30,3,6.208031e+03
16,30,5,6.208031e+03
16,30,1,5.851635e+03
16,30,2,5.851635e+03
16,30,3,5.851635e+03
16,30,5,5.851635e+03
16,30,1,7.855813e+03
16,30,2,7.687685e+03
16,30,3,7.687685e+03
16,30,5,7.687685e+03
16,30,1,8.970390e+03
16,30,2,8.970390e+03
16,30,3,8.970390e+03
16,30,5,8.970390e+03
16,30,1,4.119072e+03
16,30,2,4.119072e+03
16,30,3,4.119072e+03
16,30,5,4.119072e+03
16,30,1,5.808877e+03
16,30,2,5.808877e+03
16,30,3,5.808877e+03
16,30,5,5.808877e+03
16,30,1,7.475070e+03
16,30,2,7.475070e+03
16,30,3,7.475070e+03
16,30,5,7.475070e+03
16,30,1,5.087433e+03
16,30,2,5.087433e+03
16,30,3,5.087433e+03
16,30,5,5.087433e+03
16,30,1,7.259909e+03
16,30,2,7.259909e+03
16,30,3,7.259909e+03
16,30,5,7.259909e+03
16,30,1,3.640361e+03
16,30,2,3.640361e+03
16,30,3,3.640361e+03
16,30,5,3.640361e+03
16,30,1,1.394463e+04
16,30,2,1.394463e+04
16,30,3,1.394463e+04
16,30,5,1.394463e+04
16,30,1,4.762002e+03
16,30,2,4.762002e+03
16,30,3,4.762002e+03
16,30,5,4.762002e+03
16,30,1,5.692653e+03
16,30,2,5.692653e+03
16,30,3,5.692653e+03
16,30,5,5.692653e+03
16,30,1,7.043029e+03
16,30,2,7.043029e+03
16,30,3,7.043029e+03
16,30,5,7.043029e+03
16,30,1,5.100175e+03
16,30,2,5.100175e+03
16,30,3,5.100175e+03
16,30,5,5.100175e+03
16,30,1,7.241110e+03
16,30,2,7.241110e+03
16,30,3,7.241110e+03
16,30,5,5.108156e+03
16,30,1,7.120538e+03
16,30,2,7.120538e+03
16,30,3,7.120538e+03
16,30,5,7.120538e+03
16,30,1,8.819310e+03
16,30,2,8.819310e+03
16,30,3,8.819310e+03
16,30,5,8.819310e+03
16,30,1,4.730330e+03
16,30,2,4.730330e+03
16,30,3,4.730330e+03
16,30,5,4.730330e+03
16,30,1,1.237266e+04
16,30,2,1.237266e+04
16,30,3,1.237266e+04
16,30,5,1.237266e+04
16,30,1,1.088541e+04
16,30,2,1.088541e+04
16,30,3,1.088541e+04
16,30,5,1.015162e+04
16,30,1,5.353131e+03
16,30,2,5.353131e+03
16,30,3,5.353131e+03
16,30,5,3.555747e+03
16,30,1,5.710781e+03
16,30,2,5.710781e+03
16,30,3,5.710781e+03
16,30,5,5.710781e+03
16,30,1,7.711737e+03
16,30,2,7.711737e+03
16,30,3,7.711737e+03
16,30,5,5.979756e+03
16,30,1,8.823171e+03
16,30,2,8.823171e+03
16,30,3,8.823171e+03
16,30,5,8.823171e+03
16,30,1,4.988043e+03
16,30,2,4.988043e+03
16,30,3,4.988043e+03
16,30,5,4.988043e+03
16,30,1,7.230335e+03
16,30,2,7.230335e+03
16,30,3,7.230335e+03
16,30,5,4.002307e+03
16,30,1,5.082681e+03
16,30,2,5.082681e+03
16,30,3,5.082681e+03
16,30,5,5.082681e+03
16,30,1,7.075757e+03
16,30,2,7.075757e+03
16,30,3,7.075757e+03
16,30,5,4.556891e+03
16,30,1,5.363958e+03
16,30,2,5.363958e+03
16,30,3,5.363958e+03
16,30,5,5.363958e+03
16,30,1,8.413909e+03
16,30,2,8.413909e+03
16,30,3,8.413909e+03
16,30,5,8.413909e+03
16,30,1,4.638875e+03
16,30,2,4.638875e+03
16,30,3,4.638875e+03
16,30,5,4.638875e+03
16,30,1,7.499636e+03
16,30,2,7.499636e+03
16,30,3,7.499636e+03
16,30,5,4.906578e+03
16,30,1,5.922851e+03
16,30,2,5.922851e+03
16,30,3,5.922851e+03
16,30,5,5.922851e+03
16,30,1,6.200108e+03
16,30,2,6.200108e+03
16,30,3,6.200108e+03
16,30,5,6.200108e+03
16,30,1,8.050131e+03
16,30,2,7.966550e+03
16,30,3,7.966550e+03
16,30,5,6.149988e+03
16,30,1,6.934773e+03
16,30,2,6.934773e+03
16,30,3,6.934773e+03
16,30,5,6.934773e+03
16,30,1,1.394011e+04
16,30,2,1.394011e+04
16,30,3,1.394011e+04
16,30,5,1.394011e+04
16,30,1,6.677266e+03
16,30,2,6.677266e+03
16,30,3,6.677266e+03
16,30,5,6.677266e+03
16,30,1,6.397591e+03
16,30,2,6.397591e+03
16,30,3,6.397591e+03
16,30,5,6.397591e+03
16,30,1,1.058541e+04
16,30,2,1.058541e+04
16,30,3,1.058541e+04
16,30,5,1.058541e+04
16,30,1,5.513408e+03
16,30,2,5.513408e+03
16,30,3,5.513408e+03
16,30,5,5.513408e+03
16,30,1,9.317338e+03
16,30,2,9.317338e+03
16,30,3,9.317338e+03
16,30,5,9.317338e+03
16,30,1,8.367418e+03
16,30,2,8.367418e+03
16,30,3,8.367418e+03
16,30,5,5.496146e+03
16,30,1,2.700823e+03
16,30,2,2.700823e+03
16,30,3,2.700823e+03
16,30,5,2.700823e+03
16,30,1,1.134437e+04
16,30,2,1.134437e+04
16,30,3,1.134437e+04
16,30,5,1.134437e+04
16,30,1,7.134946e+03
16,30,2,7.134946e+03
16,30,3,7.134946e+03
16,30,5,7.134946e+03
16,30,1,5.955308e+03
16,30,2,5.955308e+03
16,30,3,5.955308e+03
16,30,5,5.955308e+03
16,30,1,1.103884e+04
16,30,2,1.103884e+04
16,30,3,1.103884e+04
16,30,5,1.103884e+04
16,30,1,7.805302e+03
16,30,2,7.805302e+03
16,30,3,7.805302e+03
16,30,5,7.805302e+03
16,30,1,4.356510e+03
16,30,2,4.356510e+03
16,30,3,4.356510e+03
16,30,5,4.356510e+03
16,30,1,5.225913e+03
16,30,2,5.225913e+03
16,30,3,5.225913e+03
16,30,5,5.225913e+03
16,30,1,7.017778e+03
16,30,2,7.017778e+03
16,30,3,7.017778e+03
16,30,5,7.017778e+03
16,30,1,5.420810e+03
16,30,2,5.420810e+03
16,30,3,5.420810e+03
16,30,5,5.420810e+03
16,30,1,1.514899e+04
16,30,2,1.514899e+04
16,30,3,1.416040e+04
16,30,5,1.054453e+04
16,30,1,6.466705e+03
16,30,2,6.466705e+03
16,30,3,6.466705e+03
16,30,5,6.466705e+03
16,30,1,6.122214e+03
16,30,2,6.122214e+03
16,30,3,6.122214e+03
16,30,5,6.122214e+03
16,30,1,1.051363e+04
16,30,2,1.051363e+04
16,30,3,1.051363e+04
16,30,5,1.051363e+04
16,30,1,6.757062e+03
16,30,2,6.757062e+03
16,30,3,6.757062e+03
16,30,5,6.757062e+03
16,30,1,7.597437e+03
16,30,2,7.597437e+03
16,30,3,7.597437e+03
16,30,5,4.460343e+03
16,30,1,5.816198e+03
16,30,2,5.816198e+03
16,30,3,5.816198e+03
16,30,5,5.816198e+03
16,30,1,5.807980e+03
16,30,2,5.807980e+03
16,30,3,5.807980e+03
16,30,5,5.807980e+03
16,30,1,5.130646e+03
16,30,2,5.130646e+03
16,30,3,5.130646e+03
16,30,5,5.130646e+03
16,30,1,4.875262e+03
16,30,2,4.875262e+03
16,30,3,4.875262e+03
16,30,5,4.875262e+03
16,30,1,3.373409e+03
16,30,2,3.373409e+03
16,30,3,3.373409e+03
16,30,5,3.373409e+03
16,30,1,6.458465e+03
16,30,2,6.458465e+03
16,30,3,6.458465e+03
16,30,5,6.458465e+03
16,30,1,9.317947e+03
16,30,2,9.317947e+03
16,30,3,9.317947e+03
16,30,5,9.317947e+03
16,30,1,6.887315e+03
16,30,2,6.887315e+03
16,30,3,6.887315e+03
16,30,5,6.887315e+03
16,30,1,5.331265e+03
16,30,2,5.331265e+03
16,30,3,5.331265e+03
16,30,5,5.331265e+03
16,30,1,7.457153e+03
16,30,2,7.457153e+03
16,30,3,7.457153e+03
16,30,5,7.457153e+03
16,30,1,9.684034e+03
16,30,2,9.684034e+03
16,30,3,9.684034e+03
16,30,5,9.684034e+03
16,30,1,6.013356e+03
16,30,2,6.013356e+03
16,30,3,6.013356e+03
16,30,5,6.013356e+03
16,30,1,7.223746e+03
16,30,2,7.223746e+03
16,30,3,7.223746e+03
16,30,5,7.223746e+03
16,30,1,6.257961e+03
16,30,2,6.257961e+03
16,30,3,6.257961e+03
16,30,5,6.257961e+03
16,30,1,6.581810e+03
16,30,2,6.581810e+03
16,30,3,6.581810e+03
16,30,5,4.714200e+03
16,30,1,3.384308e+03
16,30,2,3.384308e+03
16,30,3,3.384308e+03
16,30,5,3.384308e+03
16,30,1,4.895156e+03
16,30,2,4.895156e+03
16,30,3,4.895156e+03
16,30,5,4.895156e+03
16,30,1,4.418985e+03
16,30,2,4.418985e+03
16,30,3,4.418985e+03
16,30,5,4.418985e+03
16,30,1,8.877657e+03
16,30,2,8.877657e+03
16,30,3,8.877657e+03
16,30,5,8.877657e+03
16,30,1,6.318531e+03
16,30,2,6.318531e+03
16,30,3,6.318531e+03
16,30,5,6.318531e+03
16,30,1,4.159232e+03
16,30,2,4.159232e+03
16,30,3,4.159232e+03
16,30,5,4.159232e+03
16,30,1,3.567714e+03
16,30,2,3.567714e+03
16,30,3,3.567714e+03
16,30,5,3.567714e+03
16,30,1,6.925716e+03
16,30,2,6.925716e+03
16,30,3,6.925716e+03
16,30,5,6.925716e+03
16,30,1,6.913992e+03
16,30,2,6.913992e+03
16,30,3,6.913992e+03
16,30,5,6.913992e+03
16,30,1,7.768219e+03
16,30,2,7.768219e+03
16,30,3,7.768219e+03
16,30,5,7.768219e+03
16,30,1,7.636111e+03
16,30,2,7.636111e+03
16,30,3,7.636111e+03
16,30,5,7.636111e+03
16,30,1,4.274503e+03
16,30,2,4.274503e+03
16,30,3,4.274503e+03
16,30,5,4.274503e+03
16,30,1,6.212794e+03
16,30,2,6.212794e+03
16,30,3,6.212794e+03
16,30,5,6.212794e+03
16,30,1,7.010949e+03
16,30,2,7.010949e+03
16,30,3,7.010949e+03
16,30,5,7.010949e+03
16,30,1,2.816154e+03
16,30,2,2.816154e+03
16,30,3,2.816154e+03
16,30,5,2.816154e+03
16,30,1,4.652585e+03
16,30,2,4.652585e+03
16,30,3,4.652585e+03
16,30,5,4.652585e+03
16,30,1,9.020223e+03
16,30,2,9.020223e+03
16,30,3,9.020223e+03
16,30,5,9.020223e+03
16,30,1,4.215429e+03
16,30,2,4.215429e+03
16,30,3,4.215429e+03
16,30,5,4.215429e+03
16,30,1,3.351717e+03
16,30,2,3.351717e+03
16,30,3,3.351717e+03
16,30,5,3.351717e+03
16,30,1,4.574312e+03
16,30,2,4.574312e+03
16,30,3,4.574312e+03
16,30,5,4.574312e+03
16,30,1,1.062855e+04
16,30,2,1.062855e+04
16,30,3,5.757683e+03
16,30,5,5.757683e+03
16,30,1,5.940141e+03
16,30,2,5.940141e+03
16,30,3,5.940141e+03
16,30,5,5.940141e+03
16,30,1,5.285459e+03
16,30,2,5.285459e+03
16,30,3,5.285459e+03
16,30,5,5.285459e+03
16,30,1,5.545848e+03
16,30,2,5.545848e+03
16,30,3,5.545848e+03
16,30,5,5.545848e+03
16,30,1,4.153344e+03
16,30,2,4.153344e+03
16,30,3,4.153344e+03
16,30,5,4.153344e+03
16,30,1,3.991066e+03
16,30,2,3.991066e+03
16,30,3,3.991066e+03
16,30,5,3.991066e+03
16,30,1,7.284105e+03
16,30,2,7.284105e+03
16,30,3,7.284105e+03
16,30,5,7.284105e+03
16,30,1,9.397735e+03
16,30,2,9.397735e+03
16,30,3,9.397735e+03
16,30,5,9.397735e+03
16,30,1,3.927040e+03
16,30,2,3.927040e+03
16,30,3,3.927040e+03
16,30,5,3.927040e+03
16,30,1,3.748140e+03
16,30,2,3.748140e+03
16,30,3,3.748140e+03
16,30,5,3.748140e+03
16,30,1,5.100901e+03
16,30,2,5.100901e+03
16,30,3,5.100901e+03
16,30,5,5.100901e+03
16,30,1,8.411729e+03
16,30,2,8.411729e+03
16,30,3,8.411729e+03
16,30,5,7.474805e+03
16,30,1,3.526706e+03
16,30,2,3.526706e+03
16,30,3,3.526706e+03
16,30,5,3.526706e+03
16,30,1,6.242453e+03
16,30,2,6.242453e+03
16,30,3,6.242453e+03
16,30,5,6.242453e+03
16,30,1,6.133786e+03
16,30,2,6.133786e+03
16,30,3,6.133786e+03
16,30,5,6.133786e+03
16,30,1,8.747631e+03
16,30,2,8.747631e+03
16,30,3,8.747631e+03
16,30,5,8.747631e+03
16,30,1,5.690988e+03
16,30,2,5.690988e+03
16,30,3,5.690988e+03
16,30,5,5.690988e+03
16,30,1,7.286166e+03
16,30,2,7.286166e+03
16,30,3,7.286166e+03
16,30,5,7.286166e+03
16,30,1,6.125931e+03
16,30,2,6.125931e+03
16,30,3,6.125931e+03
16,30,5,6.125931e+03
16,30,1,8.803250e+03
16,30,2,8.803250e+03
16,30,3,8.803250e+03
16,30,5,8.803250e+03
16,30,1,7.193170e+03
16,30,2,4.217813e+03
16,30,3,4.217813e+03
16,30,5,4.217813e+03
16,30,1,6.052051e+03
16,30,2,6.052051e+03
16,30,3,6.052051e+03
16,30,5,6.052051e+03
16,30,1,7.692899e+03
16,30,2,7.692899e+03
16,30,3,7.692899e+03
16,30,5,7.692899e+03
16,30,1,6.038005e+03
16,30,2,6.038005e+03
16,30,3,6.038005e+03
16,30,5,6.038005e+03
