funcid,dim,milestone,error
11,30,1,2.372611e+04
11,30,2,2.372611e+04
11,30,3,1.991690e+04
11,30,5,6.972472e+03
11,30,1,1.120644e+04
11,30,2,1.120644e+04
11,30,3,1.120644e+04
11,30,5,1.120644e+04
11,30,1,1.158593e+04
11,30,2,1.158593e+04
11,30,3,1.158593e+04
11,30,5,1.158593e+04
11,30,1,4.788636e+04
11,30,2,4.788636e+04
11,30,3,4.788636e+04
11,30,5,4.788636e+04
11,30,1,3.775884e+04
11,30,2,3.775884e+04
11,30,3,2.941931e+04
11,30,5,6.260532e+03
11,30,1,1.163782e+04
11,30,2,1.163782e+04
11,30,3,1.163782e+04
11,30,5,1.163782e+04
11,30,1,7.690252e+04
11,30,2,7.690252e+04
11,30,3,7.690252e+04
11,30,5,7.690252e+04
11,30,1,2.095742e+04
11,30,2,2.095742e+04
11,30,3,2.095742e+04
11,30,5,1.073980e+04
11,30,1,3.151967e+04
11,30,2,3.151967e+04
11,30,3,3.151967e+04
11,30,5,3.151967e+04
11,30,1,2.684948e+04
11,30,2,7.973875e+03
11,30,3,7.973875e+03
11,30,5,7.973875e+03
11,30,1,1.321283e+04
11,30,2,1.321283e+04
11,30,3,1.321283e+04
11,30,5,8.157611e+03
11,30,1,1.661649e+04
11,30,2,1.661649e+04
11,30,3,1.661649e+04
11,30,5,1.661649e+04
11,30,1,5.175285e+04
11,30,2,5.175285e+04
11,30,3,5.175285e+04
11,30,5,5.175285e+04
11,30,1,4.817267e+04
11,30,2,4.817267e+04
11,30,3,4.817267e+04
11,30,5,1.155910e+04
11,30,1,7.283902e+04
11,30,2,7.283902e+04
11,30,3,7.283902e+04
11,30,5,7.283902e+04
11,30,1,1.954863e+05
11,30,2,1.954863e+05
11,30,3,1.414710e+04
11,30,5,9.135152e+03
11,30,1,6.912949e+04
11,30,2,6.912949e+04
11,30,3,6.912949e+04
11,30,5,1.006524e+04
11,30,1,2.867313e+04
11,30,2,2.867313e+04
11,30,3,2.867313e+04
11,30,5,2.867313e+04
11,30,1,6.525775e+04
11,30,2,6.525775e+04
11,30,3,6.525775e+04
11,30,5,6.525775e+04
11,30,1,2.998916e+04
11,30,2,2.998916e+04
11,30,3,2.998916e+04
11,30,5,2.998916e+04
11,30,1,5.156297e+04
11,30,2,1.203636e+04
11,30,3,1.203636e+04
11,30,5,6.899455e+03
11,30,1,1.882215e+04
11,30,2,1.882215e+04
11,30,3,1.882215e+04
11,30,5,1.882215e+04
11,30,1,1.509349e+04
11,30,2,1.509349e+04
11,30,3,1.509349e+04
11,30,5,1.509349e+04
11,30,1,1.801179e+04
11,30,2,1.801179e+04
11,30,3,1.488454e+04
11,30,5,6.639390e+03
11,30,1,7.511538e+04
11,30,2,7.511538e+04
11,30,3,9.645419e+03
11,30,5,7.568695e+03
11,30,1,2.643923e+04
11,30,2,2.643923e+04
11,30,3,2.643923e+04
11,30,5,1.095428e+04
11,30,1,2.902954e+04
11,30,2,2.902954e+04
11,30,3,2.902954e+04
11,30,5,2.902954e+04
11,30,1,1.733954e+04
11,30,2,1.733954e+04
11,30,3,1.139533e+04
11,30,5,1.139533e+04
11,30,1,6.884653e+04
11,30,2,6.884653e+04
11,30,3,6.884653e+04
11,30,5,1.431942e+04
11,30,1,3.577802e+04
11,30,2,3.577802e+04
11,30,3,1.268258e+04
11,30,5,1.229482e+04
11,30,1,1.360849e+04
11,30,2,1.360849e+04
11,30,3,1.360849e+04
11,30,5,1.360849e+04
11,30,1,2.242073e+04
11,30,2,2.242073e+04
11,30,3,2.242073e+04
11,30,5,2.242073e+04
11,30,1,1.426925e+04
11,30,2,1.426925e+04
11,30,3,1.426925e+04
11,30,5,5.247188e+03
11,30,1,1.396663e+04
11,30,2,1.396663e+04
11,30,3,1.396663e+04
11,30,5,1.396663e+04
11,30,1,3.271506e+04
11,30,2,3.271506e+04
11,30,3,3.271506e+04
11,30,5,3.271506e+04
11,30,1,3.711208e+04
11,30,2,3.711208e+04
11,30,3,2.104856e+04
11,30,5,8.520123e+03
11,30,1,1.346698e+04
11,30,2,1.346698e+04
11,30,3,1.346698e+04
11,30,5,7.212937e+03
11,30,1,4.192779e+04
11,30,2,4.192779e+04
11,30,3,4.192779e+04
11,30,5,1.320779e+04
11,30,1,2.389328e+04
11,30,2,2.389328e+04
11,30,3,2.389328e+04
11,30,5,2.389328e+04
11,30,1,2.658165e+04
11,30,2,2.658165e+04
11,30,3,1.463601e+04
11,30,5,7.563872e+03
11,30,1,4.266052e+04
11,30,2,3.611886e+04
11,30,3,3.611886e+04
11,30,5,2.237607e+04
11,30,1,3.475762e+04
11,30,2,3.475762e+04
11,30,3,3.475762e+04
11,30,5,3.475762e+04
11,30,1,5.665599e+04
11,30,2,5.665599e+04
11,30,3,5.665599e+04
11,30,5,9.767911e+03
11,30,1,5.124730e+04
11,30,2,5.124730e+04
11,30,3,5.124730e+04
11,30,5,5.124730e+04
11,30,1,2.416370e+04
11,30,2,2.416370e+04
11,30,3,2.416370e+04
11,30,5,2.070230e+04
11,30,1,6.235753e+04
11,30,2,6.235753e+04
11,30,3,6.235753e+04
11,30,5,6.235753e+04
11,30,1,3.568525e+04
11,30,2,3.568525e+04
11,30,3,3.568525e+04
11,30,5,8.592466e+03
11,30,1,6.509947e+04
11,30,2,6.509947e+04
11,30,3,6.509947e+04
11,30,5,6.509947e+04
11,30,1,2.761815e+04
11,30,2,2.761815e+04
11,30,3,2.761815e+04
11,30,5,2.761815e+04
11,30,1,5.661632e+04
11,30,2,5.661632e+04
11,30,3,5.661632e+04
11,30,5,5.661632e+04
11,30,1,4.036802e+04
11,30,2,4.036802e+04
11,30,3,4.036802e+04
11,30,5,4.036802e+04
11,30,1,2.640793e+04
11,30,2,2.640793e+04
11,30,3,2.640793e+04
11,30,5,2.640793e+04
11,30,1,1.159546e+04
11,30,2,1.159546e+04
11,30,3,1.159546e+04
11,30,5,1.159546e+04
11,30,1,1.208103e+04
11,30,2,1.208103e+04
11,30,3,1.208103e+04
11,30,5,7.096339e+03
11,30,1,2.620977e+04
11,30,2,2.620977e+04
11,30,3,2.620977e+04
11,30,5,9.941618e+03
11,30,1,5.486302e+04
11,30,2,5.486302e+04
11,30,3,5.486302e+04
11,30,5,5.486302e+04
11,30,1,5.349331e+04
11,30,2,5.349331e+04
11,30,3,5.349331e+04
11,30,5,5.349331e+04
11,30,1,3.468885e+04
11,30,2,1.112194e+04
11,30,3,1.112194e+04
11,30,5,1.112194e+04
11,30,1,2.670048e+04
11,30,2,2.346994e+04
11,30,3,2.346994e+04
11,30,5,1.091320e+04
11,30,1,5.373119e+03
11,30,2,5.373119e+03
11,30,3,5.373119e+03
11,30,5,5.373119e+03
11,30,1,5.145745e+04
11,30,2,5.145745e+04
11,30,3,5.145745e+04
11,30,5,5.145745e+04
11,30,1,1.493931e+04
11,30,2,1.493931e+04
11,30,3,1.493931e+04
11,30,5,1.493931e+04
11,30,1,5.427466e+04
11,30,2,5.427466e+04
11,30,3,4.437414e+04
11,30,5,4.976556e+03
11,30,1,2.907359e+04
11,30,2,8.370634e+03
11,30,3,6.640948e+03
11,30,5,6.640948e+03
11,30,1,7.036656e+04
11,30,2,7.036656e+04
11,30,3,7.036656e+04
11,30,5,7.036656e+04
11,30,1,5.721680e+05
11,30,2,5.721680e+05
11,30,3,5.721680e+05
11,30,5,5.721680e+05
11,30,1,1.466098e+05
11,30,2,1.466098e+05
11,30,3,1.466098e+05
11,30,5,6.622303e+03
11,30,1,2.132749e+04
11,30,2,2.132749e+04
11,30,3,2.132749e+04
11,30,5,2.132749e+04
11,30,1,1.007988e+04
11,30,2,9.772527e+03
11,30,3,9.772527e+03
11,30,5,4.880810e+03
11,30,1,3.471827e+04
11,30,2,3.471827e+04
11,30,3,3.471827e+04
11,30,5,3.471827e+04
11,30,1,1.847536e+04
11,30,2,1.847536e+04
11,30,3,1.847536e+04
11,30,5,1.847536e+04
11,30,1,6.287374e+04
11,30,2,6.287374e+04
11,30,3,6.287374e+04
11,30,5,6.287374e+04
11,30,1,6.094429e+04
11,30,2,6.094429e+04
11,30,3,6.094429e+04
11,30,5,6.360937e+03
11,30,1,2.469721e+04
11,30,2,2.469721e+04
11,30,3,2.071069e+04
11,30,5,5.035216e+03
11,30,1,1.538206e+04
11,30,2,1.538206e+04
11,30,3,1.538206e+04
11,30,5,1.166254e+04
11,30,1,1.138978e+04
11,30,2,1.138978e+04
11,30,3,1.138978e+04
11,30,5,1.138978e+04
11,30,1,6.902391e+04
11,30,2,6.902391e+04
11,30,3,6.902391e+04
11,30,5,6.902391e+04
11,30,1,3.037983e+04
11,30,2,3.037983e+04
11,30,3,3.037983e+04
11,30,5,3.037983e+04
11,30,1,6.536183e+04
11,30,2,6.536183e+04
11,30,3,6.536183e+04
11,30,5,6.536183e+04
11,30,1,5.373356e+04
11,30,2,5.373356e+04
11,30,3,5.373356e+04
11,30,5,5.373356e+04
11,30,1,3.289786e+04
11,30,2,3.289786e+04
11,30,3,1.178516e+04
11,30,5,1.178516e+04
11,30,1,1.853781e+04
11,30,2,1.853781e+04
11,30,3,1.853781e+04
11,30,5,1.052277e+04
11,30,1,1.646702e+04
11,30,2,1.646702e+04
11,30,3,1.646702e+04
11,30,5,1.646702e+04
11,30,1,4.066439e+04
11,30,2,4.066439e+04
11,30,3,4.066439e+04
11,30,5,1.009983e+04
11,30,1,3.136458e+04
11,30,2,3.136458e+04
11,30,3,3.136458e+04
11,30,5,1.054291e+04
11,30,1,2.134136e+04
11,30,2,2.134136e+04
11,30,3,2.134136e+04
11,30,5,2.134136e+04
11,30,1,3.283195e+04
11,30,2,3.283195e+04
11,30,3,3.283195e+04
11,30,5,1.154200e+04
11,30,1,1.140249e+05
11,30,2,1.140249e+05
11,30,3,1.140249e+05
11,30,5,1.140249e+05
11,30,1,5.065448e+04
11,30,2,5.065448e+04
11,30,3,5.065448e+04
11,30,5,5.065448e+04
11,30,1,2.939592e+04
11,30,2,2.939592e+04
11,30,3,2.939592e+04
11,30,5,2.939592e+04
11,30,1,9.149437e+04
11,30,2,9.149437e+04
11,30,3,9.149437e+04
11,30,5,9.149437e+04
11,30,1,2.521420e+04
11,30,2,2.521420e+04
11,30,3,2.521420e+04
11,30,5,1.013911e+04
11,30,1,2.509171e+04
11,30,2,2.509171e+04
11,30,3,2.509171e+04
11,30,5,9.962959e+03
11,30,1,3.906246e+04
11,30,2,3.906246e+04
11,30,3,3.906246e+04
11,30,5,5.842107e+03
11,30,1,1.975165e+04
11,30,2,1.975165e+04
11,30,3,1.975165e+04
11,30,5,1.506038e+04
11,30,1,1.742253e+04
11,30,2,1.742253e+04
11,30,3,1.742253e+04
11,30,5,8.075102e+03
11,30,1,1.319654e+04
11,30,2,1.319654e+04
11,30,3,1.141852e+04
11,30,5,6.852671e+03
11,30,1,1.086587e+04
11,30,2,1.086587e+04
11,30,3,1.086587e+04
11,30,5,1.086587e+04
11,30,1,1.019535e+05
11,30,2,1.019535e+05
11,30,3,1.019535e+05
11,30,5,1.019535e+05
11,30,1,3.870384e+04
11,30,2,3.870384e+04
11,30,3,3.870384e+04
11,30,5,5.390687e+03
11,30,1,1.202039e+04
11,30,2,1.202039e+04
11,30,3,1.202039e+04
11,30,5,1.202039e+04
11,30,1,3.406407e+04
11,30,2,3.406407e+04
11,30,3,3.406407e+04
11,30,5,3.406407e+04
11,30,1,3.134269e+04
11,30,2,3.134269e+04
11,30,3,3.134269e+04
11,30,5,3.134269e+04
11,30,1,2.978257e+04
11,30,2,2.978257e+04
11,30,3,2.978257e+04
11,30,5,2.978257e+04
11,30,1,6.593444e+04
11,30,2,6.593444e+04
11,30,3,6.593444e+04
11,30,5,6.593444e+04
11,30,1,3.458473e+04
11,30,2,3.458473e+04
11,30,3,2.357500e+04
11,30,5,6.709180e+03
11,30,1,3.388728e+04
11,30,2,3.388728e+04
11,30,3,3.388728e+04
11,30,5,3.388728e+04
11,30,1,1.732782e+04
11,30,2,1.732782e+04
11,30,3,1.732782e+04
11,30,5,1.732782e+04
11,30,1,1.357957e+04
11,30,2,1.357957e+04
11,30,3,1.357957e+04
11,30,5,7.777979e+03
11,30,1,5.036020e+04
11,30,2,5.036020e+04
11,30,3,5.036020e+04
11,30,5,1.112919e+04
11,30,1,1.037508e+05
11,30,2,2.542833e+04
11,30,3,2.542833e+04
11,30,5,7.103906e+03
11,30,1,1.912254e+04
11,30,2,1.675388e+04
11,30,3,1.582806e+04
11,30,5,6.551110e+03
11,30,1,1.884634e+04
11,30,2,1.884634e+04
11,30,3,1.884634e+04
11,30,5,1.884634e+04
11,30,1,1.416351e+04
11,30,2,1.416351e+04
11,30,3,1.416351e+04
11,30,5,1.416351e+04
11,30,1,3.367353e+04
11,30,2,1.929002e+04
11,30,3,1.221017e+04
11,30,5,1.203505e+04
11,30,1,1.208769e+04
11,30,2,1.208769e+04
11,30,3,1.208769e+04
11,30,5,1.208769e+04
11,30,1,2.192278e+04
11,30,2,2.063588e+04
11,30,3,1.737543e+04
11,30,5,1.398606e+04
11,30,1,2.113325e+04
11,30,2,2.113325e+04
11,30,3,2.113325e+04
11,30,5,2.113325e+04
11,30,1,6.365931e+03
11,30,2,6.365931e+03
11,30,3,6.365931e+03
11,30,5,6.365931e+03
11,30,1,1.178019e+04
11,30,2,1.178019e+04
11,30,3,1.178019e+04
11,30,5,5.586989e+03
11,30,1,2.465379e+04
11,30,2,2.465379e+04
11,30,3,2.465379e+04
11,30,5,2.465379e+04
11,30,1,3.135243e+05
11,30,2,3.135243e+05
11,30,3,3.135243e+05
11,30,5,3.135243e+05
11,30,1,2.059001e+04
11,30,2,2.059001e+04
11,30,3,2.059001e+04
11,30,5,2.059001e+04
11,30,1,1.365759e+04
11,30,2,1.365759e+04
11,30,3,1.365759e+04
11,30,5,1.365759e+04
11,30,1,4.241754e+04
11,30,2,4.241754e+04
11,30,3,4.241754e+04
11,30,5,4.241754e+04
11,30,1,1.803979e+04
11,30,2,1.803979e+04
11,30,3,1.803979e+04
11,30,5,1.803979e+04
11,30,1,3.058564e+04
11,30,2,3.058564e+04
11,30,3,3.058564e+04
11,30,5,3.058564e+04
11,30,1,5.234802e+04
11,30,2,5.234802e+04
11,30,3,1.995592e+04
11,30,5,1.995592e+04
11,30,1,1.295390e+04
11,30,2,1.070799e+04
11,30,3,8.816083e+03
11,30,5,8.541305e+03
11,30,1,8.488102e+04
11,30,2,8.488102e+04
11,30,3,8.488102e+04
11,30,5,1.302303e+04
11,30,1,6.464249e+04
11,30,2,6.464249e+04
11,30,3,6.464249e+04
11,30,5,6.464249e+04
11,30,1,9.791573e+03
11,30,2,9.791573e+03
11,30,3,9.791573e+03
11,30,5,9.791573e+03
11,30,1,7.223768e+04
11,30,2,7.223768e+04
11,30,3,7.223768e+04
11,30,5,7.223768e+04
11,30,1,2.670931e+05
11,30,2,2.670931e+05
11,30,3,2.670931e+05
11,30,5,1.879771e+04
11,30,1,4.624998e+04
11,30,2,4.624998e+04
11,30,3,4.624998e+04
11,30,5,4.624998e+04
11,30,1,5.990293e+04
11,30,2,5.990293e+04
11,30,3,5.990293e+04
11,30,5,5.990293e+04
11,30,1,7.268586e+04
11,30,2,7.268586e+04
11,30,3,7.268586e+04
11,30,5,7.268586e+04
11,30,1,1.634558e+04
11,30,2,1.634558e+04
11,30,3,1.634558e+04
11,30,5,1.041189e+04
11,30,1,7.486116e+03
11,30,2,7.486116e+03
11,30,3,7.486116e+03
11,30,5,7.486116e+03
11,30,1,5.306200e+04
11,30,2,5.306200e+04
11,30,3,5.306200e+04
11,30,5,5.306200e+04
11,30,1,5.883901e+04
11,30,2,5.883901e+04
11,30,3,5.883901e+04
11,30,5,5.883901e+04
11,30,1,3.290169e+04
11,30,2,3.290169e+04
11,30,3,3.290169e+04
11,30,5,9.978330e+03
11,30,1,5.284095e+04
11,30,2,5.284095e+04
11,30,3,5.284095e+04
11,30,5,1.250354e+04
11,30,1,5.369417e+04
11,30,2,5.369417e+04
11,30,3,5.369417e+04
11,30,5,5.369417e+04
11,30,1,1.109564e+04
11,30,2,1.109564e+04
11,30,3,1.109564e+04
11,30,5,1.097837e+04
11,30,1,2.087797e+04
11,30,2,2.087797e+04
11,30,3,2.087797e+04
11,30,5,2.087797e+04
11,30,1,4.439424e+04
11,30,2,4.439424e+04
11,30,3,4.439424e+04
11,30,5,4.439424e+04
11,30,1,7.002433e+04
11,30,2,7.002433e+04
11,30,3,7.002433e+04
11,30,5,1.436245e+04
11,30,1,4.298435e+04
11,30,2,1.874429e+04
11,30,3,1.874429e+04
11,30,5,7.067536e+03
11,30,1,4.778773e+04
11,30,2,4.778773e+04
11,30,3,4.778773e+04
11,30,5,4.778773e+04
11,30,1,9.772442e+04
11,30,2,9.772442e+04
11,30,3,1.128155e+04
11,30,5,1.128155e+04
11,30,1,8.625173e+04
11,30,2,8.625173e+04
11,30,3,8.625173e+04
11,30,5,8.625173e+04
11,30,1,1.809641e+04
11,30,2,1.601678e+04
11,30,3,1.310669e+04
11,30,5,5.816087e+03
