funcid,dim,milestone,error
9,30,1,1.219132e+04
9,30,2,1.219132e+04
9,30,3,1.219132e+04
9,30,5,1.219132e+04
9,30,1,3.351714e+04
9,30,2,3.351714e+04
9,30,3,3.351714e+04
9,30,5,8.061515e+03
9,30,1,2.448342e+04
9,30,2,2.448342e+04
9,30,3,2.448342e+04
9,30,5,1.030230e+04
9,30,1,1.638395e+04
9,30,2,1.638395e+04
9,30,3,1.638395e+04
9,30,5,1.043397e+04
9,30,1,1.422052e+04
9,30,2,1.335512e+04
9,30,3,1.335512e+04
9,30,5,1.317744e+04
9,30,1,3.027770e+04
9,30,2,3.027770e+04
9,30,3,3.027770e+04
9,30,5,3.027770e+04
9,30,1,2.003443e+04
9,30,2,2.003443e+04
9,30,3,2.003443e+04
9,30,5,2.003443e+04
9,30,1,1.481142e+04
9,30,2,1.481142e+04
9,30,3,1.481142e+04
9,30,5,9.822718e+03
9,30,1,4.621189e+04
9,30,2,4.621189e+04
9,30,3,4.621189e+04
9,30,5,4.621189e+04
9,30,1,2.002515e+04
9,30,2,2.002515e+04
9,30,3,1.583674e+04
9,30,5,1.058645e+04
9,30,1,1.492644e+04
9,30,2,1.492644e+04
9,30,3,1.492644e+04
9,30,5,1.492644e+04
9,30,1,2.706173e+04
9,30,2,2.706173e+04
9,30,3,2.706173e+04
9,30,5,2.706173e+04
9,30,1,1.482098e+04
9,30,2,1.482098e+04
9,30,3,1.482098e+04
9,30,5,1.229328e+04
9,30,1,2.423505e+04
9,30,2,2.423505e+04
9,30,3,2.423505e+04
9,30,5,2.423505e+04
9,30,1,2.727418e+04
9,30,2,2.727418e+04
9,30,3,2.727418e+04
9,30,5,1.617134e+04
9,30,1,1.414001e+04
9,30,2,1.414001e+04
9,30,3,1.414001e+04
9,30,5,1.065261e+04
9,30,1,1.391341e+04
9,30,2,1.391341e+04
9,30,3,1.208622e+04
9,30,5,9.317966e+03
9,30,1,2.752840e+04
9,30,2,2.752840e+04
9,30,3,2.752840e+04
9,30,5,1.191663e+04
9,30,1,3.996624e+04
9,30,2,3.996624e+04
9,30,3,3.996624e+04
9,30,5,3.996624e+04
9,30,1,2.453132e+04
9,30,2,2.131041e+04
9,30,3,2.131041e+04
9,30,5,1.262241e+04
9,30,1,1.356775e+04
9,30,2,1.356775e+04
9,30,3,1.356775e+04
9,30,5,1.356775e+04
9,30,1,1.408004e+04
9,30,2,1.408004e+04
9,30,3,1.408004e+04
9,30,5,1.111965e+04
9,30,1,4.087807e+04
9,30,2,4.087807e+04
9,30,3,4.087807e+04
9,30,5,4.087807e+04
9,30,1,2.147372e+04
9,30,2,2.147372e+04
9,30,3,2.147372e+04
9,30,5,2.147372e+04
9,30,1,1.906447e+04
9,30,2,1.906447e+04
9,30,3,1.906447e+04
9,30,5,1.142871e+04
9,30,1,1.956880e+04
9,30,2,1.956880e+04
9,30,3,1.956880e+04
9,30,5,1.956880e+04
9,30,1,2.014933e+04
9,30,2,1.638151e+04
9,30,3,1.638151e+04
9,30,5,1.093384e+04
9,30,1,1.645963e+04
9,30,2,1.645963e+04
9,30,3,1.442206e+04
9,30,5,1.219158e+04
9,30,1,2.137895e+04
9,30,2,2.137895e+04
9,30,3,2.137895e+04
9,30,5,2.137895e+04
9,30,1,5.270691e+04
9,30,2,5.270691e+04
9,30,3,3.821601e+04
9,30,5,9.453560e+03
9,30,1,1.970900e+04
9,30,2,1.623650e+04
9,30,3,1.623650e+04
9,30,5,1.173651e+04
9,30,1,1.777964e+04
9,30,2,1.777964e+04
9,30,3,1.777964e+04
9,30,5,1.777964e+04
9,30,1,1.661090e+04
9,30,2,1.088266e+04
9,30,3,1.088266e+04
9,30,5,1.088266e+04
9,30,1,1.214928e+04
9,30,2,1.214928e+04
9,30,3,1.214928e+04
9,30,5,9.501517e+03
9,30,1,1.643075e+04
9,30,2,1.643075e+04
9,30,3,1.643075e+04
9,30,5,1.643075e+04
9,30,1,1.530305e+04
9,30,2,1.530305e+04
9,30,3,1.530305e+04
9,30,5,1.530305e+04
9,30,1,3.892725e+04
9,30,2,3.892725e+04
9,30,3,3.892725e+04
9,30,5,3.892725e+04
9,30,1,1.920326e+04
9,30,2,1.920326e+04
9,30,3,1.920326e+04
9,30,5,1.389749e+04
9,30,1,1.383821e+04
9,30,2,1.383821e+04
9,30,3,1.383821e+04
9,30,5,1.383821e+04
9,30,1,1.445969e+04
9,30,2,1.445969e+04
9,30,3,1.445969e+04
9,30,5,1.338649e+04
9,30,1,3.010582e+04
9,30,2,3.010582e+04
9,30,3,3.010582e+04
9,30,5,3.010582e+04
9,30,1,1.781077e+04
9,30,2,1.781077e+04
9,30,3,1.781077e+04
9,30,5,1.781077e+04
9,30,1,3.314718e+04
9,30,2,3.314718e+04
9,30,3,3.314718e+04
9,30,5,3.314718e+04
9,30,1,5.434683e+04
9,30,2,5.434683e+04
9,30,3,5.434683e+04
9,30,5,5.434683e+04
9,30,1,2.063067e+04
9,30,2,2.063067e+04
9,30,3,2.063067e+04
9,30,5,2.063067e+04
9,30,1,3.249341e+04
9,30,2,3.249341e+04
9,30,3,3.249341e+04
9,30,5,3.249341e+04
9,30,1,2.612817e+04
9,30,2,1.543403e+04
9,30,3,1.253508e+04
9,30,5,9.828707e+03
9,30,1,3.751298e+04
9,30,2,3.751298e+04
9,30,3,1.403531e+04
9,30,5,1.162604e+04
9,30,1,1.250226e+04
9,30,2,1.250226e+04
9,30,3,1.250226e+04
9,30,5,1.117083e+04
9,30,1,2.255250e+04
9,30,2,2.255250e+04
9,30,3,2.255250e+04
9,30,5,9.460755e+03
9,30,1,1.663358e+04
9,30,2,1.663358e+04
9,30,3,1.663358e+04
9,30,5,9.251613e+03
9,30,1,2.580419e+04
9,30,2,2.580419e+04
9,30,3,2.580419e+04
9,30,5,1.329818e+04
9,30,1,4.379123e+04
9,30,2,4.379123e+04
9,30,3,4.379123e+04
9,30,5,1.019756e+04
9,30,1,3.426060e+04
9,30,2,3.426060e+04
9,30,3,2.273837e+04
9,30,5,9.608992e+03
9,30,1,3.627213e+04
9,30,2,3.627213e+04
9,30,3,3.627213e+04
9,30,5,3.627213e+04
9,30,1,1.219716e+04
9,30,2,1.219716e+04
9,30,3,1.219716e+04
9,30,5,1.219716e+04
9,30,1,1.434516e+04
9,30,2,1.434516e+04
9,30,3,1.434516e+04
9,30,5,1.135973e+04
9,30,1,3.973598e+04
9,30,2,3.973598e+04
9,30,3,3.973598e+04
9,30,5,3.973598e+04
9,30,1,1.258224e+04
9,30,2,1.258224e+04
9,30,3,1.258224e+04
9,30,5,1.258224e+04
9,30,1,1.592551e+04
9,30,2,1.592551e+04
9,30,3,1.592551e+04
9,30,5,1.243196e+04
9,30,1,1.555658e+04
9,30,2,1.555658e+04
9,30,3,1.555658e+04
9,30,5,1.555658e+04
9,30,1,1.733185e+04
9,30,2,1.391067e+04
9,30,3,1.391067e+04
9,30,5,1.165965e+04
9,30,1,1.354779e+04
9,30,2,1.165429e+04
9,30,3,1.165429e+04
9,30,5,9.537565e+03
9,30,1,1.448807e+04
9,30,2,1.448807e+04
9,30,3,1.448807e+04
9,30,5,1.095527e+04
9,30,1,2.266432e+04
9,30,2,2.266432e+04
9,30,3,2.266432e+04
9,30,5,1.000673e+04
9,30,1,1.874100e+04
9,30,2,1.307780e+04
9,30,3,1.307780e+04
9,30,5,1.307780e+04
9,30,1,4.261033e+04
9,30,2,4.261033e+04
9,30,3,4.261033e+04
9,30,5,4.261033e+04
9,30,1,2.554777e+04
9,30,2,2.554777e+04
9,30,3,2.554777e+04
9,30,5,2.554777e+04
9,30,1,1.663457e+04
9,30,2,1.663457e+04
9,30,3,1.663457e+04
9,30,5,1.427162e+04
9,30,1,1.293864e+04
9,30,2,1.293864e+04
9,30,3,1.293864e+04
9,30,5,1.293864e+04
9,30,1,1.398485e+04
9,30,2,1.398485e+04
9,30,3,1.398485e+04
9,30,5,1.398485e+04
9,30,1,4.796521e+04
9,30,2,4.796521e+04
9,30,3,2.256763e+04
9,30,5,1.125536e+04
9,30,1,1.337798e+04
9,30,2,1.251391e+04
9,30,3,1.251391e+04
9,30,5,1.251391e+04
9,30,1,1.298823e+04
9,30,2,1.298823e+04
9,30,3,1.298823e+04
9,30,5,1.298823e+04
9,30,1,2.425626e+04
9,30,2,1.223193e+04
9,30,3,1.223193e+04
9,30,5,9.595967e+03
9,30,1,2.031897e+04
9,30,2,2.031897e+04
9,30,3,2.031897e+04
9,30,5,1.194145e+04
9,30,1,3.240213e+04
9,30,2,3.240213e+04
9,30,3,3.240213e+04
9,30,5,3.240213e+04
9,30,1,1.334667e+04
9,30,2,1.334667e+04
9,30,3,1.334667e+04
9,30,5,1.334667e+04
9,30,1,1.863441e+04
9,30,2,1.863441e+04
9,30,3,1.863441e+04
9,30,5,1.863441e+04
9,30,1,2.398674e+04
9,30,2,2.398674e+04
9,30,3,2.398674e+04
9,30,5,2.398674e+04
9,30,1,1.692102e+04
9,30,2,1.692102e+04
9,30,3,1.692102e+04
9,30,5,1.175164e+04
9,30,1,1.539823e+04
9,30,2,1.539823e+04
9,30,3,1.539823e+04
9,30,5,1.131777e+04
9,30,1,1.849118e+04
9,30,2,1.849118e+04
9,30,3,1.849118e+04
9,30,5,1.849118e+04
9,30,1,3.681319e+04
9,30,2,3.681319e+04
9,30,3,3.681319e+04
9,30,5,1.113754e+04
9,30,1,1.939849e+04
9,30,2,1.939849e+04
9,30,3,1.939849e+04
9,30,5,7.308866e+03
9,30,1,3.286893e+04
9,30,2,3.286893e+04
9,30,3,3.286893e+04
9,30,5,3.286893e+04
9,30,1,1.732915e+04
9,30,2,1.732915e+04
9,30,3,1.427570e+04
9,30,5,8.414952e+03
9,30,1,3.735939e+04
9,30,2,3.735939e+04
9,30,3,3.735939e+04
9,30,5,3.735939e+04
9,30,1,4.267360e+04
9,30,2,4.267360e+04
9,30,3,4.267360e+04
9,30,5,1.318730e+04
9,30,1,4.449094e+04
9,30,2,4.449094e+04
9,30,3,4.449094e+04
9,30,5,1.101495e+04
9,30,1,2.214672e+04
9,30,2,2.214672e+04
9,30,3,2.214672e+04
9,30,5,2.214672e+04
9,30,1,1.879914e+04
9,30,2,1.879914e+04
9,30,3,1.879914e+04
9,30,5,9.273853e+03
9,30,1,1.209587e+04
9,30,2,1.103433e+04
9,30,3,1.103433e+04
9,30,5,1.103433e+04
9,30,1,2.751477e+04
9,30,2,2.751477e+04
9,30,3,2.751477e+04
9,30,5,1.003494e+04
9,30,1,1.861911e+04
9,30,2,1.861911e+04
9,30,3,1.861911e+04
9,30,5,1.861911e+04
9,30,1,1.399901e+04
9,30,2,1.399901e+04
9,30,3,1.399901e+04
9,30,5,1.399901e+04
9,30,1,1.954382e+04
9,30,2,1.954382e+04
9,30,3,1.954382e+04
9,30,5,1.954382e+04
9,30,1,1.340802e+04
9,30,2,1.340802e+04
9,30,3,1.340802e+04
9,30,5,1.340802e+04
9,30,1,1.770012e+04
9,30,2,1.770012e+04
9,30,3,1.770012e+04
9,30,5,1.158574e+04
9,30,1,4.290833e+04
9,30,2,4.290833e+04
9,30,3,4.290833e+04
9,30,5,4.290833e+04
9,30,1,2.333422e+04
9,30,2,2.333422e+04
9,30,3,2.333422e+04
9,30,5,2.333422e+04
9,30,1,4.218490e+04
9,30,2,4.218490e+04
9,30,3,4.218490e+04
9,30,5,4.218490e+04
9,30,1,2.524864e+04
9,30,2,2.524864e+04
9,30,3,2.524864e+04
9,30,5,2.524864e+04
9,30,1,1.633604e+04
9,30,2,1.633604e+04
9,30,3,1.049074e+04
9,30,5,1.049074e+04
9,30,1,2.217495e+04
9,30,2,2.217495e+04
9,30,3,2.217495e+04
9,30,5,1.094700e+04
9,30,1,1.430692e+04
9,30,2,1.430692e+04
9,30,3,1.430692e+04
9,30,5,1.430692e+04
9,30,1,2.464226e+04
9,30,2,2.464226e+04
9,30,3,2.464226e+04
9,30,5,2.464226e+04
9,30,1,1.848498e+04
9,30,2,9.407836e+03
9,30,3,9.407836e+03
9,30,5,9.407836e+03
9,30,1,2.126282e+04
9,30,2,2.126282e+04
9,30,3,2.126282e+04
9,30,5,2.126282e+04
9,30,1,3.466993e+04
9,30,2,3.466993e+04
9,30,3,3.466993e+04
9,30,5,2.736741e+04
9,30,1,2.024181e+04
9,30,2,2.024181e+04
9,30,3,2.024181e+04
9,30,5,8.593359e+03
9,30,1,3.342342e+04
9,30,2,3.342342e+04
9,30,3,3.342342e+04
9,30,5,1.259479e+04
9,30,1,2.668729e+04
9,30,2,2.668729e+04
9,30,3,2.668729e+04
9,30,5,2.668729e+04
9,30,1,1.587918e+04
9,30,2,1.241642e+04
9,30,3,1.241642e+04
9,30,5,1.241642e+04
9,30,1,3.622566e+04
9,30,2,3.622566e+04
9,30,3,3.622566e+04
9,30,5,1.296009e+04
9,30,1,1.634886e+04
9,30,2,1.634886e+04
9,30,3,1.634886e+04
9,30,5,1.634886e+04
9,30,1,3.185756e+04
9,30,2,3.185756e+04
9,30,3,3.185756e+04
9,30,5,1.580127e+04
9,30,1,2.990141e+04
9,30,2,2.990141e+04
9,30,3,2.990141e+04
9,30,5,2.990141e+04
9,30,1,2.148986e+04
9,30,2,2.148986e+04
9,30,3,2.148986e+04
9,30,5,2.148986e+04
9,30,1,2.114537e+04
9,30,2,2.114537e+04
9,30,3,2.114537e+04
9,30,5,1.091381e+04
9,30,1,2.617136e+04
9,30,2,2.617136e+04
9,30,3,2.617136e+04
9,30,5,2.617136e+04
9,30,1,2.973325e+04
9,30,2,2.973325e+04
9,30,3,2.973325e+04
9,30,5,2.973325e+04
9,30,1,2.317532e+04
9,30,2,1.397599e+04
9,30,3,1.361722e+04
9,30,5,9.866025e+03
9,30,1,1.763332e+04
9,30,2,1.763332e+04
9,30,3,1.763332e+04
9,30,5,1.253557e+04
9,30,1,1.618628e+04
9,30,2,1.618628e+04
9,30,3,1.366002e+04
9,30,5,1.001942e+04
9,30,1,2.563787e+04
9,30,2,2.563787e+04
9,30,3,2.563787e+04
9,30,5,2.563787e+04
9,30,1,4.864686e+04
9,30,2,4.864686e+04
9,30,3,4.864686e+04
9,30,5,4.864686e+04
9,30,1,1.974506e+04
9,30,2,1.974506e+04
9,30,3,1.974506e+04
9,30,5,1.974506e+04
9,30,1,4.573624e+04
9,30,2,4.573624e+04
9,30,3,4.573624e+04
9,30,5,4.573624e+04
9,30,1,1.893602e+04
9,30,2,1.893602e+04
9,30,3,1.893602e+04
9,30,5,1.893602e+04
9,30,1,1.543801e+04
9,30,2,1.543801e+04
9,30,3,1.543801e+04
9,30,5,1.174606e+04
9,30,1,1.672010e+04
9,30,2,1.672010e+04
9,30,3,1.672010e+04
9,30,5,1.672010e+04
9,30,1,1.797197e+04
9,30,2,1.797197e+04
9,30,3,1.352169e+04
9,30,5,9.899132e+03
9,30,1,1.682359e+04
9,30,2,1.682359e+04
9,30,3,1.682359e+04
9,30,5,1.682359e+04
9,30,1,2.934395e+04
9,30,2,2.934395e+04
9,30,3,2.934395e+04
9,30,5,2.934395e+04
9,30,1,1.703651e+04
9,30,2,1.703651e+04
9,30,3,1.703651e+04
9,30,5,1.194930e+04
9,30,1,2.046579e+04
9,30,2,2.046579e+04
9,30,3,2.046579e+04
9,30,5,2.046579e+04
9,30,1,2.474541e+04
9,30,2,2.474541e+04
9,30,3,2.474541e+04
9,30,5,2.474541e+04
9,30,1,2.509037e+04
9,30,2,2.509037e+04
9,30,3,2.509037e+04
9,30,5,1.138208e+04
9,30,1,1.056849e+04
9,30,2,1.056849e+04
9,30,3,1.056849e+04
9,30,5,8.858751e+03
9,30,1,1.623147e+04
9,30,2,1.623147e+04
9,30,3,1.623147e+04
9,30,5,1.623147e+04
9,30,1,1.952431e+04
9,30,2,1.739986e+04
9,30,3,1.666650e+04
9,30,5,9.967489e+03
9,30,1,2.448018e+04
9,30,2,2.448018e+04
9,30,3,2.448018e+04
9,30,5,1.207055e+04
9,30,1,2.370752e+04
9,30,2,2.370752e+04
9,30,3,2.370752e+04
9,30,5,2.370752e+04
9,30,1,1.916602e+04
9,30,2,1.916602e+04
9,30,3,1.916602e+04
9,30,5,1.916602e+04
9,30,1,1.483983e+04
9,30,2,1.158048e+04
9,30,3,1.158048e+04
9,30,5,1.080426e+04
9,30,1,1.352749e+04
9,30,2,1.352749e+04
9,30,3,1.352749e+04
9,30,5,1.352749e+04
9,30,1,3.746697e+04
9,30,2,3.746697e+04
9,30,3,3.746697e+04
9,30,5,3.746697e+04
9,30,1,4.518171e+04
9,30,2,4.518171e+04
9,30,3,4.518171e+04
9,30,5,4.518171e+04
9,30,1,2.957185e+04
9,30,2,2.957185e+04
9,30,3,2.957185e+04
9,30,5,2.957185e+04
9,30,1,1.870711e+04
9,30,2,1.870711e+04
9,30,3,1.050427e+04
9,30,5,1.050427e+04
9,30,1,1.255482e+04
9,30,2,1.170658e+04
9,30,3,1.170658e+04
9,30,5,1.057731e+04
9,30,1,3.936873e+04
9,30,2,3.936873e+04
9,30,3,3.936873e+04
9,30,5,3.936873e+04
9,30,1,2.946979e+04
9,30,2,2.113078e+04
9,30,3,2.113078e+04
9,30,5,2.113078e+04
9,30,10,2.113078e+04
9,30,20,2.113078e+04
9,30,30,2.113078e+04
9,30,40,6.224286e+03
9,30,50,4.686653e+03
9,30,1,1.561244e+04
9,30,2,1.561244e+04
9,30,3,1.482916e+04
9,30,5,1.301048e+04
9,30,10,1.301048e+04
9,30,20,1.301048e+04
9,30,30,1.301048e+04
9,30,40,6.337884e+03
9,30,50,4.759583e+03
9,30,1,3.572611e+04
9,30,2,2.214533e+04
9,30,3,1.983276e+04
9,30,5,1.983276e+04
9,30,10,1.983276e+04
9,30,20,1.983276e+04
9,30,30,1.724764e+04
9,30,40,6.044173e+03
9,30,50,4.532305e+03
9,30,1,3.666765e+04
9,30,2,3.666765e+04
9,30,3,3.666765e+04
9,30,5,3.666765e+04
9,30,10,3.666765e+04
9,30,20,3.666765e+04
9,30,30,3.666765e+04
9,30,40,3.666765e+04
9,30,50,3.666765e+04
9,30,1,3.061547e+04
9,30,2,2.446365e+04
9,30,3,1.960343e+04
9,30,5,1.960343e+04
9,30,10,1.960343e+04
9,30,20,1.960343e+04
9,30,30,1.960343e+04
9,30,40,1.960343e+04
9,30,50,1.960343e+04
9,30,1,4.379160e+04
9,30,2,4.379160e+04
9,30,3,4.379160e+04
9,30,5,4.379160e+04
9,30,10,2.894263e+04
9,30,20,2.414127e+04
9,30,30,2.414127e+04
9,30,40,2.414127e+04
9,30,50,2.414127e+04
9,30,1,3.592542e+04
9,30,2,3.592542e+04
9,30,3,3.592542e+04
9,30,5,3.592542e+04
9,30,10,3.592542e+04
9,30,20,3.592542e+04
9,30,30,1.213172e+04
9,30,40,1.129007e+04
9,30,50,4.675704e+03
9,30,1,1.838681e+04
9,30,2,1.788897e+04
9,30,3,1.788897e+04
9,30,5,1.788897e+04
9,30,10,1.788897e+04
9,30,20,1.788897e+04
9,30,30,1.788897e+04
9,30,40,1.788897e+04
9,30,50,1.788897e+04
9,30,1,2.736482e+04
9,30,2,2.736482e+04
9,30,3,2.736482e+04
9,30,5,2.736482e+04
9,30,10,2.736482e+04
9,30,20,2.736482e+04
9,30,30,8.632855e+03
9,30,40,4.897557e+03
9,30,50,4.897557e+03
9,30,1,3.441891e+04
9,30,2,3.441891e+04
9,30,3,3.144304e+04
9,30,5,3.144304e+04
9,30,10,3.144304e+04
9,30,20,3.144304e+04
9,30,30,1.192441e+04
9,30,40,5.695139e+03
9,30,50,4.598821e+03
9,30,1,2.376882e+04
9,30,2,2.376882e+04
9,30,3,1.661261e+04
9,30,5,1.661261e+04
9,30,10,1.661261e+04
9,30,20,1.661261e+04
9,30,30,1.661261e+04
9,30,40,1.661261e+04
9,30,50,1.661261e+04
9,30,1,2.876761e+04
9,30,2,2.876761e+04
9,30,3,1.787168e+04
9,30,5,1.787168e+04
9,30,10,1.548123e+04
9,30,20,1.548123e+04
9,30,30,1.548123e+04
9,30,40,1.548123e+04
9,30,50,1.548123e+04
9,30,1,3.015431e+04
9,30,2,3.015431e+04
9,30,3,1.929218e+04
9,30,5,1.324751e+04
9,30,10,1.324751e+04
9,30,20,1.324751e+04
9,30,30,1.324751e+04
9,30,40,1.324751e+04
9,30,50,4.494541e+03
9,30,1,3.714721e+04
9,30,2,2.469629e+04
9,30,3,1.311166e+04
9,30,5,1.311166e+04
9,30,10,1.311166e+04
9,30,20,1.311166e+04
9,30,30,8.174433e+03
9,30,40,6.295516e+03
9,30,50,4.572521e+03
9,30,1,3.763055e+04
9,30,2,3.763055e+04
9,30,3,3.763055e+04
9,30,5,3.763055e+04
9,30,10,3.763055e+04
9,30,20,3.763055e+04
9,30,30,3.763055e+04
9,30,40,3.763055e+04
9,30,50,3.763055e+04
9,30,1,2.116301e+04
9,30,2,2.074372e+04
9,30,3,2.074372e+04
9,30,5,1.098782e+04
9,30,10,1.098782e+04
9,30,20,1.098782e+04
9,30,30,9.464530e+03
9,30,40,5.250389e+03
9,30,50,5.250389e+03
9,30,1,3.399491e+04
9,30,2,3.399491e+04
9,30,3,3.399491e+04
9,30,5,3.399491e+04
9,30,10,3.399491e+04
9,30,20,3.399491e+04
9,30,30,3.399491e+04
9,30,40,8.315201e+03
9,30,50,5.136381e+03
9,30,1,3.260209e+04
9,30,2,3.260209e+04
9,30,3,3.260209e+04
9,30,5,3.260209e+04
9,30,10,3.260209e+04
9,30,20,3.260209e+04
9,30,30,3.260209e+04
9,30,40,3.260209e+04
9,30,50,3.260209e+04
9,30,1,2.753817e+04
9,30,2,2.086691e+04
9,30,3,2.086691e+04
9,30,5,1.805979e+04
9,30,10,1.805979e+04
9,30,20,1.805979e+04
9,30,30,1.805979e+04
9,30,40,1.805979e+04
9,30,50,1.805979e+04
9,30,1,2.970004e+04
9,30,2,2.970004e+04
9,30,3,2.970004e+04
9,30,5,2.970004e+04
9,30,10,2.970004e+04
9,30,20,2.970004e+04
9,30,30,2.970004e+04
9,30,40,1.159490e+04
9,30,50,4.793393e+03
9,30,1,3.019298e+04
9,30,2,3.019298e+04
9,30,3,3.019298e+04
9,30,5,3.019298e+04
9,30,10,3.019298e+04
9,30,20,3.019298e+04
9,30,30,3.019298e+04
9,30,40,3.019298e+04
9,30,50,3.019298e+04
9,30,1,2.374081e+04
9,30,2,2.374081e+04
9,30,3,2.374081e+04
9,30,5,2.374081e+04
9,30,10,2.374081e+04
9,30,20,1.128135e+04
9,30,30,1.128135e+04
9,30,40,6.467928e+03
9,30,50,4.670841e+03
9,30,1,2.152176e+04
9,30,2,1.967368e+04
9,30,3,1.967368e+04
9,30,5,1.853290e+04
9,30,10,1.853290e+04
9,30,20,1.853290e+04
9,30,30,8.081319e+03
9,30,40,7.755904e+03
9,30,50,4.643541e+03
9,30,1,3.469302e+04
9,30,2,3.166242e+04
9,30,3,3.166242e+04
9,30,5,3.166242e+04
9,30,10,2.379491e+04
9,30,20,2.379491e+04
9,30,30,9.715724e+03
9,30,40,9.526735e+03
9,30,50,4.490493e+03
9,30,1,3.905781e+04
9,30,2,1.593034e+04
9,30,3,1.464825e+04
9,30,5,1.464825e+04
9,30,10,1.464825e+04
9,30,20,1.464825e+04
9,30,30,1.464825e+04
9,30,40,1.464825e+04
9,30,50,1.464825e+04
9,30,1,1.814135e+04
9,30,2,1.814135e+04
9,30,3,1.814135e+04
9,30,5,1.814135e+04
9,30,10,1.814135e+04
9,30,20,1.814135e+04
9,30,30,1.814135e+04
9,30,40,8.176585e+03
9,30,50,4.761986e+03
9,30,1,3.182435e+04
9,30,2,3.068564e+04
9,30,3,1.649611e+04
9,30,5,1.585008e+04
9,30,10,1.585008e+04
9,30,20,1.247129e+04
9,30,30,1.135828e+04
9,30,40,1.135828e+04
9,30,50,5.781374e+03
9,30,1,2.835948e+04
9,30,2,2.003795e+04
9,30,3,1.364392e+04
9,30,5,1.364392e+04
9,30,10,1.347904e+04
9,30,20,1.347904e+04
9,30,30,1.347904e+04
9,30,40,8.636935e+03
9,30,50,4.940288e+03
9,30,1,1.405095e+04
9,30,2,1.405095e+04
9,30,3,1.405095e+04
9,30,5,1.405095e+04
9,30,10,1.405095e+04
9,30,20,1.405095e+04
9,30,30,1.405095e+04
9,30,40,1.405095e+04
9,30,50,1.405095e+04
9,30,1,3.391123e+04
9,30,2,1.532333e+04
9,30,3,1.263841e+04
9,30,5,1.263841e+04
9,30,10,1.263841e+04
9,30,20,1.263841e+04
9,30,30,1.263841e+04
9,30,40,1.263841e+04
9,30,50,1.263841e+04
9,30,1,5.116439e+04
9,30,2,5.116439e+04
9,30,3,5.116439e+04
9,30,5,5.116439e+04
9,30,10,5.116439e+04
9,30,20,5.116439e+04
9,30,30,5.116439e+04
9,30,40,5.116439e+04
9,30,50,5.116439e+04
9,30,1,2.879755e+04
9,30,2,1.519612e+04
9,30,3,1.405177e+04
9,30,5,1.405177e+04
9,30,10,1.405177e+04
9,30,20,1.405177e+04
9,30,30,1.405177e+04
9,30,40,6.814413e+03
9,30,50,4.255735e+03
9,30,1,2.083542e+04
9,30,2,2.083542e+04
9,30,3,1.560401e+04
9,30,5,1.560401e+04
9,30,10,1.560401e+04
9,30,20,1.528808e+04
9,30,30,1.230989e+04
9,30,40,9.283537e+03
9,30,50,5.169683e+03
9,30,1,2.687496e+04
9,30,2,2.687496e+04
9,30,3,2.070757e+04
9,30,5,2.070757e+04
9,30,10,2.070757e+04
9,30,20,2.070757e+04
9,30,30,2.070757e+04
9,30,40,6.775302e+03
9,30,50,6.775302e+03
9,30,1,3.914593e+04
9,30,2,3.914593e+04
9,30,3,3.914593e+04
9,30,5,3.914593e+04
9,30,10,3.914593e+04
9,30,20,3.914593e+04
9,30,30,9.985054e+03
9,30,40,9.985054e+03
9,30,50,4.762852e+03
9,30,1,2.312295e+04
9,30,2,2.312295e+04
9,30,3,2.312295e+04
9,30,5,2.312295e+04
9,30,10,2.312295e+04
9,30,20,1.223337e+04
9,30,30,9.427057e+03
9,30,40,5.773488e+03
9,30,50,4.931495e+03
9,30,1,2.668410e+04
9,30,2,1.999840e+04
9,30,3,1.372618e+04
9,30,5,1.372618e+04
9,30,10,1.201369e+04
9,30,20,1.201369e+04
9,30,30,1.201369e+04
9,30,40,1.201369e+04
9,30,50,1.201369e+04
9,30,1,1.874583e+04
9,30,2,1.874583e+04
9,30,3,1.874583e+04
9,30,5,1.874583e+04
9,30,10,1.874583e+04
9,30,20,1.874583e+04
9,30,30,1.874583e+04
9,30,40,1.874583e+04
9,30,50,1.874583e+04
9,30,1,3.335652e+04
9,30,2,1.072386e+04
9,30,3,1.072386e+04
9,30,5,1.072386e+04
9,30,10,1.072386e+04
9,30,20,1.072386e+04
9,30,30,1.072386e+04
9,30,40,1.072386e+04
9,30,50,1.072386e+04
9,30,1,4.044314e+04
9,30,2,2.037342e+04
9,30,3,2.037342e+04
9,30,5,2.037342e+04
9,30,10,2.037342e+04
9,30,20,2.037342e+04
9,30,30,2.037342e+04
9,30,40,1.246840e+04
9,30,50,4.739658e+03
9,30,1,2.342072e+04
9,30,2,2.024281e+04
9,30,3,1.646634e+04
9,30,5,1.646634e+04
9,30,10,1.646634e+04
9,30,20,1.646634e+04
9,30,30,1.646634e+04
9,30,40,1.646634e+04
9,30,50,1.646634e+04
9,30,1,3.863023e+04
9,30,2,3.863023e+04
9,30,3,3.863023e+04
9,30,5,3.863023e+04
9,30,10,3.863023e+04
9,30,20,3.863023e+04
9,30,30,1.576764e+04
9,30,40,4.871713e+03
9,30,50,4.443471e+03
9,30,1,4.722117e+04
9,30,2,4.722117e+04
9,30,3,4.722117e+04
9,30,5,4.722117e+04
9,30,10,4.722117e+04
9,30,20,4.722117e+04
9,30,30,4.722117e+04
9,30,40,4.722117e+04
9,30,50,4.722117e+04
9,30,1,1.845334e+04
9,30,2,1.410646e+04
9,30,3,1.410646e+04
9,30,5,1.410646e+04
9,30,10,1.410646e+04
9,30,20,1.410646e+04
9,30,30,1.410646e+04
9,30,40,1.410646e+04
9,30,50,1.410646e+04
9,30,1,3.889322e+04
9,30,2,1.601246e+04
9,30,3,1.601246e+04
9,30,5,1.601246e+04
9,30,10,1.601246e+04
9,30,20,1.601246e+04
9,30,30,5.859557e+03
9,30,40,4.673700e+03
9,30,50,4.673700e+03
9,30,1,3.735340e+04
9,30,2,1.699839e+04
9,30,3,1.699839e+04
9,30,5,1.699839e+04
9,30,10,1.699839e+04
9,30,20,1.699839e+04
9,30,30,1.699839e+04
9,30,40,1.699839e+04
9,30,50,1.699839e+04
9,30,1,1.832483e+04
9,30,2,1.832483e+04
9,30,3,1.832483e+04
9,30,5,1.832483e+04
9,30,10,1.832483e+04
9,30,20,1.832483e+04
9,30,30,1.388071e+04
9,30,40,6.610554e+03
9,30,50,5.638164e+03
9,30,1,4.520699e+04
9,30,2,2.121624e+04
9,30,3,2.121624e+04
9,30,5,2.121624e+04
9,30,10,2.121624e+04
9,30,20,2.121624e+04
9,30,30,2.121624e+04
9,30,40,2.121624e+04
9,30,50,2.121624e+04
9,30,1,2.112959e+04
9,30,2,2.112959e+04
9,30,3,1.944624e+04
9,30,5,1.694140e+04
9,30,10,1.694140e+04
9,30,20,1.694140e+04
9,30,30,8.652782e+03
9,30,40,8.652782e+03
9,30,50,4.558784e+03
9,30,1,1.981636e+04
9,30,2,1.981636e+04
9,30,3,1.981636e+04
9,30,5,1.981636e+04
9,30,10,1.981636e+04
9,30,20,1.981636e+04
9,30,30,1.106286e+04
9,30,40,9.143961e+03
9,30,50,6.267383e+03
9,30,1,2.656972e+04
9,30,2,2.656972e+04
9,30,3,2.656972e+04
9,30,5,2.656972e+04
9,30,10,2.356827e+04
9,30,20,1.674419e+04
9,30,30,1.321829e+04
9,30,40,7.463562e+03
9,30,50,4.890161e+03
9,30,1,1.730172e+04
9,30,2,1.730172e+04
9,30,3,1.226942e+04
9,30,5,1.119886e+04
9,30,1,1.318765e+04
9,30,2,1.318765e+04
9,30,3,1.318765e+04
9,30,5,1.312059e+04
9,30,1,2.882075e+04
9,30,2,2.882075e+04
9,30,3,2.882075e+04
9,30,5,1.211876e+04
9,30,1,2.458259e+04
9,30,2,2.458259e+04
9,30,3,2.458259e+04
9,30,5,2.458259e+04
9,30,1,1.604685e+04
9,30,2,1.604685e+04
9,30,3,1.604685e+04
9,30,5,1.018676e+04
9,30,1,4.275859e+04
9,30,2,4.275859e+04
9,30,3,4.275859e+04
9,30,5,4.275859e+04
9,30,1,1.444745e+04
9,30,2,1.184686e+04
9,30,3,9.771364e+03
9,30,5,9.771364e+03
9,30,1,2.986604e+04
9,30,2,2.986604e+04
9,30,3,2.986604e+04
9,30,5,1.297557e+04
9,30,1,2.755041e+04
9,30,2,2.755041e+04
9,30,3,2.755041e+04
9,30,5,2.755041e+04
9,30,1,1.661616e+04
9,30,2,1.661616e+04
9,30,3,1.661616e+04
9,30,5,1.661616e+04
9,30,1,2.129270e+04
9,30,2,2.129270e+04
9,30,3,2.129270e+04
9,30,5,2.129270e+04
9,30,1,1.301406e+04
9,30,2,1.301406e+04
9,30,3,1.301406e+04
9,30,5,8.560828e+03
9,30,1,4.053584e+04
9,30,2,4.053584e+04
9,30,3,4.053584e+04
9,30,5,4.053584e+04
9,30,1,1.224023e+04
9,30,2,1.224023e+04
9,30,3,1.224023e+04
9,30,5,8.494548e+03
9,30,1,1.394070e+04
9,30,2,1.394070e+04
9,30,3,1.394070e+04
9,30,5,1.394070e+04
9,30,1,1.556647e+04
9,30,2,1.556647e+04
9,30,3,1.556647e+04
9,30,5,1.556647e+04
9,30,1,1.362862e+04
9,30,2,1.362862e+04
9,30,3,1.362862e+04
9,30,5,1.324648e+04
9,30,1,1.458734e+04
9,30,2,1.458734e+04
9,30,3,1.458734e+04
9,30,5,1.120131e+04
9,30,1,2.559171e+04
9,30,2,2.559171e+04
9,30,3,2.559171e+04
9,30,5,2.559171e+04
9,30,1,3.852563e+04
9,30,2,3.852563e+04
9,30,3,3.852563e+04
9,30,5,1.210682e+04
9,30,1,1.436453e+04
9,30,2,1.436453e+04
9,30,3,1.436453e+04
9,30,5,1.058213e+04
9,30,1,1.448194e+04
9,30,2,1.448194e+04
9,30,3,1.395661e+04
9,30,5,1.042153e+04
9,30,1,3.198478e+04
9,30,2,3.198478e+04
9,30,3,3.198478e+04
9,30,5,3.198478e+04
9,30,1,3.607392e+04
9,30,2,3.607392e+04
9,30,3,3.607392e+04
9,30,5,1.092832e+04
9,30,1,1.679716e+04
9,30,2,1.679716e+04
9,30,3,1.679716e+04
9,30,5,1.679716e+04
9,30,1,2.607953e+04
9,30,2,1.548304e+04
9,30,3,1.548304e+04
9,30,5,9.682581e+03
9,30,1,1.666922e+04
9,30,2,1.352534e+04
9,30,3,1.263485e+04
9,30,5,1.215957e+04
9,30,1,4.339661e+04
9,30,2,4.339661e+04
9,30,3,4.339661e+04
9,30,5,4.339661e+04
9,30,1,1.603007e+04
9,30,2,1.603007e+04
9,30,3,1.603007e+04
9,30,5,9.505133e+03
9,30,1,1.428867e+04
9,30,2,1.428867e+04
9,30,3,1.428867e+04
9,30,5,1.271012e+04
9,30,1,1.626542e+04
9,30,2,1.626542e+04
9,30,3,1.626542e+04
9,30,5,1.626542e+04
9,30,1,4.252877e+04
9,30,2,4.252877e+04
9,30,3,4.252877e+04
9,30,5,4.252877e+04
9,30,1,2.060314e+04
9,30,2,2.060314e+04
9,30,3,1.706373e+04
9,30,5,1.153892e+04
9,30,1,3.111159e+04
9,30,2,3.111159e+04
9,30,3,3.111159e+04
9,30,5,1.048636e+04
9,30,1,3.258824e+04
9,30,2,3.258824e+04
9,30,3,3.258824e+04
9,30,5,3.258824e+04
9,30,1,1.491765e+04
9,30,2,1.491765e+04
9,30,3,1.491765e+04
9,30,5,1.491765e+04
9,30,1,2.129649e+04
9,30,2,2.129649e+04
9,30,3,2.129649e+04
9,30,5,2.129649e+04
9,30,1,2.026854e+04
9,30,2,2.026854e+04
9,30,3,2.026854e+04
9,30,5,1.337872e+04
9,30,1,2.364992e+04
9,30,2,2.364992e+04
9,30,3,2.364992e+04
9,30,5,9.413995e+03
9,30,1,1.066770e+04
9,30,2,1.066770e+04
9,30,3,1.066770e+04
9,30,5,1.066770e+04
9,30,1,3.525289e+04
9,30,2,3.525289e+04
9,30,3,3.525289e+04
9,30,5,1.097698e+04
9,30,1,3.596246e+04
9,30,2,3.596246e+04
9,30,3,3.596246e+04
9,30,5,3.596246e+04
9,30,1,1.677522e+04
9,30,2,1.677522e+04
9,30,3,1.677522e+04
9,30,5,1.677522e+04
9,30,1,4.457310e+04
9,30,2,4.457310e+04
9,30,3,4.457310e+04
9,30,5,7.690385e+03
9,30,1,1.473042e+04
9,30,2,1.473042e+04
9,30,3,1.473042e+04
9,30,5,1.473042e+04
9,30,1,2.240824e+04
9,30,2,2.240824e+04
9,30,3,2.240824e+04
9,30,5,2.240824e+04
9,30,1,1.794990e+04
9,30,2,1.794990e+04
9,30,3,1.794990e+04
9,30,5,8.855017e+03
9,30,1,3.016111e+04
9,30,2,3.016111e+04
9,30,3,1.895240e+04
9,30,5,8.702305e+03
9,30,1,1.729215e+04
9,30,2,1.729215e+04
9,30,3,1.729215e+04
9,30,5,1.729215e+04
9,30,1,2.282110e+04
9,30,2,1.373340e+04
9,30,3,1.251564e+04
9,30,5,9.369152e+03
9,30,1,1.388778e+04
9,30,2,1.388778e+04
9,30,3,1.388778e+04
9,30,5,1.039214e+04
9,30,1,4.320682e+04
9,30,2,4.320682e+04
9,30,3,4.320682e+04
9,30,5,4.320682e+04
9,30,1,1.185592e+04
9,30,2,1.185592e+04
9,30,3,1.185592e+04
9,30,5,1.185592e+04
9,30,1,1.609476e+04
9,30,2,1.609476e+04
9,30,3,1.609476e+04
9,30,5,9.953628e+03
9,30,1,4.197675e+04
9,30,2,4.197675e+04
9,30,3,4.197675e+04
9,30,5,1.076629e+04
9,30,1,2.479980e+04
9,30,2,2.479980e+04
9,30,3,2.479980e+04
9,30,5,2.479980e+04
9,30,1,1.796399e+04
9,30,2,1.509776e+04
9,30,3,1.282099e+04
9,30,5,1.042284e+04
9,30,1,1.567902e+04
9,30,2,1.567902e+04
9,30,3,1.567902e+04
9,30,5,1.567902e+04
9,30,1,2.633271e+04
9,30,2,1.846997e+04
9,30,3,1.507481e+04
9,30,5,8.377490e+03
9,30,1,1.818604e+04
9,30,2,1.818604e+04
9,30,3,1.818604e+04
9,30,5,1.818604e+04
9,30,1,2.660238e+04
9,30,2,1.136788e+04
9,30,3,1.136788e+04
9,30,5,1.136788e+04
9,30,1,1.327266e+04
9,30,2,1.327266e+04
9,30,3,1.327266e+04
9,30,5,1.190452e+04
9,30,1,7.537770e+03
9,30,2,7.537770e+03
9,30,3,7.537770e+03
9,30,5,7.537770e+03
9,30,1,1.108930e+04
9,30,2,1.108930e+04
9,30,3,1.108930e+04
9,30,5,1.108930e+04
9,30,1,1.624944e+04
9,30,2,1.624944e+04
9,30,3,1.398530e+04
9,30,5,1.203533e+04
9,30,1,4.802766e+04
9,30,2,4.802766e+04
9,30,3,1.117645e+04
9,30,5,8.627608e+03
9,30,1,1.786337e+04
9,30,2,1.727692e+04
9,30,3,1.712667e+04
9,30,5,1.091828e+04
9,30,1,1.680062e+04
9,30,2,1.680062e+04
9,30,3,1.680062e+04
9,30,5,8.321780e+03
9,30,1,3.306502e+04
9,30,2,3.306502e+04
9,30,3,3.306502e+04
9,30,5,1.079413e+04
9,30,1,1.236499e+04
9,30,2,1.236499e+04
9,30,3,1.236499e+04
9,30,5,1.236499e+04
9,30,1,1.682819e+04
9,30,2,1.682819e+04
9,30,3,1.682819e+04
9,30,5,1.682819e+04
9,30,1,1.819704e+04
9,30,2,1.819704e+04
9,30,3,1.559083e+04
9,30,5,9.916512e+03
9,30,1,1.161362e+04
9,30,2,1.161362e+04
9,30,3,1.161362e+04
9,30,5,1.161362e+04
9,30,1,4.681777e+04
9,30,2,4.681777e+04
9,30,3,4.681777e+04
9,30,5,4.681777e+04
9,30,1,1.362714e+04
9,30,2,1.362714e+04
9,30,3,1.362714e+04
9,30,5,1.362714e+04
9,30,1,3.557548e+04
9,30,2,3.557548e+04
9,30,3,3.557548e+04
9,30,5,1.376581e+04
9,30,1,1.555354e+04
9,30,2,1.555354e+04
9,30,3,1.476196e+04
9,30,5,1.199164e+04
9,30,1,1.719900e+04
9,30,2,1.719900e+04
9,30,3,1.719900e+04
9,30,5,1.719900e+04
9,30,1,3.499326e+04
9,30,2,3.499326e+04
9,30,3,3.499326e+04
9,30,5,1.308525e+04
9,30,1,2.085678e+04
9,30,2,2.085678e+04
9,30,3,1.509979e+04
9,30,5,1.024520e+04
9,30,1,1.118694e+04
9,30,2,1.118694e+04
9,30,3,1.118694e+04
9,30,5,8.592821e+03
9,30,1,2.168471e+04
9,30,2,1.135523e+04
9,30,3,1.105297e+04
9,30,5,1.105297e+04
9,30,1,3.151293e+04
9,30,2,3.151293e+04
9,30,3,3.151293e+04
9,30,5,9.538742e+03
9,30,1,2.046323e+04
9,30,2,2.046323e+04
9,30,3,2.046323e+04
9,30,5,2.046323e+04
9,30,1,1.480374e+04
9,30,2,1.480374e+04
9,30,3,1.480374e+04
9,30,5,1.480374e+04
9,30,1,2.169097e+04
9,30,2,2.169097e+04
9,30,3,2.169097e+04
9,30,5,2.169097e+04
9,30,1,3.384493e+04
9,30,2,3.384493e+04
9,30,3,3.384493e+04
9,30,5,1.346263e+04
9,30,1,1.471666e+04
9,30,2,1.471666e+04
9,30,3,1.381251e+04
9,30,5,6.839030e+03
9,30,1,3.829351e+04
9,30,2,3.829351e+04
9,30,3,3.829351e+04
9,30,5,3.829351e+04
9,30,1,2.505288e+04
9,30,2,2.505288e+04
9,30,3,2.505288e+04
9,30,5,2.505288e+04
9,30,1,2.155283e+04
9,30,2,2.155283e+04
9,30,3,2.155283e+04
9,30,5,1.049828e+04
9,30,1,3.803235e+04
9,30,2,9.583525e+03
9,30,3,9.583525e+03
9,30,5,9.583525e+03
9,30,1,4.172350e+04
9,30,2,4.172350e+04
9,30,3,4.172350e+04
9,30,5,1.152371e+04
9,30,1,3.178838e+04
9,30,2,3.178838e+04
9,30,3,3.178838e+04
9,30,5,8.396579e+03
9,30,1,2.069945e+04
9,30,2,2.069945e+04
9,30,3,2.069945e+04
9,30,5,2.069945e+04
9,30,1,1.204015e+04
9,30,2,1.204015e+04
9,30,3,1.204015e+04
9,30,5,1.204015e+04
9,30,1,1.848802e+04
9,30,2,1.695448e+04
9,30,3,1.695448e+04
9,30,5,1.695448e+04
9,30,1,1.979369e+04
9,30,2,1.979369e+04
9,30,3,1.979369e+04
9,30,5,1.979369e+04
9,30,1,1.698639e+04
9,30,2,1.698639e+04
9,30,3,1.698639e+04
9,30,5,8.363649e+03
9,30,1,1.581461e+04
9,30,2,1.089755e+04
9,30,3,1.089755e+04
9,30,5,1.089755e+04
9,30,1,3.206337e+04
9,30,2,3.206337e+04
9,30,3,3.206337e+04
9,30,5,1.403410e+04
9,30,1,1.739089e+04
9,30,2,1.739089e+04
9,30,3,1.739089e+04
9,30,5,1.241790e+04
9,30,1,2.628061e+04
9,30,2,2.628061e+04
9,30,3,2.628061e+04
9,30,5,1.035474e+04
9,30,1,2.423791e+04
9,30,2,2.423791e+04
9,30,3,2.423791e+04
9,30,5,2.423791e+04
9,30,1,4.114487e+04
9,30,2,4.114487e+04
9,30,3,4.114487e+04
9,30,5,4.114487e+04
9,30,1,1.323552e+04
9,30,2,1.266045e+04
9,30,3,1.228434e+04
9,30,5,7.924857e+03
9,30,1,3.249732e+04
9,30,2,3.249732e+04
9,30,3,1.422481e+04
9,30,5,8.726866e+03
9,30,1,3.993071e+04
9,30,2,3.993071e+04
9,30,3,3.993071e+04
9,30,5,3.993071e+04
9,30,1,3.640663e+04
9,30,2,3.640663e+04
9,30,3,3.640663e+04
9,30,5,3.640663e+04
9,30,1,1.687182e+04
9,30,2,1.687182e+04
9,30,3,1.687182e+04
9,30,5,1.687182e+04
9,30,1,4.379481e+04
9,30,2,4.379481e+04
9,30,3,1.319399e+04
9,30,5,1.111752e+04
9,30,1,3.372755e+04
9,30,2,3.372755e+04
9,30,3,1.804911e+04
9,30,5,1.109406e+04
9,30,1,2.290433e+04
9,30,2,2.290433e+04
9,30,3,2.290433e+04
9,30,5,2.290433e+04
9,30,1,1.276945e+04
9,30,2,1.276945e+04
9,30,3,1.276945e+04
9,30,5,1.276945e+04
9,30,1,1.718633e+04
9,30,2,1.718633e+04
9,30,3,1.718633e+04
9,30,5,1.718633e+04
9,30,1,1.198990e+04
9,30,2,1.198990e+04
9,30,3,1.198990e+04
9,30,5,1.198990e+04
9,30,1,2.799637e+04
9,30,2,2.799637e+04
9,30,3,2.799637e+04
9,30,5,2.799637e+04
9,30,1,2.662112e+04
9,30,2,2.662112e+04
9,30,3,1.352234e+04
9,30,5,8.994265e+03
9,30,1,2.002248e+04
9,30,2,2.002248e+04
9,30,3,2.002248e+04
9,30,5,2.002248e+04
9,30,1,1.113212e+04
9,30,2,1.113212e+04
9,30,3,1.113212e+04
9,30,5,1.055181e+04
9,30,1,1.446718e+04
9,30,2,1.446718e+04
9,30,3,1.446718e+04
9,30,5,1.095605e+04
9,30,1,2.008143e+04
9,30,2,2.008143e+04
9,30,3,2.008143e+04
9,30,5,9.701521e+03
9,30,1,1.441682e+04
9,30,2,1.441682e+04
9,30,3,1.441682e+04
9,30,5,9.946734e+03
9,30,1,1.889369e+04
9,30,2,1.889369e+04
9,30,3,1.889369e+04
9,30,5,1.889369e+04
9,30,1,1.035609e+04
9,30,2,1.035609e+04
9,30,3,1.035609e+04
9,30,5,1.035609e+04
9,30,1,1.718817e+04
9,30,2,1.718817e+04
9,30,3,1.718817e+04
9,30,5,1.718817e+04
9,30,1,1.930681e+04
9,30,2,1.930681e+04
9,30,3,1.930681e+04
9,30,5,1.222506e+04
9,30,1,2.786605e+04
9,30,2,2.786605e+04
9,30,3,2.786605e+04
9,30,5,2.786605e+04
9,30,1,1.895624e+04
9,30,2,1.895624e+04
9,30,3,1.895624e+04
9,30,5,1.895624e+04
9,30,1,2.691051e+04
9,30,2,2.691051e+04
9,30,3,2.691051e+04
9,30,5,2.691051e+04
9,30,1,3.476847e+04
9,30,2,3.476847e+04
9,30,3,3.476847e+04
9,30,5,3.476847e+04
9,30,1,2.173442e+04
9,30,2,2.173442e+04
9,30,3,2.173442e+04
9,30,5,9.917051e+03
9,30,1,1.191209e+04
9,30,2,1.191209e+04
9,30,3,1.191209e+04
9,30,5,1.191209e+04
9,30,1,1.620826e+04
9,30,2,1.620826e+04
9,30,3,1.620826e+04
9,30,5,1.620826e+04
9,30,1,2.237337e+04
9,30,2,2.237337e+04
9,30,3,2.237337e+04
9,30,5,2.237337e+04
9,30,1,2.466961e+04
9,30,2,2.466961e+04
9,30,3,2.466961e+04
9,30,5,2.466961e+04
9,30,1,1.742693e+04
9,30,2,1.742693e+04
9,30,3,1.742693e+04
9,30,5,1.742693e+04
9,30,1,3.006157e+04
9,30,2,3.006157e+04
9,30,3,3.006157e+04
9,30,5,3.006157e+04
9,30,1,3.843644e+04
9,30,2,3.843644e+04
9,30,3,3.843644e+04
9,30,5,3.843644e+04
9,30,1,1.407737e+04
9,30,2,1.407737e+04
9,30,3,1.407737e+04
9,30,5,1.371209e+04
9,30,1,3.764015e+04
9,30,2,3.764015e+04
9,30,3,3.764015e+04
9,30,5,3.764015e+04
9,30,1,1.683634e+04
9,30,2,1.683634e+04
9,30,3,1.683634e+04
9,30,5,1.004930e+04
9,30,1,1.656748e+04
9,30,2,1.656748e+04
9,30,3,1.656748e+04
9,30,5,1.656748e+04
9,30,1,1.846130e+04
9,30,2,1.793863e+04
9,30,3,9.385138e+03
9,30,5,9.385138e+03
9,30,1,1.354445e+04
9,30,2,1.322482e+04
9,30,3,1.322482e+04
9,30,5,1.175307e+04
9,30,1,2.498023e+04
9,30,2,2.498023e+04
9,30,3,1.138654e+04
9,30,5,1.138654e+04
9,30,1,2.264336e+04
9,30,2,2.264336e+04
9,30,3,2.264336e+04
9,30,5,2.264336e+04
9,30,1,1.546643e+04
9,30,2,1.546643e+04
9,30,3,1.546643e+04
9,30,5,1.546643e+04
9,30,1,1.509851e+04
9,30,2,1.509851e+04
9,30,3,1.312713e+04
9,30,5,1.123054e+04
9,30,1,1.569623e+04
9,30,2,1.569623e+04
9,30,3,1.569623e+04
9,30,5,1.151484e+04
9,30,1,2.866191e+04
9,30,2,2.866191e+04
9,30,3,2.866191e+04
9,30,5,2.866191e+04
9,30,1,8.868217e+03
9,30,2,8.868217e+03
9,30,3,8.868217e+03
9,30,5,8.868217e+03
9,30,1,3.053491e+04
9,30,2,3.053491e+04
9,30,3,3.053491e+04
9,30,5,3.053491e+04
9,30,1,1.551886e+04
9,30,2,1.551886e+04
9,30,3,1.128484e+04
9,30,5,1.034290e+04
9,30,1,1.687761e+04
9,30,2,1.395882e+04
9,30,3,1.301332e+04
9,30,5,9.867779e+03
9,30,1,1.420907e+04
9,30,2,1.365249e+04
9,30,3,1.331342e+04
9,30,5,1.117155e+04
9,30,1,1.357911e+04
9,30,2,1.357911e+04
9,30,3,1.194603e+04
9,30,5,1.194603e+04
9,30,1,9.540350e+03
9,30,2,9.540350e+03
9,30,3,9.540350e+03
9,30,5,9.540350e+03
9,30,1,1.321792e+04
9,30,2,1.321792e+04
9,30,3,1.006888e+04
9,30,5,1.006888e+04
9,30,1,1.310957e+04
9,30,2,1.310957e+04
9,30,3,1.310957e+04
9,30,5,1.310957e+04
9,30,1,1.396012e+04
9,30,2,1.259717e+04
9,30,3,1.259717e+04
9,30,5,1.118248e+04
9,30,1,1.385530e+04
9,30,2,1.219417e+04
9,30,3,1.219417e+04
9,30,5,1.219417e+04
9,30,1,1.224875e+04
9,30,2,1.029122e+04
9,30,3,1.029122e+04
9,30,5,1.029122e+04
9,30,1,2.025850e+04
9,30,2,1.587613e+04
9,30,3,1.587613e+04
9,30,5,1.008852e+04
9,30,1,1.627002e+04
9,30,2,1.365823e+04
9,30,3,1.365823e+04
9,30,5,1.166007e+04
9,30,1,1.192896e+04
9,30,2,1.192896e+04
9,30,3,1.192896e+04
9,30,5,1.023464e+04
9,30,1,1.403611e+04
9,30,2,1.403611e+04
9,30,3,1.403611e+04
9,30,5,1.045336e+04
9,30,1,1.298731e+04
9,30,2,1.298731e+04
9,30,3,1.298731e+04
9,30,5,1.298731e+04
9,30,1,1.475499e+04
9,30,2,1.395213e+04
9,30,3,1.395213e+04
9,30,5,1.192482e+04
9,30,1,1.444973e+04
9,30,2,1.444973e+04
9,30,3,1.444973e+04
9,30,5,9.939855e+03
9,30,1,1.179140e+04
9,30,2,1.179140e+04
9,30,3,9.345421e+03
9,30,5,9.345421e+03
9,30,1,1.674684e+04
9,30,2,1.601934e+04
9,30,3,1.126178e+04
9,30,5,1.050567e+04
9,30,1,1.663382e+04
9,30,2,1.603613e+04
9,30,3,1.201959e+04
9,30,5,1.122759e+04
9,30,1,1.480668e+04
9,30,2,1.458845e+04
9,30,3,1.343224e+04
9,30,5,1.043048e+04
9,30,1,7.986649e+03
9,30,2,7.986649e+03
9,30,3,7.986649e+03
9,30,5,7.986649e+03
9,30,1,1.395989e+04
9,30,2,1.395989e+04
9,30,3,1.395989e+04
9,30,5,1.395989e+04
9,30,1,1.263681e+04
9,30,2,1.263681e+04
9,30,3,1.263681e+04
9,30,5,1.263681e+04
9,30,1,1.447513e+04
9,30,2,1.337138e+04
9,30,3,1.337138e+04
9,30,5,1.147388e+04
9,30,1,1.286642e+04
9,30,2,1.286642e+04
9,30,3,1.286642e+04
9,30,5,1.286642e+04
9,30,1,1.104012e+04
9,30,2,1.104012e+04
9,30,3,1.104012e+04
9,30,5,1.104012e+04
9,30,1,1.263979e+04
9,30,2,1.263979e+04
9,30,3,1.263979e+04
9,30,5,8.575824e+03
9,30,1,1.260689e+04
9,30,2,1.226449e+04
9,30,3,1.226449e+04
9,30,5,9.015375e+03
9,30,1,1.403458e+04
9,30,2,1.358148e+04
9,30,3,1.223270e+04
9,30,5,1.223270e+04
9,30,1,1.477125e+04
9,30,2,1.177404e+04
9,30,3,1.177404e+04
9,30,5,1.177404e+04
9,30,1,1.295442e+04
9,30,2,1.295442e+04
9,30,3,1.295442e+04
9,30,5,1.158134e+04
9,30,1,1.762978e+04
9,30,2,1.607223e+04
9,30,3,1.354165e+04
9,30,5,7.299986e+03
9,30,1,1.225788e+04
9,30,2,1.225788e+04
9,30,3,1.225788e+04
9,30,5,1.172545e+04
9,30,1,1.483409e+04
9,30,2,1.225447e+04
9,30,3,1.225447e+04
9,30,5,9.200128e+03
9,30,1,1.442409e+04
9,30,2,1.442409e+04
9,30,3,1.231022e+04
9,30,5,1.231022e+04
9,30,1,1.431269e+04
9,30,2,1.431269e+04
9,30,3,1.431269e+04
9,30,5,1.332192e+04
9,30,1,1.216607e+04
9,30,2,1.216607e+04
9,30,3,1.071374e+04
9,30,5,9.505156e+03
9,30,1,1.388968e+04
9,30,2,1.388968e+04
9,30,3,1.388968e+04
9,30,5,1.217482e+04
9,30,1,1.461720e+04
9,30,2,1.461720e+04
9,30,3,1.461720e+04
9,30,5,9.800818e+03
9,30,1,1.450512e+04
9,30,2,1.397251e+04
9,30,3,1.397251e+04
9,30,5,1.158266e+04
9,30,1,1.528627e+04
9,30,2,1.528627e+04
9,30,3,1.528627e+04
9,30,5,1.171385e+04
9,30,1,1.266276e+04
9,30,2,1.266276e+04
9,30,3,1.266276e+04
9,30,5,9.932735e+03
9,30,1,1.356752e+04
9,30,2,1.335776e+04
9,30,3,1.335776e+04
9,30,5,1.221511e+04
9,30,1,1.708761e+04
9,30,2,1.300447e+04
9,30,3,1.300447e+04
9,30,5,9.528699e+03
9,30,1,1.663712e+04
9,30,2,1.317371e+04
9,30,3,1.317371e+04
9,30,5,1.068068e+04
9,30,1,1.329197e+04
9,30,2,1.172188e+04
9,30,3,1.140728e+04
9,30,5,1.140728e+04
9,30,1,1.560695e+04
9,30,2,1.560695e+04
9,30,3,1.560695e+04
9,30,5,1.180828e+04
9,30,1,1.258938e+04
9,30,2,1.130121e+04
9,30,3,1.130121e+04
9,30,5,1.130121e+04
9,30,1,1.219259e+04
9,30,2,1.219259e+04
9,30,3,1.219259e+04
9,30,5,9.339697e+03
9,30,1,1.375581e+04
9,30,2,1.375581e+04
9,30,3,8.886391e+03
9,30,5,8.886391e+03
