funcid,dim,milestone,error
10,30,1,9.679376e+03
10,30,2,9.679376e+03
10,30,3,9.679376e+03
10,30,5,9.679376e+03
10,30,1,9.699737e+03
10,30,2,8.479614e+03
10,30,3,8.479614e+03
10,30,5,7.779203e+03
10,30,1,9.280278e+03
10,30,2,9.280278e+03
10,30,3,9.280278e+03
10,30,5,9.280278e+03
10,30,1,8.943559e+03
10,30,2,8.943559e+03
10,30,3,8.943559e+03
10,30,5,6.147874e+03
10,30,1,9.614041e+03
10,30,2,9.614041e+03
10,30,3,9.614041e+03
10,30,5,9.614041e+03
10,30,1,9.003628e+03
10,30,2,9.003628e+03
10,30,3,9.003628e+03
10,30,5,7.375811e+03
10,30,1,8.014189e+03
10,30,2,8.014189e+03
10,30,3,8.014189e+03
10,30,5,8.014189e+03
10,30,1,9.487177e+03
10,30,2,9.487177e+03
10,30,3,9.487177e+03
10,30,5,9.487177e+03
10,30,1,8.835695e+03
10,30,2,8.835695e+03
10,30,3,8.261547e+03
10,30,5,7.963025e+03
10,30,1,9.632563e+03
10,30,2,9.632563e+03
10,30,3,9.632563e+03
10,30,5,5.940111e+03
10,30,1,9.161994e+03
10,30,2,9.161994e+03
10,30,3,9.161994e+03
10,30,5,7.410736e+03
10,30,1,8.774419e+03
10,30,2,8.774419e+03
10,30,3,8.774419e+03
10,30,5,5.194239e+03
10,30,1,9.129989e+03
10,30,2,8.873935e+03
10,30,3,7.668494e+03
10,30,5,7.668494e+03
10,30,1,1.001657e+04
10,30,2,1.001657e+04
10,30,3,1.001657e+04
10,30,5,1.001657e+04
10,30,1,9.580358e+03
10,30,2,9.580358e+03
10,30,3,9.580358e+03
10,30,5,9.580358e+03
10,30,1,9.520002e+03
10,30,2,9.520002e+03
10,30,3,9.520002e+03
10,30,5,9.520002e+03
10,30,1,1.027714e+04
10,30,2,1.027714e+04
10,30,3,1.027714e+04
10,30,5,5.372210e+03
10,30,1,9.301351e+03
10,30,2,9.301351e+03
10,30,3,9.301351e+03
10,30,5,9.301351e+03
10,30,1,8.665190e+03
10,30,2,8.665190e+03
10,30,3,8.665190e+03
10,30,5,8.665190e+03
10,30,1,8.920754e+03
10,30,2,8.920754e+03
10,30,3,8.920754e+03
10,30,5,8.920754e+03
10,30,1,8.793730e+03
10,30,2,8.793730e+03
10,30,3,8.793730e+03
10,30,5,8.793730e+03
10,30,1,9.618695e+03
10,30,2,8.408836e+03
10,30,3,8.408836e+03
10,30,5,6.029425e+03
10,30,1,9.172350e+03
10,30,2,9.172350e+03
10,30,3,9.172350e+03
10,30,5,7.604901e+03
10,30,1,8.855249e+03
10,30,2,8.855249e+03
10,30,3,8.855249e+03
10,30,5,8.855249e+03
10,30,1,8.894119e+03
10,30,2,8.894119e+03
10,30,3,8.894119e+03
10,30,5,8.894119e+03
10,30,1,9.837344e+03
10,30,2,9.340179e+03
10,30,3,9.340179e+03
10,30,5,9.340179e+03
10,30,1,9.171567e+03
10,30,2,9.171567e+03
10,30,3,9.171567e+03
10,30,5,9.171567e+03
10,30,1,9.934456e+03
10,30,2,9.408938e+03
10,30,3,8.642635e+03
10,30,5,8.642635e+03
10,30,1,9.549811e+03
10,30,2,9.549811e+03
10,30,3,9.549811e+03
10,30,5,9.549811e+03
10,30,1,8.918103e+03
10,30,2,8.918103e+03
10,30,3,8.918103e+03
10,30,5,8.918103e+03
10,30,1,9.069370e+03
10,30,2,9.069370e+03
10,30,3,9.069370e+03
10,30,5,9.069370e+03
10,30,1,9.270122e+03
10,30,2,9.270122e+03
10,30,3,9.270122e+03
10,30,5,9.270122e+03
10,30,1,9.455132e+03
10,30,2,9.455132e+03
10,30,3,9.455132e+03
10,30,5,8.202165e+03
10,30,1,9.075051e+03
10,30,2,9.075051e+03
10,30,3,9.075051e+03
10,30,5,9.075051e+03
10,30,1,9.186315e+03
10,30,2,9.186315e+03
10,30,3,9.186315e+03
10,30,5,9.186315e+03
10,30,1,9.134984e+03
10,30,2,9.134984e+03
10,30,3,9.134984e+03
10,30,5,9.134984e+03
10,30,1,9.194453e+03
10,30,2,9.194453e+03
10,30,3,9.194453e+03
10,30,5,9.194453e+03
10,30,1,9.426204e+03
10,30,2,9.426204e+03
10,30,3,9.426204e+03
10,30,5,9.317708e+03
10,30,1,9.412444e+03
10,30,2,9.412444e+03
10,30,3,9.412444e+03
10,30,5,9.412444e+03
10,30,1,8.891989e+03
10,30,2,8.891989e+03
10,30,3,8.891989e+03
10,30,5,8.891989e+03
10,30,1,9.300006e+03
10,30,2,9.300006e+03
10,30,3,8.391272e+03
10,30,5,8.391272e+03
10,30,1,9.686956e+03
10,30,2,9.686956e+03
10,30,3,9.240902e+03
10,30,5,6.726894e+03
10,30,1,8.934335e+03
10,30,2,8.934335e+03
10,30,3,8.934335e+03
10,30,5,8.934335e+03
10,30,1,8.126323e+03
10,30,2,8.126323e+03
10,30,3,8.126323e+03
10,30,5,8.126323e+03
10,30,1,9.914171e+03
10,30,2,9.914171e+03
10,30,3,9.914171e+03
10,30,5,9.914171e+03
10,30,1,9.037596e+03
10,30,2,9.037596e+03
10,30,3,8.529303e+03
10,30,5,6.017504e+03
10,30,1,9.031752e+03
10,30,2,9.031752e+03
10,30,3,9.031752e+03
10,30,5,9.031752e+03
10,30,1,9.698896e+03
10,30,2,9.698896e+03
10,30,3,9.698896e+03
10,30,5,9.698896e+03
10,30,1,9.804087e+03
10,30,2,9.804087e+03
10,30,3,8.687404e+03
10,30,5,4.890947e+03
10,30,1,9.503175e+03
10,30,2,9.503175e+03
10,30,3,9.503175e+03
10,30,5,8.511798e+03
10,30,1,9.538388e+03
10,30,2,9.538388e+03
10,30,3,9.538388e+03
10,30,5,9.538388e+03
10,30,1,8.662759e+03
10,30,2,8.662759e+03
10,30,3,8.662759e+03
10,30,5,8.662759e+03
10,30,1,8.488692e+03
10,30,2,8.488692e+03
10,30,3,8.488692e+03
10,30,5,6.359204e+03
10,30,1,9.993254e+03
10,30,2,9.993254e+03
10,30,3,9.993254e+03
10,30,5,8.178389e+03
10,30,1,9.388226e+03
10,30,2,9.388226e+03
10,30,3,9.388226e+03
10,30,5,9.388226e+03
10,30,1,9.077347e+03
10,30,2,9.077347e+03
10,30,3,9.077347e+03
10,30,5,8.564545e+03
10,30,1,8.729214e+03
10,30,2,8.729214e+03
10,30,3,8.729214e+03
10,30,5,5.687149e+03
10,30,1,9.360256e+03
10,30,2,9.360256e+03
10,30,3,9.360256e+03
10,30,5,9.360256e+03
10,30,1,9.856339e+03
10,30,2,9.856339e+03
10,30,3,9.856339e+03
10,30,5,7.492452e+03
10,30,1,1.009800e+04
10,30,2,1.009800e+04
10,30,3,1.009800e+04
10,30,5,1.009800e+04
10,30,1,9.298667e+03
10,30,2,9.298667e+03
10,30,3,9.298667e+03
10,30,5,9.298667e+03
10,30,1,9.194951e+03
10,30,2,8.139980e+03
10,30,3,8.139980e+03
10,30,5,8.139980e+03
10,30,1,9.336559e+03
10,30,2,9.336559e+03
10,30,3,9.336559e+03
10,30,5,9.336559e+03
10,30,1,9.065545e+03
10,30,2,9.065545e+03
10,30,3,9.065545e+03
10,30,5,9.065545e+03
10,30,1,9.091552e+03
10,30,2,9.091552e+03
10,30,3,9.091552e+03
10,30,5,6.924238e+03
10,30,1,9.808317e+03
10,30,2,9.808317e+03
10,30,3,9.808317e+03
10,30,5,9.808317e+03
10,30,1,8.354685e+03
10,30,2,8.354685e+03
10,30,3,8.354685e+03
10,30,5,8.354685e+03
10,30,1,8.429265e+03
10,30,2,8.429265e+03
10,30,3,8.429265e+03
10,30,5,8.429265e+03
10,30,1,9.666362e+03
10,30,2,9.666362e+03
10,30,3,9.666362e+03
10,30,5,9.345675e+03
10,30,1,8.417431e+03
10,30,2,8.417431e+03
10,30,3,8.417431e+03
10,30,5,8.417431e+03
10,30,1,9.202098e+03
10,30,2,9.013494e+03
10,30,3,9.013494e+03
10,30,5,6.041524e+03
10,30,1,8.861096e+03
10,30,2,8.861096e+03
10,30,3,8.861096e+03
10,30,5,8.861096e+03
10,30,1,7.544311e+03
10,30,2,7.544311e+03
10,30,3,7.544311e+03
10,30,5,7.544311e+03
10,30,1,1.011399e+04
10,30,2,1.011399e+04
10,30,3,1.011399e+04
10,30,5,1.011399e+04
10,30,1,9.074269e+03
10,30,2,9.074269e+03
10,30,3,9.074269e+03
10,30,5,9.074269e+03
10,30,1,9.578415e+03
10,30,2,9.578415e+03
10,30,3,7.726937e+03
10,30,5,7.726937e+03
10,30,1,9.627812e+03
10,30,2,9.627812e+03
10,30,3,9.627812e+03
10,30,5,9.199139e+03
10,30,1,9.498755e+03
10,30,2,9.498755e+03
10,30,3,9.498755e+03
10,30,5,9.498755e+03
10,30,1,8.496324e+03
10,30,2,8.366022e+03
10,30,3,6.328816e+03
10,30,5,6.328816e+03
10,30,1,8.144721e+03
10,30,2,8.144721e+03
10,30,3,8.144721e+03
10,30,5,8.144721e+03
10,30,1,8.429216e+03
10,30,2,8.429216e+03
10,30,3,8.429216e+03
10,30,5,8.429216e+03
10,30,1,8.920927e+03
10,30,2,8.920927e+03
10,30,3,8.920927e+03
10,30,5,8.920927e+03
10,30,1,8.441167e+03
10,30,2,8.441167e+03
10,30,3,8.441167e+03
10,30,5,8.441167e+03
10,30,1,9.821762e+03
10,30,2,9.821762e+03
10,30,3,9.821762e+03
10,30,5,9.821762e+03
10,30,1,9.331991e+03
10,30,2,9.331991e+03
10,30,3,9.331991e+03
10,30,5,7.891077e+03
10,30,1,8.872805e+03
10,30,2,8.872805e+03
10,30,3,8.872805e+03
10,30,5,8.872805e+03
10,30,1,9.954004e+03
10,30,2,9.954004e+03
10,30,3,9.954004e+03
10,30,5,6.549868e+03
10,30,1,9.879971e+03
10,30,2,9.879971e+03
10,30,3,9.879971e+03
10,30,5,5.755966e+03
10,30,1,9.893129e+03
10,30,2,9.893129e+03
10,30,3,9.893129e+03
10,30,5,9.893129e+03
10,30,1,9.483745e+03
10,30,2,9.483745e+03
10,30,3,9.483745e+03
10,30,5,7.397337e+03
10,30,1,9.927386e+03
10,30,2,9.927386e+03
10,30,3,9.927386e+03
10,30,5,9.927386e+03
10,30,1,9.117562e+03
10,30,2,9.117562e+03
10,30,3,9.117562e+03
10,30,5,9.117562e+03
10,30,1,8.964591e+03
10,30,2,8.964591e+03
10,30,3,8.964591e+03
10,30,5,8.964591e+03
10,30,1,1.069619e+04
10,30,2,1.069619e+04
10,30,3,1.069619e+04
10,30,5,8.291249e+03
10,30,1,1.037839e+04
10,30,2,1.037839e+04
10,30,3,1.037839e+04
10,30,5,1.037839e+04
10,30,1,9.424884e+03
10,30,2,9.424884e+03
10,30,3,9.424884e+03
10,30,5,6.282082e+03
10,30,1,9.202556e+03
10,30,2,9.202556e+03
10,30,3,8.973408e+03
10,30,5,8.973408e+03
10,30,1,9.039375e+03
10,30,2,9.039375e+03
10,30,3,7.657665e+03
10,30,5,7.657665e+03
10,30,1,9.692344e+03
10,30,2,9.692344e+03
10,30,3,9.692344e+03
10,30,5,9.692344e+03
10,30,1,9.568632e+03
10,30,2,9.568632e+03
10,30,3,9.371853e+03
10,30,5,5.091481e+03
10,30,1,9.088165e+03
10,30,2,9.088165e+03
10,30,3,9.088165e+03
10,30,5,9.088165e+03
10,30,1,8.070853e+03
10,30,2,8.070853e+03
10,30,3,8.070853e+03
10,30,5,6.195530e+03
10,30,1,9.779399e+03
10,30,2,9.779399e+03
10,30,3,9.779399e+03
10,30,5,9.170153e+03
10,30,1,8.890204e+03
10,30,2,8.890204e+03
10,30,3,8.890204e+03
10,30,5,8.890204e+03
10,30,1,1.034186e+04
10,30,2,1.034186e+04
10,30,3,1.034186e+04
10,30,5,8.563039e+03
10,30,1,8.853970e+03
10,30,2,8.853970e+03
10,30,3,8.853970e+03
10,30,5,8.853970e+03
10,30,1,9.882256e+03
10,30,2,9.882256e+03
10,30,3,9.882256e+03
10,30,5,8.988455e+03
10,30,1,9.613304e+03
10,30,2,9.613304e+03
10,30,3,9.613304e+03
10,30,5,9.613304e+03
10,30,1,8.655150e+03
10,30,2,8.655150e+03
10,30,3,8.655150e+03
10,30,5,8.655150e+03
10,30,1,9.237638e+03
10,30,2,9.237638e+03
10,30,3,9.237638e+03
10,30,5,9.237638e+03
10,30,1,9.771974e+03
10,30,2,9.771974e+03
10,30,3,9.771974e+03
10,30,5,9.771974e+03
10,30,1,9.776042e+03
10,30,2,9.776042e+03
10,30,3,8.057671e+03
10,30,5,5.921944e+03
10,30,1,9.800896e+03
10,30,2,9.800896e+03
10,30,3,9.800896e+03
10,30,5,7.424540e+03
10,30,1,8.459070e+03
10,30,2,8.459070e+03
10,30,3,8.459070e+03
10,30,5,8.459070e+03
10,30,1,9.445429e+03
10,30,2,9.445429e+03
10,30,3,9.445429e+03
10,30,5,9.445429e+03
10,30,1,9.289395e+03
10,30,2,9.289395e+03
10,30,3,9.289395e+03
10,30,5,9.289395e+03
10,30,1,9.248622e+03
10,30,2,9.248622e+03
10,30,3,9.248622e+03
10,30,5,9.248622e+03
10,30,1,9.315461e+03
10,30,2,9.315461e+03
10,30,3,8.683406e+03
10,30,5,7.635466e+03
10,30,1,9.367990e+03
10,30,2,9.367990e+03
10,30,3,9.367990e+03
10,30,5,9.367990e+03
10,30,1,8.729248e+03
10,30,2,8.729248e+03
10,30,3,8.729248e+03
10,30,5,8.729248e+03
10,30,1,8.995211e+03
10,30,2,8.995211e+03
10,30,3,8.995211e+03
10,30,5,8.995211e+03
10,30,1,8.962962e+03
10,30,2,8.962962e+03
10,30,3,8.962962e+03
10,30,5,8.962962e+03
10,30,1,9.321569e+03
10,30,2,9.321569e+03
10,30,3,9.321569e+03
10,30,5,7.099741e+03
10,30,1,9.524608e+03
10,30,2,9.524608e+03
10,30,3,9.524608e+03
10,30,5,6.284285e+03
10,30,1,8.762764e+03
10,30,2,8.762764e+03
10,30,3,8.762764e+03
10,30,5,8.762764e+03
10,30,1,9.713929e+03
10,30,2,9.713929e+03
10,30,3,9.713929e+03
10,30,5,9.003653e+03
10,30,1,9.989203e+03
10,30,2,9.989203e+03
10,30,3,9.989203e+03
10,30,5,9.989203e+03
10,30,1,8.421323e+03
10,30,2,8.421323e+03
10,30,3,8.421323e+03
10,30,5,6.672881e+03
10,30,1,9.336246e+03
10,30,2,9.336246e+03
10,30,3,9.336246e+03
10,30,5,9.336246e+03
10,30,1,9.995248e+03
10,30,2,9.995248e+03
10,30,3,9.995248e+03
10,30,5,9.995248e+03
10,30,1,9.761480e+03
10,30,2,9.761480e+03
10,30,3,9.761480e+03
10,30,5,6.231838e+03
10,30,1,9.718561e+03
10,30,2,9.718561e+03
10,30,3,9.718561e+03
10,30,5,9.718561e+03
10,30,1,9.051826e+03
10,30,2,9.051826e+03
10,30,3,9.051826e+03
10,30,5,6.270577e+03
10,30,1,9.544666e+03
10,30,2,9.544666e+03
10,30,3,9.544666e+03
10,30,5,9.544666e+03
10,30,1,8.992341e+03
10,30,2,8.981731e+03
10,30,3,8.218031e+03
10,30,5,7.732276e+03
10,30,1,8.761076e+03
10,30,2,8.761076e+03
10,30,3,8.761076e+03
10,30,5,8.761076e+03
10,30,1,9.523403e+03
10,30,2,9.523403e+03
10,30,3,9.523403e+03
10,30,5,9.523403e+03
10,30,1,9.257144e+03
10,30,2,8.075576e+03
10,30,3,8.075576e+03
10,30,5,8.075576e+03
10,30,1,9.679761e+03
10,30,2,9.679761e+03
10,30,3,9.679761e+03
10,30,5,9.679761e+03
10,30,1,8.428939e+03
10,30,2,8.428939e+03
10,30,3,8.428939e+03
10,30,5,8.428939e+03
10,30,1,9.358564e+03
10,30,2,6.773693e+03
10,30,3,6.773693e+03
10,30,5,6.773693e+03
10,30,1,1.008941e+04
10,30,2,1.008941e+04
10,30,3,9.702295e+03
10,30,5,5.595380e+03
10,30,1,1.024012e+04
10,30,2,1.024012e+04
10,30,3,1.024012e+04
10,30,5,8.261561e+03
10,30,1,8.508176e+03
10,30,2,8.508176e+03
10,30,3,8.508176e+03
10,30,5,8.508176e+03
10,30,1,1.000929e+04
10,30,2,1.000929e+04
10,30,3,1.000929e+04
10,30,5,1.000929e+04
10,30,1,9.977862e+03
10,30,2,9.977862e+03
10,30,3,7.256475e+03
10,30,5,7.256475e+03
10,30,1,9.554817e+03
10,30,2,9.554817e+03
10,30,3,8.808212e+03
10,30,5,6.631235e+03
10,30,1,9.907612e+03
10,30,2,9.907612e+03
10,30,3,9.907612e+03
10,30,5,7.569113e+03
10,30,1,8.960743e+03
10,30,2,8.960743e+03
10,30,3,8.960743e+03
10,30,5,8.960743e+03
10,30,1,9.440174e+03
10,30,2,9.440174e+03
10,30,3,9.440174e+03
10,30,5,9.440174e+03
10,30,1,9.514134e+03
10,30,2,9.514134e+03
10,30,3,9.514134e+03
10,30,5,9.514134e+03
10,30,1,8.222766e+03
10,30,2,8.222766e+03
10,30,3,8.222766e+03
10,30,5,5.605681e+03
10,30,1,1.061655e+04
10,30,2,1.061655e+04
10,30,3,1.061655e+04
10,30,5,1.061655e+04
10,30,1,9.214551e+03
10,30,2,9.214551e+03
10,30,3,9.214551e+03
10,30,5,8.349204e+03
10,30,10,8.349204e+03
10,30,20,8.349204e+03
10,30,30,8.349204e+03
10,30,40,8.349204e+03
10,30,50,8.349204e+03
10,30,1,1.004284e+04
10,30,2,1.004284e+04
10,30,3,1.004284e+04
10,30,5,1.004284e+04
10,30,10,1.004284e+04
10,30,20,1.004284e+04
10,30,30,1.004284e+04
10,30,40,1.004284e+04
10,30,50,1.004284e+04
10,30,1,9.357637e+03
10,30,2,9.357637e+03
10,30,3,9.357637e+03
10,30,5,9.357637e+03
10,30,10,9.357637e+03
10,30,20,9.357637e+03
10,30,30,9.357637e+03
10,30,40,9.357637e+03
10,30,50,9.357637e+03
10,30,1,9.793346e+03
10,30,2,9.793346e+03
10,30,3,9.793346e+03
10,30,5,9.793346e+03
10,30,10,9.793346e+03
10,30,20,9.793346e+03
10,30,30,9.793346e+03
10,30,40,9.793346e+03
10,30,50,8.374352e+03
10,30,1,9.006072e+03
10,30,2,9.006072e+03
10,30,3,9.006072e+03
10,30,5,9.006072e+03
10,30,10,9.006072e+03
10,30,20,9.006072e+03
10,30,30,9.006072e+03
10,30,40,9.006072e+03
10,30,50,9.006072e+03
10,30,1,9.996179e+03
10,30,2,9.996179e+03
10,30,3,9.996179e+03
10,30,5,9.996179e+03
10,30,10,9.996179e+03
10,30,20,9.996179e+03
10,30,30,9.996179e+03
10,30,40,9.996179e+03
10,30,50,9.996179e+03
10,30,1,9.672497e+03
10,30,2,9.672497e+03
10,30,3,9.672497e+03
10,30,5,9.200718e+03
10,30,10,9.200718e+03
10,30,20,9.200718e+03
10,30,30,9.200718e+03
10,30,40,9.200718e+03
10,30,50,9.200718e+03
10,30,1,9.737804e+03
10,30,2,9.737804e+03
10,30,3,9.737804e+03
10,30,5,9.737804e+03
10,30,10,9.737804e+03
10,30,20,9.737804e+03
10,30,30,9.737804e+03
10,30,40,9.737804e+03
10,30,50,9.737804e+03
10,30,1,9.437772e+03
10,30,2,8.198688e+03
10,30,3,8.198688e+03
10,30,5,8.198688e+03
10,30,10,8.198688e+03
10,30,20,8.198688e+03
10,30,30,6.276536e+03
10,30,40,6.276536e+03
10,30,50,6.276536e+03
10,30,1,9.910973e+03
10,30,2,9.910973e+03
10,30,3,9.905180e+03
10,30,5,9.905180e+03
10,30,10,9.905180e+03
10,30,20,9.652491e+03
10,30,30,6.158070e+03
10,30,40,6.158070e+03
10,30,50,6.158070e+03
10,30,1,8.923136e+03
10,30,2,8.923136e+03
10,30,3,8.923136e+03
10,30,5,8.923136e+03
10,30,10,8.923136e+03
10,30,20,8.923136e+03
10,30,30,8.923136e+03
10,30,40,8.923136e+03
10,30,50,8.923136e+03
10,30,1,9.500102e+03
10,30,2,9.500102e+03
10,30,3,9.500102e+03
10,30,5,9.500102e+03
10,30,10,9.500102e+03
10,30,20,9.500102e+03
10,30,30,7.577787e+03
10,30,40,4.994742e+03
10,30,50,4.456214e+03
10,30,1,1.041514e+04
10,30,2,1.041514e+04
10,30,3,1.041514e+04
10,30,5,1.041514e+04
10,30,10,1.041514e+04
10,30,20,1.041514e+04
10,30,30,1.041514e+04
10,30,40,1.041514e+04
10,30,50,1.041514e+04
10,30,1,8.099247e+03
10,30,2,8.099247e+03
10,30,3,8.099247e+03
10,30,5,8.099247e+03
10,30,10,8.099247e+03
10,30,20,8.099247e+03
10,30,30,8.099247e+03
10,30,40,8.099247e+03
10,30,50,6.037785e+03
10,30,1,9.397811e+03
10,30,2,9.397811e+03
10,30,3,9.397811e+03
10,30,5,9.397811e+03
10,30,10,9.397811e+03
10,30,20,9.397811e+03
10,30,30,9.397811e+03
10,30,40,9.397811e+03
10,30,50,9.397811e+03
10,30,1,8.986584e+03
10,30,2,8.986584e+03
10,30,3,8.986584e+03
10,30,5,8.986584e+03
10,30,10,8.986584e+03
10,30,20,8.986584e+03
10,30,30,8.986584e+03
10,30,40,8.986584e+03
10,30,50,8.986584e+03
10,30,1,9.981496e+03
10,30,2,9.981496e+03
10,30,3,8.662219e+03
10,30,5,8.662219e+03
10,30,10,8.662219e+03
10,30,20,8.662219e+03
10,30,30,8.662219e+03
10,30,40,8.662219e+03
10,30,50,8.662219e+03
10,30,1,9.667952e+03
10,30,2,9.155635e+03
10,30,3,9.142715e+03
10,30,5,9.142715e+03
10,30,10,9.142715e+03
10,30,20,9.142715e+03
10,30,30,9.142715e+03
10,30,40,9.142715e+03
10,30,50,9.142715e+03
10,30,1,9.644108e+03
10,30,2,9.644108e+03
10,30,3,9.644108e+03
10,30,5,9.644108e+03
10,30,10,9.644108e+03
10,30,20,9.644108e+03
10,30,30,9.644108e+03
10,30,40,9.644108e+03
10,30,50,9.644108e+03
10,30,1,9.433820e+03
10,30,2,9.433820e+03
10,30,3,9.433820e+03
10,30,5,9.433820e+03
10,30,10,9.433820e+03
10,30,20,9.433820e+03
10,30,30,9.433820e+03
10,30,40,9.433820e+03
10,30,50,9.433820e+03
10,30,1,9.313536e+03
10,30,2,9.313536e+03
10,30,3,9.313536e+03
10,30,5,9.313536e+03
10,30,10,9.313536e+03
10,30,20,9.313536e+03
10,30,30,9.313536e+03
10,30,40,5.325585e+03
10,30,50,5.325585e+03
10,30,1,9.586179e+03
10,30,2,9.525457e+03
10,30,3,9.219935e+03
10,30,5,9.219935e+03
10,30,10,9.219935e+03
10,30,20,9.219935e+03
10,30,30,9.219935e+03
10,30,40,9.219935e+03
10,30,50,9.219935e+03
10,30,1,1.002292e+04
10,30,2,1.002292e+04
10,30,3,1.002292e+04
10,30,5,1.002292e+04
10,30,10,1.002292e+04
10,30,20,1.002292e+04
10,30,30,8.102479e+03
10,30,40,8.102479e+03
10,30,50,6.121450e+03
10,30,1,9.319421e+03
10,30,2,9.319421e+03
10,30,3,9.319421e+03
10,30,5,9.319421e+03
10,30,10,9.319421e+03
10,30,20,9.319421e+03
10,30,30,9.319421e+03
10,30,40,9.319421e+03
10,30,50,9.319421e+03
10,30,1,9.201601e+03
10,30,2,9.201601e+03
10,30,3,9.201601e+03
10,30,5,9.201601e+03
10,30,10,9.201601e+03
10,30,20,9.201601e+03
10,30,30,9.201601e+03
10,30,40,9.201601e+03
10,30,50,9.201601e+03
10,30,1,8.328281e+03
10,30,2,8.233664e+03
10,30,3,8.233664e+03
10,30,5,8.233664e+03
10,30,10,8.233664e+03
10,30,20,8.233664e+03
10,30,30,6.489326e+03
10,30,40,6.292771e+03
10,30,50,4.931358e+03
10,30,1,9.834868e+03
10,30,2,9.834868e+03
10,30,3,9.834868e+03
10,30,5,9.834868e+03
10,30,10,9.834868e+03
10,30,20,9.076222e+03
10,30,30,9.076222e+03
10,30,40,9.076222e+03
10,30,50,5.842862e+03
10,30,1,9.141608e+03
10,30,2,9.141608e+03
10,30,3,9.141608e+03
10,30,5,9.141608e+03
10,30,10,9.141608e+03
10,30,20,9.141608e+03
10,30,30,8.990027e+03
10,30,40,5.284763e+03
10,30,50,5.284763e+03
10,30,1,9.842592e+03
10,30,2,9.842592e+03
10,30,3,9.842592e+03
10,30,5,9.842592e+03
10,30,10,9.842592e+03
10,30,20,9.842592e+03
10,30,30,9.842592e+03
10,30,40,9.842592e+03
10,30,50,8.623306e+03
10,30,1,9.236620e+03
10,30,2,9.236620e+03
10,30,3,9.236620e+03
10,30,5,9.236620e+03
10,30,10,9.236620e+03
10,30,20,9.236620e+03
10,30,30,9.236620e+03
10,30,40,9.236620e+03
10,30,50,9.236620e+03
10,30,1,9.522290e+03
10,30,2,9.522290e+03
10,30,3,8.958444e+03
10,30,5,8.067843e+03
10,30,10,8.067843e+03
10,30,20,8.067843e+03
10,30,30,8.067843e+03
10,30,40,8.067843e+03
10,30,50,8.067843e+03
10,30,1,9.781935e+03
10,30,2,9.781935e+03
10,30,3,9.781935e+03
10,30,5,9.781935e+03
10,30,10,9.781935e+03
10,30,20,9.781935e+03
10,30,30,9.781935e+03
10,30,40,9.781935e+03
10,30,50,9.781935e+03
10,30,1,8.762226e+03
10,30,2,8.762226e+03
10,30,3,8.762226e+03
10,30,5,8.762226e+03
10,30,10,8.762226e+03
10,30,20,8.762226e+03
10,30,30,8.762226e+03
10,30,40,8.762226e+03
10,30,50,8.762226e+03
10,30,1,8.748866e+03
10,30,2,8.748866e+03
10,30,3,8.748866e+03
10,30,5,8.748866e+03
10,30,10,8.748866e+03
10,30,20,8.748866e+03
10,30,30,8.748866e+03
10,30,40,8.748866e+03
10,30,50,7.132006e+03
10,30,1,9.148327e+03
10,30,2,9.148327e+03
10,30,3,9.148327e+03
10,30,5,9.148327e+03
10,30,10,9.148327e+03
10,30,20,9.148327e+03
10,30,30,8.982033e+03
10,30,40,8.982033e+03
10,30,50,7.736506e+03
10,30,1,9.340558e+03
10,30,2,9.340558e+03
10,30,3,9.340558e+03
10,30,5,9.340558e+03
10,30,10,9.340558e+03
10,30,20,9.340558e+03
10,30,30,9.340558e+03
10,30,40,9.340558e+03
10,30,50,6.198211e+03
10,30,1,9.895876e+03
10,30,2,9.664814e+03
10,30,3,9.664814e+03
10,30,5,9.664814e+03
10,30,10,9.664814e+03
10,30,20,9.664814e+03
10,30,30,9.664814e+03
10,30,40,6.496794e+03
10,30,50,4.512314e+03
10,30,1,9.739268e+03
10,30,2,9.739268e+03
10,30,3,9.739268e+03
10,30,5,9.601372e+03
10,30,10,9.601372e+03
10,30,20,9.601372e+03
10,30,30,9.601372e+03
10,30,40,8.264393e+03
10,30,50,6.846104e+03
10,30,1,9.255553e+03
10,30,2,9.255553e+03
10,30,3,9.255553e+03
10,30,5,9.255553e+03
10,30,10,9.255553e+03
10,30,20,8.014011e+03
10,30,30,8.014011e+03
10,30,40,5.555089e+03
10,30,50,5.555089e+03
10,30,1,9.283456e+03
10,30,2,9.283456e+03
10,30,3,9.283456e+03
10,30,5,9.283456e+03
10,30,10,9.283456e+03
10,30,20,9.283456e+03
10,30,30,9.283456e+03
10,30,40,9.283456e+03
10,30,50,9.283456e+03
10,30,1,9.011883e+03
10,30,2,9.011883e+03
10,30,3,9.011883e+03
10,30,5,9.011883e+03
10,30,10,9.011883e+03
10,30,20,9.011883e+03
10,30,30,9.011883e+03
10,30,40,9.011883e+03
10,30,50,9.011883e+03
10,30,1,9.631459e+03
10,30,2,9.631459e+03
10,30,3,9.631459e+03
10,30,5,9.631459e+03
10,30,10,9.631459e+03
10,30,20,9.631459e+03
10,30,30,9.631459e+03
10,30,40,9.631459e+03
10,30,50,9.631459e+03
10,30,1,9.825419e+03
10,30,2,9.469897e+03
10,30,3,9.469897e+03
10,30,5,9.469897e+03
10,30,10,9.469897e+03
10,30,20,9.469897e+03
10,30,30,9.469897e+03
10,30,40,9.469897e+03
10,30,50,9.469897e+03
10,30,1,8.237807e+03
10,30,2,8.237807e+03
10,30,3,8.237807e+03
10,30,5,8.237807e+03
10,30,10,8.237807e+03
10,30,20,8.237807e+03
10,30,30,8.237807e+03
10,30,40,8.237807e+03
10,30,50,8.237807e+03
10,30,1,9.206877e+03
10,30,2,9.206877e+03
10,30,3,9.206877e+03
10,30,5,9.206877e+03
10,30,10,9.206877e+03
10,30,20,9.206877e+03
10,30,30,9.206877e+03
10,30,40,9.206877e+03
10,30,50,9.206877e+03
10,30,1,8.600539e+03
10,30,2,8.600539e+03
10,30,3,8.600539e+03
10,30,5,8.600539e+03
10,30,10,8.600539e+03
10,30,20,8.600539e+03
10,30,30,8.600539e+03
10,30,40,8.600539e+03
10,30,50,8.600539e+03
10,30,1,1.001939e+04
10,30,2,9.422066e+03
10,30,3,9.422066e+03
10,30,5,9.422066e+03
10,30,10,9.422066e+03
10,30,20,9.422066e+03
10,30,30,9.422066e+03
10,30,40,9.422066e+03
10,30,50,9.422066e+03
10,30,1,9.089189e+03
10,30,2,9.089189e+03
10,30,3,9.089189e+03
10,30,5,9.089189e+03
10,30,10,9.089189e+03
10,30,20,9.012026e+03
10,30,30,7.927268e+03
10,30,40,7.927268e+03
10,30,50,7.927268e+03
10,30,1,9.365521e+03
10,30,2,9.365521e+03
10,30,3,9.365521e+03
10,30,5,9.365521e+03
10,30,10,9.365521e+03
10,30,20,9.365521e+03
10,30,30,9.365521e+03
10,30,40,9.365521e+03
10,30,50,9.365521e+03
10,30,1,9.570861e+03
10,30,2,9.015303e+03
10,30,3,9.015303e+03
10,30,5,9.015303e+03
10,30,10,8.905874e+03
10,30,20,8.905874e+03
10,30,30,8.905874e+03
10,30,40,8.905874e+03
10,30,50,8.905874e+03
10,30,1,1.015982e+04
10,30,2,1.015982e+04
10,30,3,1.015982e+04
10,30,5,1.015982e+04
10,30,10,1.015982e+04
10,30,20,1.015982e+04
10,30,30,8.505412e+03
10,30,40,8.295958e+03
10,30,50,8.295958e+03
10,30,1,9.733007e+03
10,30,2,9.733007e+03
10,30,3,8.332035e+03
10,30,5,6.465516e+03
10,30,1,1.002137e+04
10,30,2,1.002137e+04
10,30,3,1.002137e+04
10,30,5,1.002137e+04
10,30,1,9.800898e+03
10,30,2,9.800898e+03
10,30,3,9.800898e+03
10,30,5,7.226932e+03
10,30,1,9.154413e+03
10,30,2,9.154413e+03
10,30,3,9.154413e+03
10,30,5,5.935336e+03
10,30,1,8.984124e+03
10,30,2,8.984124e+03
10,30,3,8.984124e+03
10,30,5,6.972946e+03
10,30,1,8.969110e+03
10,30,2,8.969110e+03
10,30,3,8.969110e+03
10,30,5,5.365333e+03
10,30,1,8.631957e+03
10,30,2,8.631957e+03
10,30,3,8.631957e+03
10,30,5,8.631957e+03
10,30,1,9.964671e+03
10,30,2,9.964671e+03
10,30,3,9.964671e+03
10,30,5,9.964671e+03
10,30,1,1.051295e+04
10,30,2,1.051295e+04
10,30,3,9.489613e+03
10,30,5,6.615914e+03
10,30,1,9.274463e+03
10,30,2,9.274463e+03
10,30,3,9.274463e+03
10,30,5,9.274463e+03
10,30,1,8.860859e+03
10,30,2,8.860859e+03
10,30,3,8.860859e+03
10,30,5,8.860859e+03
10,30,1,8.203353e+03
10,30,2,8.203353e+03
10,30,3,8.203353e+03
10,30,5,8.203353e+03
10,30,1,9.688561e+03
10,30,2,9.688561e+03
10,30,3,9.688561e+03
10,30,5,6.796137e+03
10,30,1,9.653264e+03
10,30,2,9.653264e+03
10,30,3,9.653264e+03
10,30,5,9.653264e+03
10,30,1,9.228130e+03
10,30,2,9.228130e+03
10,30,3,9.228130e+03
10,30,5,9.228130e+03
10,30,1,9.642943e+03
10,30,2,9.642943e+03
10,30,3,9.642943e+03
10,30,5,9.642943e+03
10,30,1,9.725801e+03
10,30,2,9.725801e+03
10,30,3,9.725801e+03
10,30,5,9.725801e+03
10,30,1,9.557136e+03
10,30,2,9.557136e+03
10,30,3,9.557136e+03
10,30,5,6.702323e+03
10,30,1,8.863532e+03
10,30,2,8.863532e+03
10,30,3,8.863532e+03
10,30,5,8.863532e+03
10,30,1,1.008988e+04
10,30,2,1.008988e+04
10,30,3,1.008988e+04
10,30,5,6.269067e+03
10,30,1,9.736010e+03
10,30,2,9.736010e+03
10,30,3,9.736010e+03
10,30,5,9.736010e+03
10,30,1,9.241596e+03
10,30,2,9.241596e+03
10,30,3,9.241596e+03
10,30,5,9.241596e+03
10,30,1,9.369109e+03
10,30,2,9.369109e+03
10,30,3,9.369109e+03
10,30,5,9.369109e+03
10,30,1,9.224300e+03
10,30,2,9.224300e+03
10,30,3,9.224300e+03
10,30,5,9.224300e+03
10,30,1,8.752663e+03
10,30,2,8.752663e+03
10,30,3,8.752663e+03
10,30,5,8.752663e+03
10,30,1,9.873567e+03
10,30,2,9.873567e+03
10,30,3,9.873567e+03
10,30,5,6.771453e+03
10,30,1,8.257084e+03
10,30,2,8.257084e+03
10,30,3,8.257084e+03
10,30,5,8.257084e+03
10,30,1,1.036662e+04
10,30,2,1.036662e+04
10,30,3,1.036662e+04
10,30,5,8.157007e+03
10,30,1,9.126271e+03
10,30,2,9.126271e+03
10,30,3,9.126271e+03
10,30,5,9.126271e+03
10,30,1,9.828991e+03
10,30,2,9.828991e+03
10,30,3,8.321902e+03
10,30,5,7.302910e+03
10,30,1,8.749908e+03
10,30,2,8.749908e+03
10,30,3,8.749908e+03
10,30,5,8.347709e+03
10,30,1,9.545426e+03
10,30,2,9.545426e+03
10,30,3,9.545426e+03
10,30,5,6.385013e+03
10,30,1,9.849133e+03
10,30,2,9.849133e+03
10,30,3,9.849133e+03
10,30,5,9.849133e+03
10,30,1,8.816055e+03
10,30,2,8.816055e+03
10,30,3,8.816055e+03
10,30,5,8.816055e+03
10,30,1,8.861183e+03
10,30,2,8.861183e+03
10,30,3,8.861183e+03
10,30,5,6.629908e+03
10,30,1,9.521117e+03
10,30,2,9.521117e+03
10,30,3,8.655546e+03
10,30,5,6.750407e+03
10,30,1,9.279911e+03
10,30,2,9.279911e+03
10,30,3,9.279911e+03
10,30,5,9.279911e+03
10,30,1,8.708300e+03
10,30,2,8.708300e+03
10,30,3,8.708300e+03
10,30,5,8.708300e+03
10,30,1,7.776222e+03
10,30,2,7.776222e+03
10,30,3,7.776222e+03
10,30,5,7.776222e+03
10,30,1,9.576755e+03
10,30,2,9.576755e+03
10,30,3,9.576755e+03
10,30,5,9.576755e+03
10,30,1,9.159546e+03
10,30,2,9.159546e+03
10,30,3,9.159546e+03
10,30,5,9.159546e+03
10,30,1,9.468735e+03
10,30,2,9.468735e+03
10,30,3,9.204467e+03
10,30,5,5.493058e+03
10,30,1,9.096774e+03
10,30,2,9.096774e+03
10,30,3,9.096774e+03
10,30,5,9.096774e+03
10,30,1,8.307935e+03
10,30,2,8.307935e+03
10,30,3,8.307935e+03
10,30,5,8.307935e+03
10,30,1,9.960367e+03
10,30,2,9.960367e+03
10,30,3,9.960367e+03
10,30,5,9.960367e+03
10,30,1,9.838852e+03
10,30,2,9.838852e+03
10,30,3,9.838852e+03
10,30,5,6.548234e+03
10,30,1,9.559671e+03
10,30,2,9.559671e+03
10,30,3,9.559671e+03
10,30,5,7.191364e+03
10,30,1,9.757231e+03
10,30,2,9.757231e+03
10,30,3,9.757231e+03
10,30,5,9.757231e+03
10,30,1,9.461261e+03
10,30,2,9.461261e+03
10,30,3,9.293251e+03
10,30,5,6.649089e+03
10,30,1,9.561967e+03
10,30,2,9.561967e+03
10,30,3,9.561967e+03
10,30,5,9.561967e+03
10,30,1,9.474955e+03
10,30,2,9.474955e+03
10,30,3,9.474955e+03
10,30,5,9.474955e+03
