funcid,dim,milestone,error
19,30,1,2.713597e+09
19,30,2,2.713597e+09
19,30,3,2.713597e+09
19,30,5,2.713597e+09
19,30,1,3.857834e+09
19,30,2,3.857834e+09
19,30,3,3.857834e+09
19,30,5,3.857834e+09
19,30,1,7.912701e+09
19,30,2,4.741706e+09
19,30,3,4.741706e+09
19,30,5,2.866271e+09
19,30,1,4.538433e+09
19,30,2,4.538433e+09
19,30,3,2.837128e+09
19,30,5,2.209187e+08
19,30,1,1.827342e+09
19,30,2,1.827342e+09
19,30,3,1.827342e+09
19,30,5,1.827342e+09
19,30,1,3.578037e+09
19,30,2,3.578037e+09
19,30,3,3.578037e+09
19,30,5,3.578037e+09
19,30,1,2.626828e+09
19,30,2,2.626828e+09
19,30,3,2.626828e+09
19,30,5,2.626828e+09
19,30,1,1.585032e+10
19,30,2,1.585032e+10
19,30,3,1.585032e+10
19,30,5,1.585032e+10
19,30,1,4.106128e+09
19,30,2,4.106128e+09
19,30,3,4.106128e+09
19,30,5,4.106128e+09
19,30,1,3.061202e+09
19,30,2,3.061202e+09
19,30,3,3.061202e+09
19,30,5,6.231851e+06
19,30,1,7.663810e+08
19,30,2,7.663810e+08
19,30,3,7.663810e+08
19,30,5,7.663810e+08
19,30,1,2.196531e+09
19,30,2,2.196531e+09
19,30,3,2.196531e+09
19,30,5,2.196531e+09
19,30,1,1.344647e+09
19,30,2,1.344647e+09
19,30,3,1.344647e+09
19,30,5,1.344647e+09
19,30,1,3.535508e+09
19,30,2,3.535508e+09
19,30,3,3.535508e+09
19,30,5,1.168248e+07
19,30,1,1.832002e+09
19,30,2,1.832002e+09
19,30,3,1.832002e+09
19,30,5,1.310345e+08
19,30,1,1.293277e+10
19,30,2,3.510697e+09
19,30,3,3.510697e+09
19,30,5,1.369868e+08
19,30,1,1.277842e+09
19,30,2,1.277842e+09
19,30,3,1.277842e+09
19,30,5,1.277842e+09
19,30,1,1.204676e+09
19,30,2,1.204676e+09
19,30,3,1.204676e+09
19,30,5,1.204676e+09
19,30,1,3.216917e+09
19,30,2,3.216917e+09
19,30,3,3.216917e+09
19,30,5,3.216917e+09
19,30,1,8.635713e+08
19,30,2,8.635713e+08
19,30,3,8.635713e+08
19,30,5,8.635713e+08
19,30,1,4.423911e+09
19,30,2,4.423911e+09
19,30,3,4.423911e+09
19,30,5,4.423911e+09
19,30,1,5.762867e+08
19,30,2,5.762867e+08
19,30,3,5.762867e+08
19,30,5,5.762867e+08
19,30,1,1.559181e+09
19,30,2,1.559181e+09
19,30,3,7.919858e+07
19,30,5,1.672256e+07
19,30,1,5.729436e+08
19,30,2,5.729436e+08
19,30,3,5.729436e+08
19,30,5,5.729436e+08
19,30,1,1.992246e+09
19,30,2,1.992246e+09
19,30,3,1.992246e+09
19,30,5,1.240652e+09
19,30,1,1.026155e+10
19,30,2,1.026155e+10
19,30,3,1.026155e+10
19,30,5,1.026155e+10
19,30,1,2.167531e+08
19,30,2,2.167531e+08
19,30,3,2.167531e+08
19,30,5,2.167531e+08
19,30,1,3.790638e+09
19,30,2,3.790638e+09
19,30,3,2.001321e+09
19,30,5,5.554563e+06
19,30,1,1.894162e+09
19,30,2,1.894162e+09
19,30,3,1.894162e+09
19,30,5,1.894162e+09
19,30,1,7.434867e+09
19,30,2,7.434867e+09
19,30,3,7.434867e+09
19,30,5,1.133655e+07
19,30,1,2.363577e+09
19,30,2,2.363577e+09
19,30,3,2.363577e+09
19,30,5,4.841264e+06
19,30,1,5.650549e+09
19,30,2,3.461852e+09
19,30,3,3.461852e+09
19,30,5,2.028532e+08
19,30,1,1.665869e+08
19,30,2,1.665869e+08
19,30,3,1.665869e+08
19,30,5,1.665869e+08
19,30,1,1.776008e+09
19,30,2,1.776008e+09
19,30,3,1.776008e+09
19,30,5,1.776008e+09
19,30,1,8.615730e+09
19,30,2,8.615730e+09
19,30,3,8.615730e+09
19,30,5,2.248991e+07
19,30,1,7.683031e+09
19,30,2,7.683031e+09
19,30,3,7.683031e+09
19,30,5,7.683031e+09
19,30,1,1.626134e+09
19,30,2,1.626134e+09
19,30,3,1.626134e+09
19,30,5,1.097920e+08
19,30,1,5.941166e+09
19,30,2,5.941166e+09
19,30,3,5.941166e+09
19,30,5,5.941166e+09
19,30,1,1.109622e+09
19,30,2,1.109622e+09
19,30,3,1.109622e+09
19,30,5,1.109622e+09
19,30,1,8.237623e+09
19,30,2,8.237623e+09
19,30,3,8.237623e+09
19,30,5,8.237623e+09
19,30,1,2.928317e+09
19,30,2,2.928317e+09
19,30,3,2.928317e+09
19,30,5,2.928317e+09
19,30,1,1.666727e+10
19,30,2,1.666727e+10
19,30,3,1.666727e+10
19,30,5,2.208674e+07
19,30,1,2.499534e+09
19,30,2,2.499534e+09
19,30,3,2.499534e+09
19,30,5,9.803822e+06
19,30,1,2.708820e+09
19,30,2,2.708820e+09
19,30,3,2.708820e+09
19,30,5,2.708820e+09
19,30,1,3.291988e+09
19,30,2,2.886504e+09
19,30,3,2.886504e+09
19,30,5,6.541423e+06
19,30,1,1.099727e+10
19,30,2,1.099727e+10
19,30,3,1.099727e+10
19,30,5,2.595247e+07
19,30,1,1.306390e+10
19,30,2,1.306390e+10
19,30,3,1.306390e+10
19,30,5,1.457556e+07
19,30,1,2.269056e+09
19,30,2,2.269056e+09
19,30,3,2.269056e+09
19,30,5,2.269056e+09
19,30,1,2.183918e+09
19,30,2,2.183918e+09
19,30,3,2.183918e+09
19,30,5,2.183918e+09
19,30,1,4.703765e+09
19,30,2,4.703765e+09
19,30,3,4.703765e+09
19,30,5,4.703765e+09
19,30,1,3.086602e+09
19,30,2,3.086602e+09
19,30,3,3.086602e+09
19,30,5,3.086602e+09
19,30,1,9.434991e+09
19,30,2,9.434991e+09
19,30,3,9.434991e+09
19,30,5,9.434991e+09
19,30,1,1.434405e+10
19,30,2,1.434405e+10
19,30,3,8.375612e+08
19,30,5,5.653987e+07
19,30,1,3.948786e+08
19,30,2,3.948786e+08
19,30,3,3.948786e+08
19,30,5,3.948786e+08
19,30,1,6.272503e+09
19,30,2,6.272503e+09
19,30,3,6.272503e+09
19,30,5,6.272503e+09
19,30,1,6.367942e+08
19,30,2,6.367942e+08
19,30,3,6.367942e+08
19,30,5,6.367942e+08
19,30,1,5.541532e+09
19,30,2,5.541532e+09
19,30,3,6.673323e+08
19,30,5,7.882902e+06
19,30,1,3.218989e+08
19,30,2,3.218989e+08
19,30,3,3.218989e+08
19,30,5,3.218989e+08
19,30,1,8.033581e+09
19,30,2,8.033581e+09
19,30,3,8.033581e+09
19,30,5,8.033581e+09
19,30,1,4.345622e+09
19,30,2,4.345622e+09
19,30,3,3.092430e+09
19,30,5,7.874815e+08
19,30,1,3.113536e+09
19,30,2,3.113536e+09
19,30,3,3.113536e+09
19,30,5,5.580084e+06
19,30,1,2.125285e+09
19,30,2,2.125285e+09
19,30,3,2.125285e+09
19,30,5,7.051001e+08
19,30,1,4.933442e+09
19,30,2,4.933442e+09
19,30,3,4.933442e+09
19,30,5,4.933442e+09
19,30,1,4.681142e+09
19,30,2,4.681142e+09
19,30,3,4.681142e+09
19,30,5,4.681142e+09
19,30,1,1.394615e+09
19,30,2,1.394615e+09
19,30,3,1.394615e+09
19,30,5,6.141195e+08
19,30,1,4.544114e+09
19,30,2,4.544114e+09
19,30,3,4.544114e+09
19,30,5,4.544114e+09
19,30,1,1.872229e+09
19,30,2,1.872229e+09
19,30,3,1.872229e+09
19,30,5,1.872229e+09
19,30,1,2.999561e+09
19,30,2,2.999561e+09
19,30,3,2.999561e+09
19,30,5,2.999561e+09
19,30,1,2.854246e+09
19,30,2,2.854246e+09
19,30,3,2.854246e+09
19,30,5,1.514228e+06
19,30,1,3.142490e+09
19,30,2,3.142490e+09
19,30,3,3.142490e+09
19,30,5,3.142490e+09
19,30,1,8.435338e+09
19,30,2,8.435338e+09
19,30,3,8.435338e+09
19,30,5,8.435338e+09
19,30,1,7.623295e+08
19,30,2,7.623295e+08
19,30,3,7.623295e+08
19,30,5,7.623295e+08
19,30,1,5.391207e+09
19,30,2,5.391207e+09
19,30,3,5.391207e+09
19,30,5,5.391207e+09
19,30,1,6.188460e+09
19,30,2,6.188460e+09
19,30,3,6.188460e+09
19,30,5,1.038374e+07
19,30,1,1.846753e+09
19,30,2,1.846753e+09
19,30,3,1.846753e+09
19,30,5,1.846753e+09
19,30,1,4.712772e+08
19,30,2,4.712772e+08
19,30,3,4.712772e+08
19,30,5,4.712772e+08
19,30,1,1.077244e+09
19,30,2,1.077244e+09
19,30,3,1.077244e+09
19,30,5,1.077244e+09
19,30,1,6.949178e+09
19,30,2,6.949178e+09
19,30,3,3.385844e+09
19,30,5,5.672665e+07
19,30,1,6.495015e+09
19,30,2,6.495015e+09
19,30,3,6.495015e+09
19,30,5,6.495015e+09
19,30,1,8.167934e+09
19,30,2,8.167934e+09
19,30,3,8.167934e+09
19,30,5,8.167934e+09
19,30,1,4.413391e+09
19,30,2,4.413391e+09
19,30,3,4.413391e+09
19,30,5,4.413391e+09
19,30,1,1.855725e+09
19,30,2,1.855725e+09
19,30,3,1.855725e+09
19,30,5,1.855725e+09
19,30,1,1.762304e+09
19,30,2,1.762304e+09
19,30,3,1.762304e+09
19,30,5,3.576014e+08
19,30,1,9.168417e+08
19,30,2,9.168417e+08
19,30,3,9.168417e+08
19,30,5,9.168417e+08
19,30,1,3.091277e+09
19,30,2,3.091277e+09
19,30,3,3.091277e+09
19,30,5,3.091277e+09
19,30,1,1.355649e+09
19,30,2,1.355649e+09
19,30,3,1.355649e+09
19,30,5,1.355649e+09
19,30,1,2.245457e+09
19,30,2,2.245457e+09
19,30,3,2.245457e+09
19,30,5,2.245457e+09
19,30,1,2.581189e+09
19,30,2,2.581189e+09
19,30,3,2.531262e+09
19,30,5,2.531262e+09
19,30,1,4.511046e+09
19,30,2,4.511046e+09
19,30,3,4.511046e+09
19,30,5,4.511046e+09
19,30,1,9.092728e+09
19,30,2,9.092728e+09
19,30,3,9.092728e+09
19,30,5,2.249394e+09
19,30,1,4.081801e+09
19,30,2,4.081801e+09
19,30,3,4.081801e+09
19,30,5,3.149079e+07
19,30,1,2.020195e+09
19,30,2,2.020195e+09
19,30,3,2.020195e+09
19,30,5,2.020195e+09
19,30,1,2.994641e+09
19,30,2,2.994641e+09
19,30,3,2.994641e+09
19,30,5,1.232056e+07
19,30,1,3.377920e+09
19,30,2,3.377920e+09
19,30,3,1.090882e+09
19,30,5,1.090882e+09
19,30,1,3.185200e+09
19,30,2,3.185200e+09
19,30,3,3.185200e+09
19,30,5,3.185200e+09
19,30,1,6.250297e+09
19,30,2,6.250297e+09
19,30,3,6.250297e+09
19,30,5,1.102555e+08
19,30,1,6.893344e+09
19,30,2,6.893344e+09
19,30,3,6.893344e+09
19,30,5,6.893344e+09
19,30,1,5.317790e+08
19,30,2,5.317790e+08
19,30,3,5.317790e+08
19,30,5,5.317790e+08
19,30,1,2.385737e+09
19,30,2,2.385737e+09
19,30,3,2.385737e+09
19,30,5,2.385737e+09
19,30,1,1.448602e+09
19,30,2,1.448602e+09
19,30,3,1.448602e+09
19,30,5,1.448602e+09
19,30,1,8.180387e+09
19,30,2,8.180387e+09
19,30,3,8.180387e+09
19,30,5,8.180387e+09
19,30,1,9.242220e+09
19,30,2,9.242220e+09
19,30,3,9.242220e+09
19,30,5,9.242220e+09
19,30,1,2.155826e+09
19,30,2,2.155826e+09
19,30,3,2.155826e+09
19,30,5,2.155826e+09
19,30,1,3.872226e+09
19,30,2,1.084572e+09
19,30,3,1.084572e+09
19,30,5,1.084572e+09
19,30,1,3.077110e+09
19,30,2,3.077110e+09
19,30,3,3.077110e+09
19,30,5,3.077110e+09
19,30,1,3.813838e+09
19,30,2,3.813838e+09
19,30,3,3.813838e+09
19,30,5,3.813838e+09
19,30,1,2.509990e+09
19,30,2,2.509990e+09
19,30,3,2.509990e+09
19,30,5,1.293515e+07
19,30,1,2.581574e+09
19,30,2,2.581574e+09
19,30,3,2.581574e+09
19,30,5,2.806050e+06
19,30,1,2.058163e+09
19,30,2,2.058163e+09
19,30,3,2.058163e+09
19,30,5,2.058163e+09
19,30,1,2.421775e+09
19,30,2,2.421775e+09
19,30,3,2.421775e+09
19,30,5,1.711708e+09
19,30,1,4.980193e+09
19,30,2,4.980193e+09
19,30,3,4.980193e+09
19,30,5,4.980193e+09
19,30,1,3.189960e+09
19,30,2,3.189960e+09
19,30,3,3.189960e+09
19,30,5,6.881485e+06
19,30,1,5.536048e+09
19,30,2,5.536048e+09
19,30,3,5.536048e+09
19,30,5,2.369992e+07
19,30,1,3.712169e+09
19,30,2,3.712169e+09
19,30,3,3.712169e+09
19,30,5,6.185643e+08
19,30,1,4.699404e+08
19,30,2,4.699404e+08
19,30,3,4.699404e+08
19,30,5,4.699404e+08
19,30,1,5.767506e+08
19,30,2,5.767506e+08
19,30,3,5.767506e+08
19,30,5,5.767506e+08
19,30,1,5.632987e+09
19,30,2,5.632987e+09
19,30,3,2.093515e+09
19,30,5,5.828707e+05
19,30,1,2.096864e+09
19,30,2,2.096864e+09
19,30,3,2.096864e+09
19,30,5,2.096864e+09
19,30,1,3.435026e+09
19,30,2,3.435026e+09
19,30,3,3.435026e+09
19,30,5,3.435026e+09
19,30,1,1.378289e+09
19,30,2,1.378289e+09
19,30,3,1.378289e+09
19,30,5,1.378289e+09
19,30,1,2.153304e+10
19,30,2,1.970636e+09
19,30,3,5.062958e+08
19,30,5,9.048480e+07
19,30,1,2.949304e+09
19,30,2,2.949304e+09
19,30,3,2.949304e+09
19,30,5,2.949304e+09
19,30,1,5.108231e+09
19,30,2,5.108231e+09
19,30,3,5.108231e+09
19,30,5,5.108231e+09
19,30,1,1.365130e+09
19,30,2,1.365130e+09
19,30,3,1.365130e+09
19,30,5,1.365130e+09
19,30,1,2.747717e+08
19,30,2,2.747717e+08
19,30,3,2.747717e+08
19,30,5,2.747717e+08
19,30,1,6.006318e+09
19,30,2,6.006318e+09
19,30,3,6.006318e+09
19,30,5,6.006318e+09
19,30,1,6.182996e+09
19,30,2,3.706185e+09
19,30,3,3.474105e+09
19,30,5,3.962531e+07
19,30,1,4.646176e+09
19,30,2,4.646176e+09
19,30,3,3.703031e+09
19,30,5,3.703031e+09
19,30,1,2.685084e+09
19,30,2,2.685084e+09
19,30,3,2.685084e+09
19,30,5,2.685084e+09
19,30,1,2.016002e+08
19,30,2,2.016002e+08
19,30,3,2.016002e+08
19,30,5,2.016002e+08
19,30,1,2.600732e+09
19,30,2,2.600732e+09
19,30,3,2.600732e+09
19,30,5,2.600732e+09
19,30,1,1.121112e+09
19,30,2,1.121112e+09
19,30,3,1.121112e+09
19,30,5,1.985532e+07
19,30,1,5.164758e+08
19,30,2,5.164758e+08
19,30,3,5.164758e+08
19,30,5,5.164758e+08
19,30,1,1.009175e+09
19,30,2,1.009175e+09
19,30,3,1.009175e+09
19,30,5,1.009175e+09
19,30,1,1.439045e+09
19,30,2,1.439045e+09
19,30,3,1.439045e+09
19,30,5,2.180276e+07
19,30,1,1.980093e+09
19,30,2,1.980093e+09
19,30,3,1.980093e+09
19,30,5,1.980093e+09
19,30,1,4.161885e+09
19,30,2,4.161885e+09
19,30,3,4.161885e+09
19,30,5,4.161885e+09
19,30,1,2.270518e+09
19,30,2,2.270518e+09
19,30,3,2.270518e+09
19,30,5,2.270518e+09
19,30,1,8.913082e+09
19,30,2,8.913082e+09
19,30,3,8.913082e+09
19,30,5,8.913082e+09
19,30,1,4.847369e+09
19,30,2,4.847369e+09
19,30,3,4.847369e+09
19,30,5,4.847369e+09
19,30,1,1.299284e+10
19,30,2,1.299284e+10
19,30,3,1.299284e+10
19,30,5,2.141959e+08
19,30,1,1.032469e+09
19,30,2,1.032469e+09
19,30,3,1.032469e+09
19,30,5,1.634147e+07
19,30,1,4.089311e+09
19,30,2,4.089311e+09
19,30,3,4.089311e+09
19,30,5,9.565014e+07
19,30,1,6.703307e+09
19,30,2,6.703307e+09
19,30,3,6.703307e+09
19,30,5,6.703307e+09
19,30,1,7.316494e+09
19,30,2,7.316494e+09
19,30,3,7.316494e+09
19,30,5,7.316494e+09
19,30,1,3.835336e+08
19,30,2,3.835336e+08
19,30,3,3.835336e+08
19,30,5,3.835336e+08
19,30,1,9.059439e+09
19,30,2,9.059439e+09
19,30,3,9.059439e+09
19,30,5,9.059439e+09
19,30,1,2.809265e+09
19,30,2,2.809265e+09
19,30,3,2.809265e+09
19,30,5,2.809265e+09
19,30,1,5.698756e+08
19,30,2,5.698756e+08
19,30,3,5.698756e+08
19,30,5,5.698756e+08
19,30,1,4.331312e+09
19,30,2,4.331312e+09
19,30,3,4.331312e+09
19,30,5,8.318038e+06
19,30,1,1.113670e+09
19,30,2,1.113670e+09
19,30,3,1.113670e+09
19,30,5,1.113670e+09
19,30,1,3.626310e+09
19,30,2,3.626310e+09
19,30,3,3.626310e+09
19,30,5,3.824914e+06
19,30,1,1.744192e+09
19,30,2,1.744192e+09
19,30,3,1.744192e+09
19,30,5,1.744192e+09
19,30,1,7.872853e+08
19,30,2,7.872853e+08
19,30,3,7.872853e+08
19,30,5,7.872853e+08
19,30,10,7.872853e+08
19,30,20,7.872853e+08
19,30,30,7.872853e+08
19,30,40,7.872853e+08
19,30,50,7.872853e+08
19,30,1,1.258390e+09
19,30,2,3.642730e+08
19,30,3,2.937669e+08
19,30,5,2.937669e+08
19,30,10,2.937669e+08
19,30,20,2.937669e+08
19,30,30,2.937669e+08
19,30,40,2.937669e+08
19,30,50,2.937669e+08
19,30,1,3.652371e+09
19,30,2,3.652371e+09
19,30,3,3.652371e+09
19,30,5,3.652371e+09
19,30,10,3.652371e+09
19,30,20,3.652371e+09
19,30,30,3.652371e+09
19,30,40,3.495478e+09
19,30,50,1.360299e+06
19,30,1,6.426011e+09
19,30,2,6.426011e+09
19,30,3,6.426011e+09
19,30,5,6.426011e+09
19,30,10,6.426011e+09
19,30,20,6.426011e+09
19,30,30,6.426011e+09
19,30,40,2.779166e+07
19,30,50,5.805196e+06
19,30,1,1.048275e+10
19,30,2,1.048275e+10
19,30,3,1.048275e+10
19,30,5,1.048275e+10
19,30,10,7.761368e+09
19,30,20,7.761368e+09
19,30,30,3.548313e+09
19,30,40,7.409819e+08
19,30,50,6.163800e+06
19,30,1,6.894174e+09
19,30,2,6.894174e+09
19,30,3,6.894174e+09
19,30,5,4.898210e+09
19,30,10,1.622561e+09
19,30,20,1.622561e+09
19,30,30,5.480302e+08
19,30,40,4.604362e+07
19,30,50,2.188932e+07
19,30,1,5.497335e+09
19,30,2,5.497335e+09
19,30,3,5.497335e+09
19,30,5,2.351339e+09
19,30,10,1.889128e+09
19,30,20,1.889128e+09
19,30,30,1.889128e+09
19,30,40,1.889128e+09
19,30,50,1.889128e+09
19,30,1,8.127347e+09
19,30,2,8.127347e+09
19,30,3,8.127347e+09
19,30,5,8.127347e+09
19,30,10,8.127347e+09
19,30,20,8.127347e+09
19,30,30,8.127347e+09
19,30,40,8.127347e+09
19,30,50,8.127347e+09
19,30,1,1.508982e+10
19,30,2,1.654170e+09
19,30,3,1.654170e+09
19,30,5,1.263624e+09
19,30,10,1.263624e+09
19,30,20,1.263624e+09
19,30,30,1.263624e+09
19,30,40,2.546424e+08
19,30,50,6.535225e+06
19,30,1,5.045050e+09
19,30,2,5.037021e+09
19,30,3,5.037021e+09
19,30,5,5.037021e+09
19,30,10,5.037021e+09
19,30,20,5.037021e+09
19,30,30,5.037021e+09
19,30,40,5.037021e+09
19,30,50,5.037021e+09
19,30,1,4.074646e+09
19,30,2,4.074646e+09
19,30,3,4.074646e+09
19,30,5,4.074646e+09
19,30,10,4.074646e+09
19,30,20,4.074646e+09
19,30,30,4.074646e+09
19,30,40,4.074646e+09
19,30,50,4.074646e+09
19,30,1,1.069888e+10
19,30,2,5.348087e+09
19,30,3,5.348087e+09
19,30,5,5.348087e+09
19,30,10,5.348087e+09
19,30,20,5.348087e+09
19,30,30,5.348087e+09
19,30,40,4.861185e+09
19,30,50,3.639343e+06
19,30,1,7.661882e+09
19,30,2,7.661882e+09
19,30,3,5.488968e+09
19,30,5,3.997581e+09
19,30,10,2.691026e+09
19,30,20,2.691026e+09
19,30,30,9.340409e+07
19,30,40,9.340409e+07
19,30,50,9.340409e+07
19,30,1,6.981082e+09
19,30,2,2.158664e+09
19,30,3,2.158664e+09
19,30,5,2.158664e+09
19,30,10,2.158664e+09
19,30,20,2.158664e+09
19,30,30,2.158664e+09
19,30,40,2.158664e+09
19,30,50,2.158664e+09
19,30,1,1.608878e+09
19,30,2,4.728760e+08
19,30,3,4.728760e+08
19,30,5,4.728760e+08
19,30,10,4.728760e+08
19,30,20,4.728760e+08
19,30,30,4.728760e+08
19,30,40,4.728760e+08
19,30,50,4.728760e+08
19,30,1,3.801656e+09
19,30,2,3.652635e+09
19,30,3,3.652635e+09
19,30,5,3.652635e+09
19,30,10,3.652635e+09
19,30,20,1.812978e+09
19,30,30,1.812978e+09
19,30,40,1.063738e+09
19,30,50,2.146664e+06
19,30,1,3.044520e+09
19,30,2,3.044520e+09
19,30,3,3.044520e+09
19,30,5,3.044520e+09
19,30,10,2.804101e+09
19,30,20,2.804101e+09
19,30,30,1.423238e+08
19,30,40,8.684762e+07
19,30,50,1.428828e+07
19,30,1,4.404940e+09
19,30,2,4.404940e+09
19,30,3,4.404940e+09
19,30,5,4.404940e+09
19,30,10,4.404940e+09
19,30,20,4.404940e+09
19,30,30,4.404940e+09
19,30,40,4.404940e+09
19,30,50,4.404940e+09
19,30,1,1.254719e+10
19,30,2,1.702984e+09
19,30,3,1.702984e+09
19,30,5,1.702984e+09
19,30,10,1.702984e+09
19,30,20,1.702984e+09
19,30,30,1.702984e+09
19,30,40,1.702984e+09
19,30,50,1.702984e+09
19,30,1,3.151029e+09
19,30,2,3.151029e+09
19,30,3,3.151029e+09
19,30,5,3.151029e+09
19,30,10,3.151029e+09
19,30,20,3.151029e+09
19,30,30,3.151029e+09
19,30,40,3.151029e+09
19,30,50,1.842160e+06
19,30,1,5.790118e+08
19,30,2,5.790118e+08
19,30,3,5.790118e+08
19,30,5,5.790118e+08
19,30,10,5.790118e+08
19,30,20,5.790118e+08
19,30,30,5.790118e+08
19,30,40,5.790118e+08
19,30,50,5.790118e+08
19,30,1,3.624957e+09
19,30,2,3.624957e+09
19,30,3,1.748094e+09
19,30,5,1.748094e+09
19,30,10,1.651743e+09
19,30,20,1.651743e+09
19,30,30,1.651743e+09
19,30,40,1.651743e+09
19,30,50,5.373961e+06
19,30,1,1.020027e+10
19,30,2,1.020027e+10
19,30,3,1.020027e+10
19,30,5,1.020027e+10
19,30,10,1.020027e+10
19,30,20,1.020027e+10
19,30,30,1.020027e+10
19,30,40,1.020027e+10
19,30,50,1.020027e+10
19,30,1,8.305562e+09
19,30,2,2.588295e+09
19,30,3,2.588295e+09
19,30,5,2.588295e+09
19,30,10,2.588295e+09
19,30,20,2.588295e+09
19,30,30,2.588295e+09
19,30,40,7.444876e+06
19,30,50,1.305118e+06
19,30,1,6.431754e+09
19,30,2,6.431754e+09
19,30,3,6.431754e+09
19,30,5,6.431754e+09
19,30,10,6.431754e+09
19,30,20,6.431754e+09
19,30,30,2.809057e+09
19,30,40,3.650363e+07
19,30,50,8.420673e+06
19,30,1,7.183929e+09
19,30,2,7.183929e+09
19,30,3,7.183929e+09
19,30,5,7.183929e+09
19,30,10,7.183929e+09
19,30,20,7.183929e+09
19,30,30,7.183929e+09
19,30,40,7.183929e+09
19,30,50,7.183929e+09
19,30,1,5.654630e+09
19,30,2,5.654630e+09
19,30,3,5.654630e+09
19,30,5,5.654630e+09
19,30,10,5.654630e+09
19,30,20,5.654630e+09
19,30,30,2.114003e+09
19,30,40,1.053183e+08
19,30,50,5.711991e+06
19,30,1,4.162087e+09
19,30,2,4.162087e+09
19,30,3,4.162087e+09
19,30,5,4.162087e+09
19,30,10,4.162087e+09
19,30,20,4.162087e+09
19,30,30,4.162087e+09
19,30,40,1.465675e+06
19,30,50,8.377323e+05
19,30,1,1.680811e+09
19,30,2,1.084206e+09
19,30,3,1.084206e+09
19,30,5,1.084206e+09
19,30,10,1.084206e+09
19,30,20,1.084206e+09
19,30,30,1.084206e+09
19,30,40,1.084206e+09
19,30,50,1.084206e+09
19,30,1,1.186591e+09
19,30,2,1.186591e+09
19,30,3,1.186591e+09
19,30,5,1.186591e+09
19,30,10,1.186591e+09
19,30,20,1.186591e+09
19,30,30,1.186591e+09
19,30,40,1.186591e+09
19,30,50,1.186591e+09
19,30,1,2.263492e+09
19,30,2,2.263492e+09
19,30,3,2.263492e+09
19,30,5,2.263492e+09
19,30,10,2.263492e+09
19,30,20,2.263492e+09
19,30,30,2.263492e+09
19,30,40,2.263492e+09
19,30,50,2.263492e+09
19,30,1,1.132220e+09
19,30,2,1.132220e+09
19,30,3,1.132220e+09
19,30,5,1.132220e+09
19,30,10,1.132220e+09
19,30,20,1.132220e+09
19,30,30,1.132220e+09
19,30,40,1.132220e+09
19,30,50,1.132220e+09
19,30,1,1.393432e+10
19,30,2,1.273116e+10
19,30,3,2.253057e+09
19,30,5,2.253057e+09
19,30,10,2.253057e+09
19,30,20,2.253057e+09
19,30,30,2.253057e+09
19,30,40,2.253057e+09
19,30,50,2.253057e+09
19,30,1,2.425238e+10
19,30,2,3.256512e+09
19,30,3,1.784910e+09
19,30,5,1.784910e+09
19,30,10,1.784910e+09
19,30,20,1.784910e+09
19,30,30,1.784910e+09
19,30,40,2.406213e+06
19,30,50,1.195964e+06
19,30,1,3.589515e+09
19,30,2,3.573151e+09
19,30,3,3.573151e+09
19,30,5,3.573151e+09
19,30,10,3.573151e+09
19,30,20,3.573151e+09
19,30,30,3.573151e+09
19,30,40,2.658031e+06
19,30,50,2.658031e+06
19,30,1,1.063036e+10
19,30,2,6.782378e+09
19,30,3,6.782378e+09
19,30,5,6.782378e+09
19,30,10,6.782378e+09
19,30,20,6.782378e+09
19,30,30,6.782378e+09
19,30,40,6.782378e+09
19,30,50,6.782378e+09
19,30,1,2.106490e+09
19,30,2,2.106490e+09
19,30,3,2.106490e+09
19,30,5,2.106490e+09
19,30,10,2.106490e+09
19,30,20,2.106490e+09
19,30,30,2.106490e+09
19,30,40,2.106490e+09
19,30,50,2.106490e+09
19,30,1,1.456852e+10
19,30,2,5.107923e+09
19,30,3,2.810042e+09
19,30,5,2.810042e+09
19,30,10,2.235706e+09
19,30,20,2.235706e+09
19,30,30,2.235706e+09
19,30,40,2.235706e+09
19,30,50,2.235706e+09
19,30,1,7.187691e+09
19,30,2,7.187691e+09
19,30,3,7.187691e+09
19,30,5,7.187691e+09
19,30,10,7.187691e+09
19,30,20,3.386092e+09
19,30,30,1.853386e+08
19,30,40,1.853386e+08
19,30,50,1.476112e+06
19,30,1,6.361513e+09
19,30,2,6.361513e+09
19,30,3,6.361513e+09
19,30,5,6.361513e+09
19,30,10,6.361513e+09
19,30,20,6.361513e+09
19,30,30,6.361513e+09
19,30,40,6.361513e+09
19,30,50,6.361513e+09
19,30,1,7.222692e+09
19,30,2,7.222692e+09
19,30,3,7.222692e+09
19,30,5,3.968820e+09
19,30,10,3.968820e+09
19,30,20,3.968820e+09
19,30,30,3.968820e+09
19,30,40,3.968820e+09
19,30,50,3.968820e+09
19,30,1,1.058103e+10
19,30,2,4.113768e+09
19,30,3,4.113768e+09
19,30,5,4.025707e+09
19,30,10,2.991109e+09
19,30,20,2.621300e+09
19,30,30,2.621300e+09
19,30,40,2.620893e+06
19,30,50,1.987391e+06
19,30,1,1.089948e+10
19,30,2,1.089948e+10
19,30,3,1.089948e+10
19,30,5,1.089948e+10
19,30,10,1.089948e+10
19,30,20,1.089948e+10
19,30,30,1.089948e+10
19,30,40,1.089948e+10
19,30,50,1.089948e+10
19,30,1,4.533016e+09
19,30,2,4.533016e+09
19,30,3,4.533016e+09
19,30,5,1.540084e+09
19,30,10,1.540084e+09
19,30,20,1.540084e+09
19,30,30,1.540084e+09
19,30,40,1.540084e+09
19,30,50,3.422121e+07
19,30,1,2.709458e+09
19,30,2,2.709458e+09
19,30,3,2.709458e+09
19,30,5,2.709458e+09
19,30,10,2.709458e+09
19,30,20,2.709458e+09
19,30,30,2.709458e+09
19,30,40,2.709458e+09
19,30,50,1.414530e+07
19,30,1,1.989256e+08
19,30,2,1.989256e+08
19,30,3,1.989256e+08
19,30,5,1.989256e+08
19,30,10,1.989256e+08
19,30,20,1.989256e+08
19,30,30,1.989256e+08
19,30,40,1.989256e+08
19,30,50,1.989256e+08
19,30,1,6.933911e+09
19,30,2,4.287412e+09
19,30,3,4.287412e+09
19,30,5,4.287412e+09
19,30,10,4.287412e+09
19,30,20,4.287412e+09
19,30,30,4.287412e+09
19,30,40,1.038122e+07
19,30,50,1.038122e+07
19,30,1,8.590830e+08
19,30,2,8.590830e+08
19,30,3,8.590830e+08
19,30,5,8.590830e+08
19,30,10,8.590830e+08
19,30,20,8.590830e+08
19,30,30,8.590830e+08
19,30,40,8.590830e+08
19,30,50,1.331894e+07
19,30,1,3.092615e+09
19,30,2,3.092615e+09
19,30,3,2.593548e+09
19,30,5,2.156912e+09
19,30,10,2.156912e+09
19,30,20,2.156912e+09
19,30,30,2.156912e+09
19,30,40,1.742830e+07
19,30,50,1.742830e+07
19,30,1,1.542062e+10
19,30,2,1.542062e+10
19,30,3,1.542062e+10
19,30,5,1.542062e+10
19,30,10,1.542062e+10
19,30,20,7.189523e+09
19,30,30,3.360583e+08
19,30,40,1.395876e+07
19,30,50,7.479321e+06
19,30,1,2.858551e+09
19,30,2,2.858551e+09
19,30,3,2.858551e+09
19,30,5,2.858551e+09
19,30,10,2.858551e+09
19,30,20,2.858551e+09
19,30,30,2.858551e+09
19,30,40,2.858551e+09
19,30,50,2.858551e+09
19,30,1,4.446146e+09
19,30,2,4.446146e+09
19,30,3,4.446146e+09
19,30,5,4.446146e+09
19,30,1,1.080322e+09
19,30,2,1.080322e+09
19,30,3,1.080322e+09
19,30,5,1.080322e+09
19,30,1,2.183562e+09
19,30,2,2.183562e+09
19,30,3,2.183562e+09
19,30,5,2.963629e+07
19,30,1,4.573009e+08
19,30,2,4.573009e+08
19,30,3,4.573009e+08
19,30,5,4.573009e+08
19,30,1,1.662017e+09
19,30,2,1.662017e+09
19,30,3,1.662017e+09
19,30,5,1.662017e+09
19,30,1,3.048446e+09
19,30,2,3.048446e+09
19,30,3,3.048446e+09
19,30,5,1.640566e+09
19,30,1,9.994565e+08
19,30,2,9.994565e+08
19,30,3,9.994565e+08
19,30,5,9.994565e+08
19,30,1,4.387206e+09
19,30,2,2.582122e+09
19,30,3,2.582122e+09
19,30,5,2.582122e+09
19,30,1,3.980448e+09
19,30,2,3.980448e+09
19,30,3,3.980448e+09
19,30,5,3.980448e+09
19,30,1,1.181757e+10
19,30,2,1.181757e+10
19,30,3,1.181757e+10
19,30,5,1.181757e+10
19,30,1,1.800165e+10
19,30,2,1.800165e+10
19,30,3,1.800165e+10
19,30,5,8.472054e+06
19,30,1,3.476865e+09
19,30,2,3.476865e+09
19,30,3,3.476865e+09
19,30,5,1.482711e+07
19,30,1,1.270996e+09
19,30,2,1.270996e+09
19,30,3,1.270996e+09
19,30,5,8.223735e+07
19,30,1,2.502030e+09
19,30,2,2.502030e+09
19,30,3,2.502030e+09
19,30,5,2.502030e+09
19,30,1,7.081785e+09
19,30,2,7.081785e+09
19,30,3,7.081785e+09
19,30,5,7.081785e+09
19,30,1,2.726384e+09
19,30,2,2.726384e+09
19,30,3,8.030059e+08
19,30,5,8.030059e+08
19,30,1,3.209866e+09
19,30,2,3.209866e+09
19,30,3,3.209866e+09
19,30,5,1.038358e+09
19,30,1,2.053968e+09
19,30,2,2.053968e+09
19,30,3,2.053968e+09
19,30,5,2.053968e+09
19,30,1,5.416752e+09
19,30,2,5.416752e+09
19,30,3,5.416752e+09
19,30,5,5.416752e+09
19,30,1,2.376650e+09
19,30,2,2.376650e+09
19,30,3,2.376650e+09
19,30,5,2.376650e+09
19,30,1,2.284966e+09
19,30,2,2.284966e+09
19,30,3,2.284966e+09
19,30,5,2.284966e+09
19,30,1,1.073234e+10
19,30,2,1.073234e+10
19,30,3,3.516552e+09
19,30,5,5.631962e+08
19,30,1,1.351687e+09
19,30,2,1.351687e+09
19,30,3,1.351687e+09
19,30,5,1.341975e+08
19,30,1,3.589800e+09
19,30,2,3.482814e+09
19,30,3,3.482814e+09
19,30,5,3.482814e+09
19,30,1,2.092420e+09
19,30,2,2.092420e+09
19,30,3,1.625546e+09
19,30,5,1.625546e+09
19,30,1,7.925475e+09
19,30,2,7.925475e+09
19,30,3,7.925475e+09
19,30,5,7.925475e+09
19,30,1,1.064239e+10
19,30,2,5.961699e+08
19,30,3,5.961699e+08
19,30,5,5.961699e+08
19,30,1,4.581377e+09
19,30,2,4.581377e+09
19,30,3,1.840239e+09
19,30,5,7.354046e+08
19,30,1,2.190192e+09
19,30,2,2.190192e+09
19,30,3,1.306333e+09
19,30,5,1.306333e+09
19,30,1,4.946308e+09
19,30,2,4.946308e+09
19,30,3,4.946308e+09
19,30,5,4.946308e+09
19,30,1,5.830705e+09
19,30,2,5.830705e+09
19,30,3,5.830705e+09
19,30,5,3.122427e+07
19,30,1,1.181384e+10
19,30,2,1.181384e+10
19,30,3,1.181384e+10
19,30,5,1.181384e+10
19,30,1,1.703621e+09
19,30,2,1.703621e+09
19,30,3,1.703621e+09
19,30,5,1.703621e+09
19,30,1,5.698350e+08
19,30,2,5.698350e+08
19,30,3,5.698350e+08
19,30,5,5.698350e+08
19,30,1,3.709667e+09
19,30,2,3.709667e+09
19,30,3,3.709667e+09
19,30,5,3.709667e+09
19,30,1,7.429641e+09
19,30,2,7.429641e+09
19,30,3,7.429641e+09
19,30,5,4.171755e+08
19,30,1,6.867507e+09
19,30,2,6.867507e+09
19,30,3,6.867507e+09
19,30,5,6.867507e+09
19,30,1,1.437558e+09
19,30,2,1.437558e+09
19,30,3,1.437558e+09
19,30,5,1.437558e+09
19,30,1,3.616169e+09
19,30,2,3.616169e+09
19,30,3,3.616169e+09
19,30,5,3.616169e+09
19,30,1,2.278380e+09
19,30,2,2.278380e+09
19,30,3,2.278380e+09
19,30,5,2.278380e+09
19,30,1,9.878450e+08
19,30,2,9.878450e+08
19,30,3,9.878450e+08
19,30,5,3.710943e+06
19,30,1,3.929177e+09
19,30,2,3.929177e+09
19,30,3,3.929177e+09
19,30,5,2.188466e+07
19,30,1,1.206688e+09
19,30,2,1.206688e+09
19,30,3,1.206688e+09
19,30,5,1.206688e+09
19,30,1,4.325559e+09
19,30,2,4.325559e+09
19,30,3,4.325559e+09
19,30,5,2.421732e+09
19,30,1,8.665810e+09
19,30,2,6.355068e+09
19,30,3,6.355068e+09
19,30,5,2.779633e+07
19,30,1,1.180158e+10
19,30,2,1.180158e+10
19,30,3,1.762834e+08
19,30,5,1.762834e+08
19,30,1,2.019611e+09
19,30,2,2.019611e+09
19,30,3,2.019611e+09
19,30,5,2.019611e+09
19,30,1,2.026709e+09
19,30,2,2.026709e+09
19,30,3,2.026709e+09
19,30,5,2.026709e+09
19,30,1,9.257197e+09
19,30,2,9.257197e+09
19,30,3,9.257197e+09
19,30,5,3.990977e+08
19,30,1,1.498322e+10
19,30,2,1.498322e+10
19,30,3,1.498322e+10
19,30,5,1.498322e+10
19,30,1,5.887745e+09
19,30,2,5.887745e+09
19,30,3,5.887745e+09
19,30,5,5.887745e+09
19,30,1,2.636678e+09
19,30,2,2.636678e+09
19,30,3,2.636678e+09
19,30,5,2.636678e+09
19,30,1,6.407478e+09
19,30,2,6.407478e+09
19,30,3,6.407478e+09
19,30,5,6.407478e+09
19,30,1,3.229708e+08
19,30,2,3.229708e+08
19,30,3,3.229708e+08
19,30,5,3.229708e+08
19,30,1,1.165134e+09
19,30,2,1.165134e+09
19,30,3,1.165134e+09
19,30,5,1.165134e+09
19,30,1,2.735716e+09
19,30,2,2.735716e+09
19,30,3,2.735716e+09
19,30,5,2.735716e+09
19,30,1,4.196272e+09
19,30,2,4.196272e+09
19,30,3,4.196272e+09
19,30,5,4.196272e+09
19,30,1,2.872289e+09
19,30,2,2.872289e+09
19,30,3,2.872289e+09
19,30,5,2.872289e+09
19,30,1,8.621508e+08
19,30,2,8.621508e+08
19,30,3,8.621508e+08
19,30,5,8.621508e+08
19,30,1,1.067504e+09
19,30,2,1.067504e+09
19,30,3,1.067504e+09
19,30,5,1.067504e+09
19,30,1,3.878308e+09
19,30,2,3.878308e+09
19,30,3,3.878308e+09
19,30,5,3.878308e+09
19,30,1,4.940838e+09
19,30,2,4.940838e+09
19,30,3,4.940838e+09
19,30,5,1.422250e+07
19,30,1,1.754684e+09
19,30,2,1.754684e+09
19,30,3,1.754684e+09
19,30,5,1.754684e+09
19,30,1,6.767469e+09
19,30,2,6.767469e+09
19,30,3,6.767469e+09
19,30,5,3.457238e+07
19,30,1,3.214817e+09
19,30,2,3.214817e+09
19,30,3,3.214817e+09
19,30,5,3.214817e+09
19,30,1,1.272669e+09
19,30,2,1.272669e+09
19,30,3,1.272669e+09
19,30,5,1.100961e+07
19,30,1,1.080520e+10
19,30,2,1.080520e+10
19,30,3,1.080520e+10
19,30,5,1.080520e+10
19,30,1,1.459022e+09
19,30,2,1.459022e+09
19,30,3,1.459022e+09
19,30,5,1.143306e+08
19,30,1,4.917409e+08
19,30,2,4.917409e+08
19,30,3,4.917409e+08
19,30,5,4.917409e+08
19,30,1,1.272108e+10
19,30,2,1.272108e+10
19,30,3,1.272108e+10
19,30,5,1.272108e+10
19,30,1,3.667832e+09
19,30,2,3.667832e+09
19,30,3,3.667832e+09
19,30,5,3.667832e+09
19,30,1,1.248735e+09
19,30,2,1.248735e+09
19,30,3,1.248735e+09
19,30,5,5.244865e+07
19,30,1,1.367247e+10
19,30,2,1.367247e+10
19,30,3,1.367247e+10
19,30,5,2.352634e+07
19,30,1,3.101934e+08
19,30,2,3.101934e+08
19,30,3,3.101934e+08
19,30,5,3.101934e+08
19,30,1,4.164426e+09
19,30,2,4.164426e+09
19,30,3,4.164426e+09
19,30,5,4.164426e+09
19,30,1,8.565694e+08
19,30,2,8.565694e+08
19,30,3,8.565694e+08
19,30,5,8.565694e+08
19,30,1,2.635366e+09
19,30,2,2.635366e+09
19,30,3,2.635366e+09
19,30,5,2.635366e+09
19,30,1,3.162347e+09
19,30,2,3.162347e+09
19,30,3,3.162347e+09
19,30,5,4.955977e+07
19,30,1,1.388850e+09
19,30,2,1.388850e+09
19,30,3,1.388850e+09
19,30,5,1.388850e+09
19,30,1,2.095907e+09
19,30,2,2.095907e+09
19,30,3,2.095907e+09
19,30,5,2.095907e+09
19,30,1,5.545109e+08
19,30,2,5.545109e+08
19,30,3,5.545109e+08
19,30,5,2.814604e+08
19,30,1,1.286004e+09
19,30,2,1.286004e+09
19,30,3,1.286004e+09
19,30,5,1.286004e+09
19,30,1,1.123073e+10
19,30,2,1.123073e+10
19,30,3,1.123073e+10
19,30,5,1.123073e+10
19,30,1,2.216338e+08
19,30,2,2.216338e+08
19,30,3,2.216338e+08
19,30,5,2.216338e+08
19,30,1,4.458207e+09
19,30,2,4.458207e+09
19,30,3,4.458207e+09
19,30,5,4.458207e+09
19,30,1,1.245071e+10
19,30,2,1.245071e+10
19,30,3,1.245071e+10
19,30,5,1.245071e+10
19,30,1,6.265152e+08
19,30,2,6.265152e+08
19,30,3,6.265152e+08
19,30,5,6.265152e+08
19,30,1,1.093416e+09
19,30,2,1.093416e+09
19,30,3,1.093416e+09
19,30,5,1.093416e+09
19,30,1,8.118126e+08
19,30,2,8.118126e+08
19,30,3,8.118126e+08
19,30,5,8.118126e+08
19,30,1,4.267888e+09
19,30,2,4.267888e+09
19,30,3,4.267888e+09
19,30,5,4.267888e+09
19,30,1,1.306181e+09
19,30,2,1.306181e+09
19,30,3,1.306181e+09
19,30,5,1.306181e+09
19,30,1,1.967958e+09
19,30,2,1.967958e+09
19,30,3,1.967958e+09
19,30,5,1.967958e+09
19,30,1,1.767624e+10
19,30,2,1.767624e+10
19,30,3,1.767624e+10
19,30,5,6.333194e+06
19,30,1,1.548437e+09
19,30,2,1.548437e+09
19,30,3,1.548437e+09
19,30,5,1.548437e+09
19,30,1,1.555968e+09
19,30,2,1.555968e+09
19,30,3,1.555968e+09
19,30,5,1.555968e+09
19,30,1,2.247754e+09
19,30,2,2.247754e+09
19,30,3,2.247754e+09
19,30,5,5.820583e+06
19,30,1,3.346072e+09
19,30,2,3.346072e+09
19,30,3,3.346072e+09
19,30,5,3.346072e+09
19,30,1,1.544210e+09
19,30,2,1.544210e+09
19,30,3,1.544210e+09
19,30,5,4.934756e+08
19,30,1,3.266943e+09
19,30,2,3.266943e+09
19,30,3,3.266943e+09
19,30,5,3.426841e+06
19,30,1,3.643139e+09
19,30,2,3.643139e+09
19,30,3,3.643139e+09
19,30,5,3.865438e+07
19,30,1,3.988139e+09
19,30,2,3.988139e+09
19,30,3,3.988139e+09
19,30,5,3.988139e+09
19,30,1,1.194313e+10
19,30,2,1.194313e+10
19,30,3,1.194313e+10
19,30,5,1.194313e+10
19,30,1,2.578557e+09
19,30,2,2.578557e+09
19,30,3,2.578557e+09
19,30,5,2.578557e+09
19,30,1,4.730438e+09
19,30,2,4.730438e+09
19,30,3,4.730438e+09
19,30,5,1.331247e+09
19,30,1,8.050494e+09
19,30,2,4.534405e+09
19,30,3,7.746688e+08
19,30,5,7.746688e+08
19,30,1,4.173842e+09
19,30,2,4.173842e+09
19,30,3,4.173842e+09
19,30,5,1.463467e+08
19,30,1,6.158181e+09
19,30,2,5.416495e+09
19,30,3,5.416495e+09
19,30,5,4.060644e+08
19,30,1,5.678830e+09
19,30,2,5.678830e+09
19,30,3,5.678830e+09
19,30,5,5.678830e+09
19,30,1,2.993689e+09
19,30,2,2.993689e+09
19,30,3,2.993689e+09
19,30,5,4.201553e+07
19,30,1,4.213644e+09
19,30,2,4.213644e+09
19,30,3,4.213644e+09
19,30,5,4.213644e+09
19,30,1,2.397219e+09
19,30,2,2.397219e+09
19,30,3,2.397219e+09
19,30,5,2.397219e+09
19,30,1,5.578565e+09
19,30,2,5.578565e+09
19,30,3,5.578565e+09
19,30,5,6.882261e+07
19,30,1,2.252618e+09
19,30,2,2.252618e+09
19,30,3,2.252618e+09
19,30,5,7.367450e+08
19,30,1,8.522983e+08
19,30,2,8.522983e+08
19,30,3,8.522983e+08
19,30,5,8.522983e+08
19,30,1,5.496875e+09
19,30,2,5.496875e+09
19,30,3,5.496875e+09
19,30,5,5.496875e+09
19,30,1,3.418861e+09
19,30,2,3.418861e+09
19,30,3,3.418861e+09
19,30,5,3.418861e+09
19,30,1,9.035282e+08
19,30,2,9.035282e+08
19,30,3,9.035282e+08
19,30,5,9.035282e+08
19,30,1,6.470733e+09
19,30,2,6.470733e+09
19,30,3,6.470733e+09
19,30,5,6.470733e+09
19,30,1,4.222596e+09
19,30,2,4.222596e+09
19,30,3,4.222596e+09
19,30,5,4.060280e+08
19,30,1,3.934988e+09
19,30,2,3.934988e+09
19,30,3,3.934988e+09
19,30,5,3.934988e+09
19,30,1,3.426345e+09
19,30,2,3.426345e+09
19,30,3,3.426345e+09
19,30,5,3.426345e+09
19,30,1,2.167275e+09
19,30,2,2.167275e+09
19,30,3,2.167275e+09
19,30,5,2.167275e+09
19,30,1,1.254860e+09
19,30,2,1.254860e+09
19,30,3,1.254860e+09
19,30,5,2.060521e+07
19,30,1,4.126114e+09
19,30,2,4.126114e+09
19,30,3,4.126114e+09
19,30,5,4.126114e+09
19,30,1,1.451981e+09
19,30,2,1.313307e+09
19,30,3,1.313307e+09
19,30,5,1.313307e+09
19,30,1,4.305072e+09
19,30,2,1.480591e+09
19,30,3,1.480591e+09
19,30,5,1.480591e+09
19,30,1,1.418490e+09
19,30,2,1.418490e+09
19,30,3,1.418490e+09
19,30,5,6.596373e+07
19,30,1,1.103399e+10
19,30,2,1.103399e+10
19,30,3,1.103399e+10
19,30,5,1.103399e+10
19,30,1,6.187795e+09
19,30,2,6.187795e+09
19,30,3,6.187795e+09
19,30,5,6.187795e+09
19,30,1,6.779757e+09
19,30,2,6.779757e+09
19,30,3,6.779757e+09
19,30,5,5.257331e+06
19,30,1,4.214461e+09
19,30,2,4.214461e+09
19,30,3,4.214461e+09
19,30,5,4.214461e+09
19,30,1,3.406380e+09
19,30,2,2.767571e+09
19,30,3,2.767571e+09
19,30,5,2.767571e+09
19,30,1,6.091796e+09
19,30,2,6.091796e+09
19,30,3,6.091796e+09
19,30,5,6.091796e+09
19,30,1,3.587799e+08
19,30,2,3.587799e+08
19,30,3,3.587799e+08
19,30,5,3.587799e+08
19,30,1,1.154337e+09
19,30,2,1.154337e+09
19,30,3,1.154337e+09
19,30,5,2.651427e+06
19,30,1,3.313696e+09
19,30,2,3.313696e+09
19,30,3,3.313696e+09
19,30,5,3.313696e+09
19,30,1,4.956782e+09
19,30,2,4.956782e+09
19,30,3,4.956782e+09
19,30,5,1.184551e+07
19,30,1,1.200979e+09
19,30,2,1.200979e+09
19,30,3,1.200979e+09
19,30,5,1.200979e+09
19,30,1,5.772072e+09
19,30,2,5.772072e+09
19,30,3,5.772072e+09
19,30,5,1.631801e+08
19,30,1,1.443372e+09
19,30,2,1.443372e+09
19,30,3,1.443372e+09
19,30,5,1.443372e+09
19,30,1,3.338026e+09
19,30,2,3.338026e+09
19,30,3,3.338026e+09
19,30,5,3.338026e+09
19,30,1,2.161187e+09
19,30,2,2.161187e+09
19,30,3,2.161187e+09
19,30,5,2.161187e+09
19,30,1,1.867569e+09
19,30,2,1.867569e+09
19,30,3,1.867569e+09
19,30,5,1.867569e+09
19,30,1,1.594276e+08
19,30,2,1.594276e+08
19,30,3,1.594276e+08
19,30,5,1.594276e+08
19,30,1,8.465076e+08
19,30,2,8.465076e+08
19,30,3,8.465076e+08
19,30,5,8.465076e+08
19,30,1,1.889660e+08
19,30,2,1.889660e+08
19,30,3,1.889660e+08
19,30,5,1.889660e+08
19,30,1,3.364027e+09
19,30,2,3.364027e+09
19,30,3,3.364027e+09
19,30,5,2.433110e+06
19,30,1,3.735662e+09
19,30,2,3.735662e+09
19,30,3,3.735662e+09
19,30,5,3.735662e+09
19,30,1,5.443953e+09
19,30,2,5.443953e+09
19,30,3,5.443953e+09
19,30,5,5.059525e+09
19,30,1,1.383455e+10
19,30,2,1.383455e+10
19,30,3,3.663175e+09
19,30,5,6.312939e+07
19,30,1,1.326802e+09
19,30,2,1.326802e+09
19,30,3,1.326802e+09
19,30,5,1.326802e+09
19,30,1,2.783868e+09
19,30,2,2.783868e+09
19,30,3,2.783868e+09
19,30,5,2.783868e+09
19,30,1,2.959073e+09
19,30,2,1.535133e+09
19,30,3,1.535133e+09
19,30,5,1.535133e+09
19,30,1,3.203308e+09
19,30,2,3.203308e+09
19,30,3,3.203308e+09
19,30,5,1.900873e+07
19,30,1,3.391146e+09
19,30,2,3.008966e+09
19,30,3,3.008966e+09
19,30,5,1.444491e+07
19,30,1,3.252009e+09
19,30,2,2.208181e+09
19,30,3,2.208181e+09
19,30,5,1.429389e+09
19,30,1,2.362865e+09
19,30,2,2.362865e+09
19,30,3,2.362865e+09
19,30,5,2.509101e+07
19,30,1,1.369816e+09
19,30,2,9.367137e+08
19,30,3,9.367137e+08
19,30,5,9.367137e+08
19,30,1,2.591398e+09
19,30,2,2.591398e+09
19,30,3,2.591398e+09
19,30,5,4.046953e+07
19,30,1,1.275981e+08
19,30,2,1.275981e+08
19,30,3,1.275981e+08
19,30,5,1.275981e+08
19,30,1,1.830780e+09
19,30,2,1.830780e+09
19,30,3,1.830780e+09
19,30,5,1.156687e+09
19,30,1,1.455058e+09
19,30,2,1.455058e+09
19,30,3,1.455058e+09
19,30,5,1.455058e+09
19,30,1,4.939977e+08
19,30,2,4.939977e+08
19,30,3,4.939977e+08
19,30,5,4.939977e+08
19,30,1,1.753501e+08
19,30,2,1.753501e+08
19,30,3,1.753501e+08
19,30,5,1.753501e+08
19,30,1,3.389663e+09
19,30,2,3.389663e+09
19,30,3,3.389663e+09
19,30,5,4.302534e+07
19,30,1,8.781280e+08
19,30,2,8.781280e+08
19,30,3,8.781280e+08
19,30,5,8.781280e+08
19,30,1,2.986719e+09
19,30,2,2.986719e+09
19,30,3,2.986719e+09
19,30,5,3.458829e+07
19,30,1,1.576721e+09
19,30,2,1.576721e+09
19,30,3,1.576721e+09
19,30,5,1.134733e+08
19,30,1,1.915762e+09
19,30,2,1.915762e+09
19,30,3,1.915762e+09
19,30,5,2.340084e+07
19,30,1,3.115390e+09
19,30,2,3.115390e+09
19,30,3,3.115390e+09
19,30,5,5.978466e+07
19,30,1,2.055672e+09
19,30,2,2.055672e+09
19,30,3,2.055672e+09
19,30,5,2.055672e+09
19,30,1,7.907670e+08
19,30,2,7.907670e+08
19,30,3,7.907670e+08
19,30,5,7.907670e+08
19,30,1,1.149270e+09
19,30,2,1.149270e+09
19,30,3,1.149270e+09
19,30,5,1.149270e+09
19,30,1,1.602350e+09
19,30,2,1.213789e+09
19,30,3,1.213789e+09
19,30,5,1.213789e+09
19,30,1,2.548928e+09
19,30,2,2.548928e+09
19,30,3,2.548928e+09
19,30,5,2.260969e+08
19,30,1,2.459883e+09
19,30,2,2.459883e+09
19,30,3,2.459883e+09
19,30,5,6.669068e+08
19,30,1,2.437174e+09
19,30,2,2.437174e+09
19,30,3,2.437174e+09
19,30,5,6.446226e+06
19,30,1,7.084864e+08
19,30,2,7.084864e+08
19,30,3,7.084864e+08
19,30,5,7.084864e+08
19,30,1,2.161064e+09
19,30,2,2.161064e+09
19,30,3,2.161064e+09
19,30,5,1.045184e+07
19,30,1,1.501717e+09
19,30,2,1.501717e+09
19,30,3,1.501717e+09
19,30,5,1.502495e+07
19,30,1,2.071449e+09
19,30,2,2.071449e+09
19,30,3,2.071449e+09
19,30,5,4.947745e+06
19,30,1,9.145750e+08
19,30,2,9.145750e+08
19,30,3,9.145750e+08
19,30,5,9.145750e+08
19,30,1,1.609033e+09
19,30,2,1.609033e+09
19,30,3,1.609033e+09
19,30,5,1.797639e+07
19,30,1,1.320752e+09
19,30,2,1.320752e+09
19,30,3,1.320752e+09
19,30,5,1.320752e+09
19,30,1,2.841538e+09
19,30,2,2.758551e+09
19,30,3,2.758551e+09
19,30,5,2.218302e+07
19,30,1,1.991306e+09
19,30,2,1.991306e+09
19,30,3,1.991306e+09
19,30,5,7.012777e+06
19,30,1,2.412926e+09
19,30,2,1.839930e+09
19,30,3,2.512703e+08
19,30,5,2.512703e+08
19,30,1,2.487813e+09
19,30,2,2.487813e+09
19,30,3,2.487813e+09
19,30,5,6.932667e+07
19,30,1,2.978000e+09
19,30,2,2.978000e+09
19,30,3,2.978000e+09
19,30,5,1.462218e+07
19,30,1,1.318787e+09
19,30,2,1.318787e+09
19,30,3,1.318787e+09
19,30,5,2.455218e+08
19,30,1,2.042988e+09
19,30,2,2.042988e+09
19,30,3,2.042988e+09
19,30,5,5.769292e+06
19,30,1,3.126785e+09
19,30,2,8.033790e+08
19,30,3,8.033790e+08
19,30,5,8.033790e+08
19,30,1,2.461957e+09
19,30,2,2.461957e+09
19,30,3,2.461957e+09
19,30,5,9.037411e+06
19,30,1,4.232310e+09
19,30,2,3.866725e+09
19,30,3,2.853772e+08
19,30,5,2.785454e+08
19,30,1,3.544903e+09
19,30,2,2.698034e+09
19,30,3,1.555864e+09
19,30,5,4.176359e+07
19,30,1,1.805968e+09
19,30,2,1.805968e+09
19,30,3,1.805968e+09
19,30,5,3.908123e+07
19,30,1,9.136215e+08
19,30,2,9.136215e+08
19,30,3,9.136215e+08
19,30,5,1.154833e+07
19,30,1,2.249814e+09
19,30,2,2.249814e+09
19,30,3,2.249814e+09
19,30,5,2.249814e+09
19,30,1,2.656284e+09
19,30,2,2.656284e+09
19,30,3,2.656284e+09
19,30,5,9.356624e+07
19,30,1,2.122089e+09
19,30,2,2.122089e+09
19,30,3,2.122089e+09
19,30,5,2.390366e+07
19,30,1,2.773583e+09
19,30,2,2.773583e+09
19,30,3,2.773583e+09
19,30,5,1.497312e+09
19,30,1,2.409200e+09
19,30,2,2.409200e+09
19,30,3,2.409200e+09
19,30,5,9.394732e+07
19,30,1,2.437190e+09
19,30,2,2.437190e+09
19,30,3,6.049593e+08
19,30,5,6.049593e+08
19,30,1,1.368686e+09
19,30,2,1.368686e+09
19,30,3,1.368686e+09
19,30,5,1.368686e+09
