funcid,dim,milestone,error
28,30,1,5.000075e+02
28,30,2,5.000075e+02
28,30,3,5.000075e+02
28,30,5,5.000075e+02
28,30,1,5.000075e+02
28,30,2,5.000075e+02
28,30,3,5.000075e+02
28,30,5,5.000075e+02
28,30,1,5.000073e+02
28,30,2,5.000073e+02
28,30,3,5.000073e+02
28,30,5,5.000073e+02
28,30,1,5.000075e+02
28,30,2,5.000075e+02
28,30,3,5.000075e+02
28,30,5,5.000075e+02
28,30,1,5.000075e+02
28,30,2,5.000075e+02
28,30,3,5.000075e+02
28,30,5,5.000075e+02
28,30,1,5.000073e+02
28,30,2,5.000073e+02
28,30,3,5.000073e+02
28,30,5,5.000073e+02
28,30,1,5.000075e+02
28,30,2,5.000075e+02
28,30,3,5.000075e+02
28,30,5,5.000075e+02
28,30,1,5.000075e+02
28,30,2,5.000075e+02
28,30,3,5.000075e+02
28,30,5,5.000075e+02
28,30,1,5.000075e+02
28,30,2,5.000075e+02
28,30,3,5.000075e+02
28,30,5,5.000075e+02
28,30,1,5.000075e+02
28,30,2,5.000075e+02
28,30,3,5.000075e+02
28,30,5,5.000075e+02
28,30,1,5.000075e+02
28,30,2,5.000075e+02
28,30,3,5.000075e+02
28,30,5,5.000075e+02
28,30,1,5.000075e+02
28,30,2,5.000075e+02
28,30,3,5.000074e+02
28,30,5,5.000073e+02
28,30,1,5.000074e+02
28,30,2,5.000074e+02
28,30,3,5.000074e+02
28,30,5,5.000074e+02
28,30,1,5.000075e+02
28,30,2,5.000075e+02
28,30,3,5.000075e+02
28,30,5,5.000075e+02
28,30,1,5.000074e+02
28,30,2,5.000074e+02
28,30,3,5.000074e+02
28,30,5,5.000074e+02
28,30,1,5.000075e+02
28,30,2,5.000075e+02
28,30,3,5.000075e+02
28,30,5,5.000075e+02
28,30,1,5.000074e+02
28,30,2,5.000074e+02
28,30,3,5.000074e+02
28,30,5,5.000074e+02
28,30,1,5.000075e+02
28,30,2,5.000075e+02
28,30,3,5.000075e+02
28,30,5,5.000075e+02
28,30,1,5.000075e+02
28,30,2,5.000075e+02
28,30,3,5.000075e+02
28,30,5,5.000075e+02
28,30,1,5.000075e+02
28,30,2,5.000075e+02
28,30,3,5.000075e+02
28,30,5,5.000075e+02
28,30,1,5.000075e+02
28,30,2,5.000075e+02
28,30,3,5.000075e+02
28,30,5,5.000075e+02
28,30,1,5.000073e+02
28,30,2,5.000073e+02
28,30,3,5.000073e+02
28,30,5,5.000073e+02
28,30,1,5.000075e+02
28,30,2,5.000075e+02
28,30,3,5.000075e+02
28,30,5,5.000075e+02
28,30,1,5.000075e+02
28,30,2,5.000075e+02
28,30,3,5.000075e+02
28,30,5,5.000075e+02
28,30,1,5.000075e+02
28,30,2,5.000075e+02
28,30,3,5.000075e+02
28,30,5,5.000075e+02
28,30,1,5.000075e+02
28,30,2,5.000075e+02
28,30,3,5.000075e+02
28,30,5,5.000075e+02
28,30,1,5.000075e+02
28,30,2,5.000075e+02
28,30,3,5.000075e+02
28,30,5,5.000075e+02
28,30,1,5.000075e+02
28,30,2,5.000075e+02
28,30,3,5.000075e+02
28,30,5,5.000075e+02
28,30,1,5.000074e+02
28,30,2,5.000074e+02
28,30,3,5.000074e+02
28,30,5,5.000074e+02
28,30,1,5.000075e+02
28,30,2,5.000075e+02
28,30,3,5.000075e+02
28,30,5,5.000075e+02
28,30,1,5.000075e+02
28,30,2,5.000075e+02
28,30,3,5.000075e+02
28,30,5,5.000075e+02
28,30,1,5.000073e+02
28,30,2,5.000073e+02
28,30,3,5.000073e+02
28,30,5,5.000073e+02
28,30,1,5.000075e+02
28,30,2,5.000075e+02
28,30,3,5.000075e+02
28,30,5,5.000075e+02
28,30,1,5.000075e+02
28,30,2,5.000075e+02
28,30,3,5.000075e+02
28,30,5,5.000075e+02
28,30,1,5.000075e+02
28,30,2,5.000075e+02
28,30,3,5.000075e+02
28,30,5,5.000075e+02
28,30,1,5.000074e+02
28,30,2,5.000074e+02
28,30,3,5.000074e+02
28,30,5,5.000074e+02
28,30,1,5.000074e+02
28,30,2,5.000074e+02
28,30,3,5.000074e+02
28,30,5,5.000074e+02
28,30,1,5.000075e+02
28,30,2,5.000075e+02
28,30,3,5.000075e+02
28,30,5,5.000075e+02
28,30,1,5.000075e+02
28,30,2,5.000075e+02
28,30,3,5.000075e+02
28,30,5,5.000075e+02
28,30,1,5.000075e+02
28,30,2,5.000075e+02
28,30,3,5.000075e+02
28,30,5,5.000075e+02
28,30,1,5.000075e+02
28,30,2,5.000075e+02
28,30,3,5.000075e+02
28,30,5,5.000075e+02
28,30,1,5.000075e+02
28,30,2,5.000075e+02
28,30,3,5.000075e+02
28,30,5,5.000075e+02
28,30,1,5.000075e+02
28,30,2,5.000075e+02
28,30,3,5.000075e+02
28,30,5,5.000075e+02
28,30,1,5.000075e+02
28,30,2,5.000075e+02
28,30,3,5.000075e+02
28,30,5,5.000075e+02
28,30,1,5.000075e+02
28,30,2,5.000075e+02
28,30,3,5.000075e+02
28,30,5,5.000075e+02
28,30,1,5.000075e+02
28,30,2,5.000075e+02
28,30,3,5.000075e+02
28,30,5,5.000075e+02
28,30,1,5.000075e+02
28,30,2,5.000075e+02
28,30,3,5.000075e+02
28,30,5,5.000075e+02
28,30,1,5.000073e+02
28,30,2,5.000073e+02
28,30,3,5.000073e+02
28,30,5,5.000073e+02
28,30,1,5.000075e+02
28,30,2,5.000075e+02
28,30,3,5.000075e+02
28,30,5,5.000075e+02
28,30,1,5.000075e+02
28,30,2,5.000075e+02
28,30,3,5.000075e+02
28,30,5,5.000075e+02
28,30,1,5.000075e+02
28,30,2,5.000075e+02
28,30,3,5.000075e+02
28,30,5,5.000075e+02
28,30,1,5.000074e+02
28,30,2,5.000074e+02
28,30,3,5.000074e+02
28,30,5,5.000073e+02
28,30,1,5.000075e+02
28,30,2,5.000075e+02
28,30,3,5.000075e+02
28,30,5,5.000075e+02
28,30,1,5.000075e+02
28,30,2,5.000075e+02
28,30,3,5.000075e+02
28,30,5,5.000075e+02
28,30,1,5.000075e+02
28,30,2,5.000075e+02
28,30,3,5.000075e+02
28,30,5,5.000075e+02
28,30,1,5.000075e+02
28,30,2,5.000075e+02
28,30,3,5.000075e+02
28,30,5,5.000075e+02
28,30,1,5.000073e+02
28,30,2,5.000073e+02
28,30,3,5.000073e+02
28,30,5,5.000073e+02
28,30,1,5.000075e+02
28,30,2,5.000075e+02
28,30,3,5.000075e+02
28,30,5,5.000075e+02
28,30,1,5.000075e+02
28,30,2,5.000075e+02
28,30,3,5.000075e+02
28,30,5,5.000075e+02
28,30,1,5.000075e+02
28,30,2,5.000075e+02
28,30,3,5.000075e+02
28,30,5,5.000075e+02
28,30,1,5.000075e+02
28,30,2,5.000075e+02
28,30,3,5.000075e+02
28,30,5,5.000075e+02
28,30,1,5.000073e+02
28,30,2,5.000073e+02
28,30,3,5.000073e+02
28,30,5,5.000073e+02
28,30,1,5.000073e+02
28,30,2,5.000073e+02
28,30,3,5.000073e+02
28,30,5,5.000073e+02
28,30,1,5.000075e+02
28,30,2,5.000075e+02
28,30,3,5.000075e+02
28,30,5,5.000075e+02
28,30,1,5.000075e+02
28,30,2,5.000075e+02
28,30,3,5.000075e+02
28,30,5,5.000075e+02
28,30,1,5.000075e+02
28,30,2,5.000075e+02
28,30,3,5.000075e+02
28,30,5,5.000075e+02
28,30,1,5.000075e+02
28,30,2,5.000075e+02
28,30,3,5.000075e+02
28,30,5,5.000075e+02
28,30,1,5.000074e+02
28,30,2,5.000074e+02
28,30,3,5.000074e+02
28,30,5,5.000074e+02
28,30,1,5.000075e+02
28,30,2,5.000075e+02
28,30,3,5.000075e+02
28,30,5,5.000075e+02
28,30,1,5.000071e+02
28,30,2,5.000071e+02
28,30,3,5.000071e+02
28,30,5,5.000071e+02
28,30,1,5.000075e+02
28,30,2,5.000075e+02
28,30,3,5.000075e+02
28,30,5,5.000075e+02
28,30,1,5.000073e+02
28,30,2,5.000073e+02
28,30,3,5.000073e+02
28,30,5,5.000073e+02
28,30,1,5.000075e+02
28,30,2,5.000075e+02
28,30,3,5.000075e+02
28,30,5,5.000074e+02
28,30,1,5.000075e+02
28,30,2,5.000075e+02
28,30,3,5.000075e+02
28,30,5,5.000075e+02
28,30,1,5.000075e+02
28,30,2,5.000075e+02
28,30,3,5.000075e+02
28,30,5,5.000075e+02
28,30,1,5.000075e+02
28,30,2,5.000075e+02
28,30,3,5.000075e+02
28,30,5,5.000075e+02
28,30,1,5.000074e+02
28,30,2,5.000074e+02
28,30,3,5.000074e+02
28,30,5,5.000074e+02
28,30,1,5.000074e+02
28,30,2,5.000074e+02
28,30,3,5.000074e+02
28,30,5,5.000074e+02
28,30,1,5.000075e+02
28,30,2,5.000075e+02
28,30,3,5.000075e+02
28,30,5,5.000075e+02
28,30,1,5.000075e+02
28,30,2,5.000075e+02
28,30,3,5.000075e+02
28,30,5,5.000075e+02
28,30,1,5.000075e+02
28,30,2,5.000075e+02
28,30,3,5.000075e+02
28,30,5,5.000075e+02
28,30,1,5.000075e+02
28,30,2,5.000075e+02
28,30,3,5.000075e+02
28,30,5,5.000075e+02
28,30,1,5.000075e+02
28,30,2,5.000075e+02
28,30,3,5.000075e+02
28,30,5,5.000075e+02
28,30,1,5.000075e+02
28,30,2,5.000075e+02
28,30,3,5.000075e+02
28,30,5,5.000075e+02
28,30,1,5.000075e+02
28,30,2,5.000073e+02
28,30,3,5.000073e+02
28,30,5,5.000073e+02
28,30,1,5.000074e+02
28,30,2,5.000074e+02
28,30,3,5.000074e+02
28,30,5,5.000074e+02
28,30,1,5.000075e+02
28,30,2,5.000075e+02
28,30,3,5.000075e+02
28,30,5,5.000075e+02
28,30,1,5.000075e+02
28,30,2,5.000075e+02
28,30,3,5.000075e+02
28,30,5,5.000075e+02
28,30,1,5.000075e+02
28,30,2,5.000075e+02
28,30,3,5.000075e+02
28,30,5,5.000075e+02
28,30,1,5.000075e+02
28,30,2,5.000075e+02
28,30,3,5.000075e+02
28,30,5,5.000075e+02
28,30,1,5.000075e+02
28,30,2,5.000075e+02
28,30,3,5.000075e+02
28,30,5,5.000075e+02
28,30,1,5.000075e+02
28,30,2,5.000075e+02
28,30,3,5.000075e+02
28,30,5,5.000075e+02
28,30,1,5.000075e+02
28,30,2,5.000075e+02
28,30,3,5.000075e+02
28,30,5,5.000075e+02
28,30,1,5.000075e+02
28,30,2,5.000075e+02
28,30,3,5.000075e+02
28,30,5,5.000075e+02
28,30,1,5.000074e+02
28,30,2,5.000074e+02
28,30,3,5.000074e+02
28,30,5,5.000074e+02
28,30,1,5.000075e+02
28,30,2,5.000075e+02
28,30,3,5.000075e+02
28,30,5,5.000075e+02
28,30,1,5.000075e+02
28,30,2,5.000075e+02
28,30,3,5.000075e+02
28,30,5,5.000075e+02
28,30,1,5.000075e+02
28,30,2,5.000075e+02
28,30,3,5.000075e+02
28,30,5,5.000075e+02
28,30,1,5.000073e+02
28,30,2,5.000073e+02
28,30,3,5.000073e+02
28,30,5,5.000073e+02
28,30,1,5.000073e+02
28,30,2,5.000073e+02
28,30,3,5.000073e+02
28,30,5,5.000073e+02
28,30,1,5.000073e+02
28,30,2,5.000073e+02
28,30,3,5.000073e+02
28,30,5,5.000073e+02
28,30,1,5.000075e+02
28,30,2,5.000075e+02
28,30,3,5.000075e+02
28,30,5,5.000075e+02
28,30,1,5.000075e+02
28,30,2,5.000075e+02
28,30,3,5.000075e+02
28,30,5,5.000075e+02
28,30,1,5.000074e+02
28,30,2,5.000074e+02
28,30,3,5.000074e+02
28,30,5,5.000074e+02
28,30,1,5.000073e+02
28,30,2,5.000073e+02
28,30,3,5.000072e+02
28,30,5,5.000072e+02
28,30,1,5.000073e+02
28,30,2,5.000073e+02
28,30,3,5.000073e+02
28,30,5,5.000073e+02
28,30,1,5.000075e+02
28,30,2,5.000075e+02
28,30,3,5.000075e+02
28,30,5,5.000075e+02
28,30,1,5.000075e+02
28,30,2,5.000075e+02
28,30,3,5.000075e+02
28,30,5,5.000075e+02
28,30,1,5.000075e+02
28,30,2,5.000075e+02
28,30,3,5.000075e+02
28,30,5,5.000075e+02
28,30,1,5.000074e+02
28,30,2,5.000074e+02
28,30,3,5.000074e+02
28,30,5,5.000074e+02
28,30,1,5.000075e+02
28,30,2,5.000075e+02
28,30,3,5.000075e+02
28,30,5,5.000075e+02
28,30,1,5.000075e+02
28,30,2,5.000075e+02
28,30,3,5.000075e+02
28,30,5,5.000075e+02
28,30,1,5.000075e+02
28,30,2,5.000075e+02
28,30,3,5.000075e+02
28,30,5,5.000075e+02
28,30,1,5.000075e+02
28,30,2,5.000075e+02
28,30,3,5.000075e+02
28,30,5,5.000075e+02
28,30,1,5.000073e+02
28,30,2,5.000073e+02
28,30,3,5.000073e+02
28,30,5,5.000073e+02
28,30,1,5.000075e+02
28,30,2,5.000075e+02
28,30,3,5.000075e+02
28,30,5,5.000075e+02
28,30,1,5.000074e+02
28,30,2,5.000074e+02
28,30,3,5.000074e+02
28,30,5,5.000074e+02
28,30,1,5.000074e+02
28,30,2,5.000074e+02
28,30,3,5.000074e+02
28,30,5,5.000074e+02
28,30,1,5.000075e+02
28,30,2,5.000075e+02
28,30,3,5.000075e+02
28,30,5,5.000075e+02
28,30,1,5.000074e+02
28,30,2,5.000074e+02
28,30,3,5.000074e+02
28,30,5,5.000074e+02
28,30,1,5.000075e+02
28,30,2,5.000075e+02
28,30,3,5.000075e+02
28,30,5,5.000075e+02
28,30,1,5.000075e+02
28,30,2,5.000075e+02
28,30,3,5.000075e+02
28,30,5,5.000075e+02
28,30,1,5.000074e+02
28,30,2,5.000074e+02
28,30,3,5.000074e+02
28,30,5,5.000074e+02
28,30,1,5.000073e+02
28,30,2,5.000073e+02
28,30,3,5.000073e+02
28,30,5,5.000073e+02
28,30,1,5.000075e+02
28,30,2,5.000075e+02
28,30,3,5.000075e+02
28,30,5,5.000075e+02
28,30,1,5.000075e+02
28,30,2,5.000075e+02
28,30,3,5.000075e+02
28,30,5,5.000075e+02
28,30,1,5.000075e+02
28,30,2,5.000075e+02
28,30,3,5.000075e+02
28,30,5,5.000075e+02
28,30,1,5.000073e+02
28,30,2,5.000073e+02
28,30,3,5.000073e+02
28,30,5,5.000073e+02
28,30,1,5.000074e+02
28,30,2,5.000074e+02
28,30,3,5.000074e+02
28,30,5,5.000074e+02
28,30,1,5.000073e+02
28,30,2,5.000073e+02
28,30,3,5.000073e+02
28,30,5,5.000073e+02
28,30,1,5.000075e+02
28,30,2,5.000075e+02
28,30,3,5.000075e+02
28,30,5,5.000075e+02
28,30,1,5.000074e+02
28,30,2,5.000074e+02
28,30,3,5.000074e+02
28,30,5,5.000074e+02
28,30,1,5.000075e+02
28,30,2,5.000075e+02
28,30,3,5.000075e+02
28,30,5,5.000075e+02
28,30,1,5.000075e+02
28,30,2,5.000075e+02
28,30,3,5.000075e+02
28,30,5,5.000075e+02
28,30,1,5.000073e+02
28,30,2,5.000073e+02
28,30,3,5.000073e+02
28,30,5,5.000073e+02
28,30,1,5.000073e+02
28,30,2,5.000073e+02
28,30,3,5.000073e+02
28,30,5,5.000073e+02
28,30,1,5.000075e+02
28,30,2,5.000075e+02
28,30,3,5.000075e+02
28,30,5,5.000075e+02
28,30,1,5.000073e+02
28,30,2,5.000073e+02
28,30,3,5.000073e+02
28,30,5,5.000073e+02
28,30,1,5.000075e+02
28,30,2,5.000075e+02
28,30,3,5.000075e+02
28,30,5,5.000075e+02
28,30,1,5.000075e+02
28,30,2,5.000075e+02
28,30,3,5.000075e+02
28,30,5,5.000075e+02
28,30,1,5.000075e+02
28,30,2,5.000075e+02
28,30,3,5.000075e+02
28,30,5,5.000075e+02
28,30,1,5.000075e+02
28,30,2,5.000075e+02
28,30,3,5.000075e+02
28,30,5,5.000075e+02
28,30,1,5.000074e+02
28,30,2,5.000074e+02
28,30,3,5.000074e+02
28,30,5,5.000074e+02
28,30,1,5.000075e+02
28,30,2,5.000075e+02
28,30,3,5.000075e+02
28,30,5,5.000075e+02
28,30,1,5.000075e+02
28,30,2,5.000075e+02
28,30,3,5.000075e+02
28,30,5,5.000075e+02
28,30,1,5.000074e+02
28,30,2,5.000074e+02
28,30,3,5.000074e+02
28,30,5,5.000074e+02
28,30,1,5.000073e+02
28,30,2,5.000073e+02
28,30,3,5.000073e+02
28,30,5,5.000073e+02
28,30,1,5.000075e+02
28,30,2,5.000075e+02
28,30,3,5.000075e+02
28,30,5,5.000075e+02
28,30,1,5.000075e+02
28,30,2,5.000075e+02
28,30,3,5.000075e+02
28,30,5,5.000075e+02
28,30,1,5.000075e+02
28,30,2,5.000075e+02
28,30,3,5.000075e+02
28,30,5,5.000075e+02
28,30,1,5.000075e+02
28,30,2,5.000075e+02
28,30,3,5.000075e+02
28,30,5,5.000075e+02
28,30,1,5.000075e+02
28,30,2,5.000075e+02
28,30,3,5.000075e+02
28,30,5,5.000075e+02
28,30,1,5.000073e+02
28,30,2,5.000073e+02
28,30,3,5.000073e+02
28,30,5,5.000073e+02
28,30,1,5.000074e+02
28,30,2,5.000074e+02
28,30,3,5.000074e+02
28,30,5,5.000074e+02
28,30,10,5.000074e+02
28,30,20,5.000074e+02
28,30,30,5.000074e+02
28,30,40,5.000074e+02
28,30,50,5.000074e+02
28,30,1,5.000075e+02
28,30,2,5.000075e+02
28,30,3,5.000075e+02
28,30,5,5.000075e+02
28,30,10,5.000075e+02
28,30,20,5.000075e+02
28,30,30,5.000075e+02
28,30,40,5.000075e+02
28,30,50,5.000075e+02
28,30,1,5.000074e+02
28,30,2,5.000074e+02
28,30,3,5.000074e+02
28,30,5,5.000074e+02
28,30,10,5.000074e+02
28,30,20,5.000074e+02
28,30,30,5.000074e+02
28,30,40,5.000074e+02
28,30,50,5.000074e+02
28,30,1,5.000075e+02
28,30,2,5.000075e+02
28,30,3,5.000075e+02
28,30,5,5.000075e+02
28,30,10,5.000075e+02
28,30,20,5.000075e+02
28,30,30,5.000075e+02
28,30,40,5.000075e+02
28,30,50,5.000075e+02
28,30,1,5.000075e+02
28,30,2,5.000075e+02
28,30,3,5.000075e+02
28,30,5,5.000075e+02
28,30,10,5.000075e+02
28,30,20,5.000075e+02
28,30,30,5.000075e+02
28,30,40,5.000075e+02
28,30,50,5.000075e+02
28,30,1,5.000075e+02
28,30,2,5.000075e+02
28,30,3,5.000075e+02
28,30,5,5.000075e+02
28,30,10,5.000075e+02
28,30,20,5.000075e+02
28,30,30,5.000075e+02
28,30,40,5.000075e+02
28,30,50,5.000075e+02
28,30,1,6.624323e+03
28,30,2,5.000075e+02
28,30,3,5.000075e+02
28,30,5,5.000075e+02
28,30,10,5.000075e+02
28,30,20,5.000075e+02
28,30,30,5.000075e+02
28,30,40,5.000075e+02
28,30,50,5.000075e+02
28,30,1,5.000075e+02
28,30,2,5.000075e+02
28,30,3,5.000075e+02
28,30,5,5.000075e+02
28,30,10,5.000075e+02
28,30,20,5.000075e+02
28,30,30,5.000075e+02
28,30,40,5.000075e+02
28,30,50,5.000075e+02
28,30,1,5.000075e+02
28,30,2,5.000075e+02
28,30,3,5.000075e+02
28,30,5,5.000075e+02
28,30,10,5.000075e+02
28,30,20,5.000075e+02
28,30,30,5.000075e+02
28,30,40,5.000075e+02
28,30,50,5.000075e+02
28,30,1,5.000075e+02
28,30,2,5.000075e+02
28,30,3,5.000075e+02
28,30,5,5.000075e+02
28,30,10,5.000075e+02
28,30,20,5.000075e+02
28,30,30,5.000075e+02
28,30,40,5.000075e+02
28,30,50,5.000075e+02
28,30,1,5.000075e+02
28,30,2,5.000075e+02
28,30,3,5.000075e+02
28,30,5,5.000075e+02
28,30,10,5.000075e+02
28,30,20,5.000075e+02
28,30,30,5.000075e+02
28,30,40,5.000075e+02
28,30,50,5.000075e+02
28,30,1,5.000074e+02
28,30,2,5.000074e+02
28,30,3,5.000074e+02
28,30,5,5.000074e+02
28,30,10,5.000074e+02
28,30,20,5.000073e+02
28,30,30,5.000073e+02
28,30,40,5.000072e+02
28,30,50,5.000072e+02
28,30,1,5.000073e+02
28,30,2,5.000073e+02
28,30,3,5.000073e+02
28,30,5,5.000073e+02
28,30,10,5.000073e+02
28,30,20,5.000073e+02
28,30,30,5.000073e+02
28,30,40,5.000073e+02
28,30,50,5.000073e+02
28,30,1,5.000075e+02
28,30,2,5.000075e+02
28,30,3,5.000075e+02
28,30,5,5.000075e+02
28,30,10,5.000075e+02
28,30,20,5.000075e+02
28,30,30,5.000075e+02
28,30,40,5.000075e+02
28,30,50,5.000075e+02
28,30,1,5.000075e+02
28,30,2,5.000075e+02
28,30,3,5.000075e+02
28,30,5,5.000075e+02
28,30,10,5.000075e+02
28,30,20,5.000075e+02
28,30,30,5.000075e+02
28,30,40,5.000075e+02
28,30,50,5.000075e+02
28,30,1,5.000075e+02
28,30,2,5.000074e+02
28,30,3,5.000073e+02
28,30,5,5.000073e+02
28,30,10,5.000073e+02
28,30,20,5.000073e+02
28,30,30,5.000073e+02
28,30,40,5.000073e+02
28,30,50,5.000073e+02
28,30,1,5.000075e+02
28,30,2,5.000075e+02
28,30,3,5.000075e+02
28,30,5,5.000075e+02
28,30,10,5.000075e+02
28,30,20,5.000075e+02
28,30,30,5.000075e+02
28,30,40,5.000075e+02
28,30,50,5.000075e+02
28,30,1,5.000073e+02
28,30,2,5.000073e+02
28,30,3,5.000073e+02
28,30,5,5.000073e+02
28,30,10,5.000073e+02
28,30,20,5.000073e+02
28,30,30,5.000073e+02
28,30,40,5.000073e+02
28,30,50,5.000073e+02
28,30,1,5.000073e+02
28,30,2,5.000073e+02
28,30,3,5.000073e+02
28,30,5,5.000073e+02
28,30,10,5.000073e+02
28,30,20,5.000073e+02
28,30,30,5.000073e+02
28,30,40,5.000073e+02
28,30,50,5.000073e+02
28,30,1,5.000075e+02
28,30,2,5.000075e+02
28,30,3,5.000075e+02
28,30,5,5.000075e+02
28,30,10,5.000075e+02
28,30,20,5.000075e+02
28,30,30,5.000075e+02
28,30,40,5.000075e+02
28,30,50,5.000075e+02
28,30,1,5.000075e+02
28,30,2,5.000075e+02
28,30,3,5.000075e+02
28,30,5,5.000074e+02
28,30,10,5.000074e+02
28,30,20,5.000074e+02
28,30,30,5.000074e+02
28,30,40,5.000074e+02
28,30,50,5.000074e+02
28,30,1,5.000075e+02
28,30,2,5.000075e+02
28,30,3,5.000075e+02
28,30,5,5.000075e+02
28,30,10,5.000075e+02
28,30,20,5.000075e+02
28,30,30,5.000075e+02
28,30,40,5.000075e+02
28,30,50,5.000075e+02
28,30,1,5.312665e+03
28,30,2,5.258151e+03
28,30,3,5.000075e+02
28,30,5,5.000075e+02
28,30,10,5.000075e+02
28,30,20,5.000075e+02
28,30,30,5.000075e+02
28,30,40,5.000075e+02
28,30,50,5.000075e+02
28,30,1,6.491481e+03
28,30,2,5.000075e+02
28,30,3,5.000075e+02
28,30,5,5.000075e+02
28,30,10,5.000075e+02
28,30,20,5.000075e+02
28,30,30,5.000075e+02
28,30,40,5.000075e+02
28,30,50,5.000075e+02
28,30,1,5.000073e+02
28,30,2,5.000073e+02
28,30,3,5.000073e+02
28,30,5,5.000073e+02
28,30,10,5.000073e+02
28,30,20,5.000073e+02
28,30,30,5.000073e+02
28,30,40,5.000073e+02
28,30,50,5.000073e+02
28,30,1,5.000075e+02
28,30,2,5.000075e+02
28,30,3,5.000075e+02
28,30,5,5.000075e+02
28,30,10,5.000075e+02
28,30,20,5.000075e+02
28,30,30,5.000075e+02
28,30,40,5.000075e+02
28,30,50,5.000075e+02
28,30,1,5.000075e+02
28,30,2,5.000075e+02
28,30,3,5.000075e+02
28,30,5,5.000075e+02
28,30,10,5.000075e+02
28,30,20,5.000075e+02
28,30,30,5.000075e+02
28,30,40,5.000075e+02
28,30,50,5.000075e+02
28,30,1,5.000075e+02
28,30,2,5.000075e+02
28,30,3,5.000075e+02
28,30,5,5.000075e+02
28,30,10,5.000075e+02
28,30,20,5.000075e+02
28,30,30,5.000075e+02
28,30,40,5.000075e+02
28,30,50,5.000075e+02
28,30,1,5.000075e+02
28,30,2,5.000075e+02
28,30,3,5.000074e+02
28,30,5,5.000074e+02
28,30,10,5.000074e+02
28,30,20,5.000074e+02
28,30,30,5.000074e+02
28,30,40,5.000074e+02
28,30,50,5.000074e+02
28,30,1,5.000082e+02
28,30,2,5.000075e+02
28,30,3,5.000075e+02
28,30,5,5.000075e+02
28,30,10,5.000075e+02
28,30,20,5.000075e+02
28,30,30,5.000075e+02
28,30,40,5.000075e+02
28,30,50,5.000075e+02
28,30,1,5.000074e+02
28,30,2,5.000074e+02
28,30,3,5.000074e+02
28,30,5,5.000074e+02
28,30,10,5.000074e+02
28,30,20,5.000074e+02
28,30,30,5.000074e+02
28,30,40,5.000074e+02
28,30,50,5.000074e+02
28,30,1,5.000075e+02
28,30,2,5.000075e+02
28,30,3,5.000075e+02
28,30,5,5.000075e+02
28,30,10,5.000075e+02
28,30,20,5.000075e+02
28,30,30,5.000075e+02
28,30,40,5.000075e+02
28,30,50,5.000075e+02
28,30,1,5.000075e+02
28,30,2,5.000075e+02
28,30,3,5.000075e+02
28,30,5,5.000075e+02
28,30,10,5.000075e+02
28,30,20,5.000075e+02
28,30,30,5.000075e+02
28,30,40,5.000075e+02
28,30,50,5.000075e+02
28,30,1,5.000075e+02
28,30,2,5.000075e+02
28,30,3,5.000075e+02
28,30,5,5.000075e+02
28,30,10,5.000075e+02
28,30,20,5.000075e+02
28,30,30,5.000075e+02
28,30,40,5.000075e+02
28,30,50,5.000075e+02
28,30,1,5.000075e+02
28,30,2,5.000075e+02
28,30,3,5.000075e+02
28,30,5,5.000075e+02
28,30,10,5.000075e+02
28,30,20,5.000075e+02
28,30,30,5.000075e+02
28,30,40,5.000075e+02
28,30,50,5.000075e+02
28,30,1,6.314030e+03
28,30,2,5.000075e+02
28,30,3,5.000075e+02
28,30,5,5.000075e+02
28,30,10,5.000075e+02
28,30,20,5.000075e+02
28,30,30,5.000075e+02
28,30,40,5.000075e+02
28,30,50,5.000075e+02
28,30,1,5.000075e+02
28,30,2,5.000075e+02
28,30,3,5.000075e+02
28,30,5,5.000075e+02
28,30,10,5.000075e+02
28,30,20,5.000075e+02
28,30,30,5.000075e+02
28,30,40,5.000075e+02
28,30,50,5.000075e+02
28,30,1,5.000075e+02
28,30,2,5.000075e+02
28,30,3,5.000073e+02
28,30,5,5.000073e+02
28,30,10,5.000073e+02
28,30,20,5.000073e+02
28,30,30,5.000073e+02
28,30,40,5.000073e+02
28,30,50,5.000073e+02
28,30,1,5.000075e+02
28,30,2,5.000075e+02
28,30,3,5.000075e+02
28,30,5,5.000075e+02
28,30,10,5.000075e+02
28,30,20,5.000075e+02
28,30,30,5.000075e+02
28,30,40,5.000075e+02
28,30,50,5.000075e+02
28,30,1,5.000075e+02
28,30,2,5.000075e+02
28,30,3,5.000075e+02
28,30,5,5.000075e+02
28,30,10,5.000075e+02
28,30,20,5.000075e+02
28,30,30,5.000075e+02
28,30,40,5.000075e+02
28,30,50,5.000075e+02
28,30,1,9.014774e+03
28,30,2,5.000075e+02
28,30,3,5.000075e+02
28,30,5,5.000075e+02
28,30,10,5.000075e+02
28,30,20,5.000075e+02
28,30,30,5.000075e+02
28,30,40,5.000075e+02
28,30,50,5.000075e+02
28,30,1,5.000075e+02
28,30,2,5.000075e+02
28,30,3,5.000075e+02
28,30,5,5.000075e+02
28,30,10,5.000075e+02
28,30,20,5.000075e+02
28,30,30,5.000075e+02
28,30,40,5.000075e+02
28,30,50,5.000075e+02
28,30,1,5.000073e+02
28,30,2,5.000073e+02
28,30,3,5.000073e+02
28,30,5,5.000073e+02
28,30,10,5.000073e+02
28,30,20,5.000073e+02
28,30,30,5.000073e+02
28,30,40,5.000073e+02
28,30,50,5.000073e+02
28,30,1,5.000074e+02
28,30,2,5.000074e+02
28,30,3,5.000074e+02
28,30,5,5.000074e+02
28,30,10,5.000074e+02
28,30,20,5.000074e+02
28,30,30,5.000074e+02
28,30,40,5.000074e+02
28,30,50,5.000074e+02
28,30,1,5.000075e+02
28,30,2,5.000075e+02
28,30,3,5.000075e+02
28,30,5,5.000075e+02
28,30,10,5.000075e+02
28,30,20,5.000075e+02
28,30,30,5.000075e+02
28,30,40,5.000075e+02
28,30,50,5.000075e+02
28,30,1,5.000075e+02
28,30,2,5.000074e+02
28,30,3,5.000074e+02
28,30,5,5.000074e+02
28,30,10,5.000074e+02
28,30,20,5.000074e+02
28,30,30,5.000074e+02
28,30,40,5.000074e+02
28,30,50,5.000074e+02
28,30,1,5.000075e+02
28,30,2,5.000075e+02
28,30,3,5.000075e+02
28,30,5,5.000075e+02
28,30,10,5.000075e+02
28,30,20,5.000075e+02
28,30,30,5.000075e+02
28,30,40,5.000073e+02
28,30,50,5.000073e+02
28,30,1,5.000075e+02
28,30,2,5.000075e+02
28,30,3,5.000075e+02
28,30,5,5.000075e+02
28,30,10,5.000075e+02
28,30,20,5.000075e+02
28,30,30,5.000075e+02
28,30,40,5.000075e+02
28,30,50,5.000075e+02
28,30,1,5.000075e+02
28,30,2,5.000075e+02
28,30,3,5.000075e+02
28,30,5,5.000075e+02
28,30,10,5.000075e+02
28,30,20,5.000075e+02
28,30,30,5.000075e+02
28,30,40,5.000075e+02
28,30,50,5.000075e+02
28,30,1,5.000074e+02
28,30,2,5.000074e+02
28,30,3,5.000074e+02
28,30,5,5.000074e+02
28,30,10,5.000074e+02
28,30,20,5.000074e+02
28,30,30,5.000074e+02
28,30,40,5.000074e+02
28,30,50,5.000074e+02
28,30,1,5.000075e+02
28,30,2,5.000075e+02
28,30,3,5.000075e+02
28,30,5,5.000075e+02
28,30,10,5.000075e+02
28,30,20,5.000075e+02
28,30,30,5.000075e+02
28,30,40,5.000075e+02
28,30,50,5.000075e+02
28,30,1,5.000073e+02
28,30,2,5.000073e+02
28,30,3,5.000073e+02
28,30,5,5.000073e+02
28,30,1,5.000073e+02
28,30,2,5.000073e+02
28,30,3,5.000073e+02
28,30,5,5.000073e+02
28,30,1,5.000075e+02
28,30,2,5.000075e+02
28,30,3,5.000075e+02
28,30,5,5.000075e+02
28,30,1,5.000075e+02
28,30,2,5.000075e+02
28,30,3,5.000075e+02
28,30,5,5.000075e+02
28,30,1,5.000075e+02
28,30,2,5.000075e+02
28,30,3,5.000075e+02
28,30,5,5.000075e+02
28,30,1,5.000074e+02
28,30,2,5.000074e+02
28,30,3,5.000074e+02
28,30,5,5.000074e+02
28,30,1,5.000075e+02
28,30,2,5.000075e+02
28,30,3,5.000075e+02
28,30,5,5.000075e+02
28,30,1,5.000074e+02
28,30,2,5.000074e+02
28,30,3,5.000074e+02
28,30,5,5.000074e+02
28,30,1,5.000075e+02
28,30,2,5.000075e+02
28,30,3,5.000075e+02
28,30,5,5.000075e+02
28,30,1,5.000075e+02
28,30,2,5.000075e+02
28,30,3,5.000075e+02
28,30,5,5.000075e+02
28,30,1,5.000075e+02
28,30,2,5.000075e+02
28,30,3,5.000075e+02
28,30,5,5.000075e+02
28,30,1,5.000075e+02
28,30,2,5.000075e+02
28,30,3,5.000075e+02
28,30,5,5.000075e+02
28,30,1,5.000075e+02
28,30,2,5.000075e+02
28,30,3,5.000075e+02
28,30,5,5.000075e+02
28,30,1,5.000075e+02
28,30,2,5.000075e+02
28,30,3,5.000075e+02
28,30,5,5.000075e+02
28,30,1,5.000075e+02
28,30,2,5.000075e+02
28,30,3,5.000075e+02
28,30,5,5.000075e+02
28,30,1,5.000075e+02
28,30,2,5.000075e+02
28,30,3,5.000075e+02
28,30,5,5.000075e+02
28,30,1,5.000075e+02
28,30,2,5.000075e+02
28,30,3,5.000075e+02
28,30,5,5.000075e+02
28,30,1,5.000073e+02
28,30,2,5.000073e+02
28,30,3,5.000073e+02
28,30,5,5.000073e+02
28,30,1,5.000075e+02
28,30,2,5.000075e+02
28,30,3,5.000075e+02
28,30,5,5.000075e+02
28,30,1,5.000075e+02
28,30,2,5.000075e+02
28,30,3,5.000073e+02
28,30,5,5.000073e+02
28,30,1,5.000075e+02
28,30,2,5.000075e+02
28,30,3,5.000075e+02
28,30,5,5.000075e+02
28,30,1,5.000075e+02
28,30,2,5.000075e+02
28,30,3,5.000075e+02
28,30,5,5.000075e+02
28,30,1,5.000075e+02
28,30,2,5.000075e+02
28,30,3,5.000075e+02
28,30,5,5.000075e+02
28,30,1,5.000075e+02
28,30,2,5.000075e+02
28,30,3,5.000075e+02
28,30,5,5.000075e+02
28,30,1,5.000073e+02
28,30,2,5.000073e+02
28,30,3,4.997594e+02
28,30,5,4.997594e+02
28,30,1,5.000074e+02
28,30,2,5.000074e+02
28,30,3,5.000074e+02
28,30,5,5.000074e+02
28,30,1,5.000075e+02
28,30,2,5.000075e+02
28,30,3,5.000075e+02
28,30,5,5.000075e+02
28,30,1,5.000075e+02
28,30,2,5.000075e+02
28,30,3,5.000075e+02
28,30,5,5.000075e+02
28,30,1,5.000075e+02
28,30,2,5.000075e+02
28,30,3,5.000075e+02
28,30,5,5.000075e+02
28,30,1,5.000075e+02
28,30,2,5.000075e+02
28,30,3,5.000075e+02
28,30,5,5.000075e+02
28,30,1,5.000075e+02
28,30,2,5.000075e+02
28,30,3,5.000075e+02
28,30,5,5.000075e+02
28,30,1,5.000073e+02
28,30,2,5.000073e+02
28,30,3,5.000073e+02
28,30,5,5.000073e+02
28,30,1,5.000075e+02
28,30,2,5.000075e+02
28,30,3,5.000075e+02
28,30,5,5.000075e+02
28,30,1,5.000075e+02
28,30,2,5.000075e+02
28,30,3,5.000075e+02
28,30,5,5.000075e+02
28,30,1,5.000073e+02
28,30,2,5.000073e+02
28,30,3,5.000073e+02
28,30,5,5.000073e+02
28,30,1,5.000075e+02
28,30,2,5.000075e+02
28,30,3,5.000075e+02
28,30,5,5.000075e+02
28,30,1,5.000075e+02
28,30,2,5.000075e+02
28,30,3,5.000075e+02
28,30,5,5.000075e+02
28,30,1,5.000075e+02
28,30,2,5.000075e+02
28,30,3,5.000075e+02
28,30,5,5.000075e+02
28,30,1,5.000075e+02
28,30,2,5.000075e+02
28,30,3,5.000075e+02
28,30,5,5.000075e+02
28,30,1,5.000075e+02
28,30,2,5.000075e+02
28,30,3,5.000075e+02
28,30,5,5.000075e+02
28,30,1,5.000075e+02
28,30,2,5.000075e+02
28,30,3,5.000075e+02
28,30,5,5.000075e+02
28,30,1,5.000074e+02
28,30,2,5.000074e+02
28,30,3,5.000074e+02
28,30,5,5.000073e+02
28,30,1,5.000075e+02
28,30,2,5.000075e+02
28,30,3,5.000075e+02
28,30,5,5.000075e+02
28,30,1,5.000075e+02
28,30,2,5.000075e+02
28,30,3,5.000075e+02
28,30,5,5.000075e+02
28,30,1,5.000075e+02
28,30,2,5.000075e+02
28,30,3,5.000075e+02
28,30,5,5.000075e+02
28,30,1,5.000075e+02
28,30,2,5.000075e+02
28,30,3,5.000075e+02
28,30,5,5.000075e+02
28,30,1,5.000075e+02
28,30,2,5.000075e+02
28,30,3,5.000075e+02
28,30,5,5.000075e+02
28,30,1,5.000075e+02
28,30,2,5.000075e+02
28,30,3,5.000075e+02
28,30,5,5.000075e+02
28,30,1,5.000075e+02
28,30,2,5.000075e+02
28,30,3,5.000075e+02
28,30,5,5.000075e+02
28,30,1,5.000075e+02
28,30,2,5.000075e+02
28,30,3,5.000075e+02
28,30,5,5.000075e+02
28,30,1,5.000075e+02
28,30,2,5.000075e+02
28,30,3,5.000075e+02
28,30,5,5.000075e+02
