funcid,dim,milestone,error
3,30,1,3.353036e+05
3,30,2,3.353036e+05
3,30,3,3.353036e+05
3,30,5,3.353036e+05
3,30,1,3.321609e+05
3,30,2,3.321609e+05
3,30,3,3.321609e+05
3,30,5,8.713068e+04
3,30,1,4.091212e+06
3,30,2,4.091212e+06
3,30,3,4.091212e+06
3,30,5,4.091212e+06
3,30,1,1.043558e+05
3,30,2,1.043558e+05
3,30,3,1.043558e+05
3,30,5,1.043558e+05
3,30,1,2.991349e+08
3,30,2,2.991349e+08
3,30,3,2.991349e+08
3,30,5,2.991349e+08
3,30,1,3.686295e+05
3,30,2,3.686295e+05
3,30,3,3.686295e+05
3,30,5,3.686295e+05
3,30,1,1.208069e+05
3,30,2,1.208069e+05
3,30,3,1.208069e+05
3,30,5,8.744023e+04
3,30,1,9.669397e+04
3,30,2,9.669397e+04
3,30,3,9.669397e+04
3,30,5,9.669397e+04
3,30,1,4.665450e+06
3,30,2,4.665450e+06
3,30,3,4.665450e+06
3,30,5,4.665450e+06
3,30,1,3.381596e+09
3,30,2,9.405682e+04
3,30,3,9.268946e+04
3,30,5,9.175377e+04
3,30,1,9.849235e+07
3,30,2,9.849235e+07
3,30,3,9.849235e+07
3,30,5,9.849235e+07
3,30,1,4.051784e+09
3,30,2,4.051784e+09
3,30,3,4.051784e+09
3,30,5,4.051784e+09
3,30,1,9.937446e+06
3,30,2,9.937446e+06
3,30,3,9.937446e+06
3,30,5,9.937446e+06
3,30,1,3.204034e+06
3,30,2,3.204034e+06
3,30,3,9.543910e+04
3,30,5,8.293418e+04
3,30,1,1.069903e+05
3,30,2,1.069903e+05
3,30,3,9.546743e+04
3,30,5,9.097070e+04
3,30,1,3.416384e+06
3,30,2,3.416384e+06
3,30,3,3.416384e+06
3,30,5,3.416384e+06
3,30,1,1.031866e+05
3,30,2,1.031866e+05
3,30,3,1.031866e+05
3,30,5,8.833358e+04
3,30,1,9.782276e+05
3,30,2,9.782276e+05
3,30,3,9.782276e+05
3,30,5,9.101002e+04
3,30,1,7.954961e+06
3,30,2,7.954961e+06
3,30,3,7.954961e+06
3,30,5,7.954961e+06
3,30,1,1.001933e+08
3,30,2,1.001933e+08
3,30,3,1.001933e+08
3,30,5,9.052776e+04
3,30,1,9.580822e+04
3,30,2,9.580822e+04
3,30,3,9.580822e+04
3,30,5,9.580822e+04
3,30,1,1.178010e+07
3,30,2,1.178010e+07
3,30,3,1.178010e+07
3,30,5,1.178010e+07
3,30,1,3.417424e+05
3,30,2,3.417424e+05
3,30,3,9.486214e+04
3,30,5,9.133806e+04
3,30,1,4.619563e+06
3,30,2,9.446350e+04
3,30,3,9.446350e+04
3,30,5,8.629221e+04
3,30,1,1.651298e+05
3,30,2,9.305422e+04
3,30,3,8.746730e+04
3,30,5,8.746730e+04
3,30,1,1.086370e+06
3,30,2,9.315710e+04
3,30,3,9.315710e+04
3,30,5,8.691459e+04
3,30,1,9.161870e+08
3,30,2,9.161870e+08
3,30,3,9.161870e+08
3,30,5,9.161870e+08
3,30,1,7.391661e+05
3,30,2,7.391661e+05
3,30,3,7.391661e+05
3,30,5,7.391661e+05
3,30,1,2.601170e+08
3,30,2,2.601170e+08
3,30,3,2.601170e+08
3,30,5,2.601170e+08
3,30,1,3.007992e+05
3,30,2,3.007992e+05
3,30,3,3.007992e+05
3,30,5,3.007992e+05
3,30,1,1.652704e+05
3,30,2,1.613640e+05
3,30,3,1.613640e+05
3,30,5,8.378516e+04
3,30,1,3.531970e+06
3,30,2,3.531970e+06
3,30,3,3.531970e+06
3,30,5,3.531970e+06
3,30,1,8.457099e+04
3,30,2,8.457099e+04
3,30,3,8.457099e+04
3,30,5,8.457099e+04
3,30,1,1.923964e+05
3,30,2,1.923964e+05
3,30,3,1.923964e+05
3,30,5,8.375043e+04
3,30,1,9.499526e+04
3,30,2,8.799577e+04
3,30,3,8.799577e+04
3,30,5,8.799577e+04
3,30,1,1.319389e+08
3,30,2,9.655105e+04
3,30,3,9.298819e+04
3,30,5,8.728145e+04
3,30,1,3.625976e+06
3,30,2,3.625976e+06
3,30,3,9.404040e+04
3,30,5,8.671425e+04
3,30,1,2.943380e+05
3,30,2,2.943380e+05
3,30,3,2.943380e+05
3,30,5,2.943380e+05
3,30,1,4.916639e+05
3,30,2,4.916639e+05
3,30,3,4.916639e+05
3,30,5,4.916639e+05
3,30,1,1.017491e+08
3,30,2,1.017491e+08
3,30,3,1.017491e+08
3,30,5,1.017491e+08
3,30,1,4.626420e+05
3,30,2,4.626420e+05
3,30,3,4.626420e+05
3,30,5,4.626420e+05
3,30,1,2.263835e+09
3,30,2,2.263835e+09
3,30,3,3.321817e+08
3,30,5,8.489962e+04
3,30,1,5.372424e+10
3,30,2,5.372424e+10
3,30,3,5.372424e+10
3,30,5,9.449451e+04
3,30,1,1.171280e+05
3,30,2,1.171280e+05
3,30,3,1.171280e+05
3,30,5,1.171280e+05
3,30,1,4.356305e+07
3,30,2,4.356305e+07
3,30,3,4.356305e+07
3,30,5,4.356305e+07
3,30,1,7.275853e+05
3,30,2,7.275853e+05
3,30,3,7.275853e+05
3,30,5,7.275853e+05
3,30,1,6.671110e+05
3,30,2,6.671110e+05
3,30,3,6.671110e+05
3,30,5,6.671110e+05
3,30,1,1.109824e+06
3,30,2,1.109824e+06
3,30,3,1.109824e+06
3,30,5,1.109824e+06
3,30,1,6.801726e+08
3,30,2,9.240782e+04
3,30,3,9.240782e+04
3,30,5,8.711655e+04
3,30,1,2.894498e+06
3,30,2,2.894498e+06
3,30,3,9.227411e+04
3,30,5,9.125560e+04
3,30,1,2.329611e+05
3,30,2,8.350475e+04
3,30,3,8.350475e+04
3,30,5,8.350475e+04
3,30,1,2.742708e+08
3,30,2,2.742708e+08
3,30,3,2.742708e+08
3,30,5,2.742708e+08
3,30,1,1.607682e+07
3,30,2,1.607682e+07
3,30,3,1.607682e+07
3,30,5,1.607682e+07
3,30,1,9.422071e+04
3,30,2,9.422071e+04
3,30,3,9.363393e+04
3,30,5,8.797480e+04
3,30,1,5.368220e+05
3,30,2,9.699492e+04
3,30,3,9.435428e+04
3,30,5,8.753602e+04
3,30,1,1.102646e+06
3,30,2,1.102646e+06
3,30,3,1.102646e+06
3,30,5,1.102646e+06
3,30,1,6.863869e+06
3,30,2,6.863869e+06
3,30,3,6.863869e+06
3,30,5,6.863869e+06
3,30,1,1.266494e+07
3,30,2,1.266494e+07
3,30,3,1.266494e+07
3,30,5,1.266494e+07
3,30,1,2.769511e+05
3,30,2,2.769511e+05
3,30,3,9.643255e+04
3,30,5,7.899783e+04
3,30,1,5.134563e+05
3,30,2,5.134563e+05
3,30,3,5.134563e+05
3,30,5,5.134563e+05
3,30,1,6.357998e+05
3,30,2,6.357998e+05
3,30,3,6.357998e+05
3,30,5,6.357998e+05
3,30,1,8.385855e+06
3,30,2,8.385855e+06
3,30,3,8.385855e+06
3,30,5,8.600308e+04
3,30,1,3.605689e+05
3,30,2,3.605689e+05
3,30,3,3.605689e+05
3,30,5,3.605689e+05
3,30,1,2.435217e+05
3,30,2,2.435217e+05
3,30,3,2.435217e+05
3,30,5,2.435217e+05
3,30,1,1.244771e+05
3,30,2,1.244771e+05
3,30,3,1.244771e+05
3,30,5,8.470375e+04
3,30,1,9.684382e+05
3,30,2,9.684382e+05
3,30,3,9.684382e+05
3,30,5,8.654806e+04
3,30,1,1.536920e+07
3,30,2,1.536920e+07
3,30,3,1.536920e+07
3,30,5,9.249963e+04
3,30,1,1.046406e+06
3,30,2,1.046406e+06
3,30,3,1.046406e+06
3,30,5,8.476304e+04
3,30,1,1.366356e+05
3,30,2,1.366356e+05
3,30,3,9.374671e+04
3,30,5,9.242343e+04
3,30,1,2.055007e+05
3,30,2,2.055007e+05
3,30,3,2.055007e+05
3,30,5,2.055007e+05
3,30,1,7.137144e+08
3,30,2,7.137144e+08
3,30,3,7.137144e+08
3,30,5,7.137144e+08
3,30,1,8.072785e+04
3,30,2,8.072785e+04
3,30,3,8.072785e+04
3,30,5,8.015046e+04
3,30,1,4.153566e+05
3,30,2,4.153566e+05
3,30,3,4.153566e+05
3,30,5,9.426362e+04
3,30,1,1.538314e+07
3,30,2,1.538314e+07
3,30,3,1.538314e+07
3,30,5,1.538314e+07
3,30,1,7.233851e+07
3,30,2,7.233851e+07
3,30,3,7.233851e+07
3,30,5,7.233851e+07
3,30,1,3.093759e+05
3,30,2,3.093759e+05
3,30,3,3.093759e+05
3,30,5,3.093759e+05
3,30,1,9.401506e+04
3,30,2,9.401506e+04
3,30,3,9.401506e+04
3,30,5,9.022800e+04
3,30,1,9.582661e+04
3,30,2,9.245009e+04
3,30,3,9.245009e+04
3,30,5,9.229785e+04
3,30,1,8.927454e+04
3,30,2,8.927454e+04
3,30,3,8.927454e+04
3,30,5,8.927454e+04
3,30,1,2.793396e+05
3,30,2,2.793396e+05
3,30,3,9.303999e+04
3,30,5,8.740984e+04
3,30,1,1.929794e+08
3,30,2,1.929794e+08
3,30,3,1.929794e+08
3,30,5,1.929794e+08
3,30,1,4.119173e+06
3,30,2,4.119173e+06
3,30,3,9.236093e+04
3,30,5,9.082966e+04
3,30,1,1.694801e+07
3,30,2,1.694801e+07
3,30,3,1.694801e+07
3,30,5,9.089499e+04
3,30,1,9.300372e+04
3,30,2,9.300372e+04
3,30,3,9.300372e+04
3,30,5,8.843512e+04
3,30,1,1.336758e+05
3,30,2,1.336758e+05
3,30,3,1.336758e+05
3,30,5,8.866654e+04
3,30,1,7.922906e+08
3,30,2,7.922906e+08
3,30,3,7.922906e+08
3,30,5,7.922906e+08
3,30,1,1.849105e+06
3,30,2,1.849105e+06
3,30,3,1.849105e+06
3,30,5,8.034050e+04
3,30,1,3.995635e+10
3,30,2,2.382092e+10
3,30,3,1.232012e+09
3,30,5,8.958077e+04
3,30,1,1.004169e+05
3,30,2,1.004169e+05
3,30,3,1.004169e+05
3,30,5,1.004169e+05
3,30,1,3.047253e+05
3,30,2,3.047253e+05
3,30,3,3.047253e+05
3,30,5,8.551813e+04
3,30,1,1.086642e+06
3,30,2,1.086642e+06
3,30,3,1.086642e+06
3,30,5,8.810850e+04
3,30,1,3.650363e+05
3,30,2,3.650363e+05
3,30,3,3.650363e+05
3,30,5,9.081021e+04
3,30,1,2.968389e+05
3,30,2,2.968389e+05
3,30,3,2.968389e+05
3,30,5,2.968389e+05
3,30,1,2.503604e+05
3,30,2,2.503604e+05
3,30,3,2.503604e+05
3,30,5,2.503604e+05
3,30,1,1.758878e+08
3,30,2,1.758878e+08
3,30,3,1.758878e+08
3,30,5,8.588145e+04
3,30,1,2.892641e+05
3,30,2,2.892641e+05
3,30,3,2.892641e+05
3,30,5,2.892641e+05
3,30,1,4.971272e+05
3,30,2,4.971272e+05
3,30,3,4.971272e+05
3,30,5,4.971272e+05
3,30,1,2.946811e+05
3,30,2,2.946811e+05
3,30,3,2.946811e+05
3,30,5,2.946811e+05
3,30,1,3.680389e+05
3,30,2,3.680389e+05
3,30,3,3.680389e+05
3,30,5,3.680389e+05
3,30,1,1.701262e+05
3,30,2,1.701262e+05
3,30,3,1.701262e+05
3,30,5,9.252839e+04
3,30,1,1.477199e+05
3,30,2,1.477199e+05
3,30,3,1.477199e+05
3,30,5,1.477199e+05
3,30,1,1.313141e+05
3,30,2,1.313141e+05
3,30,3,1.313141e+05
3,30,5,1.313141e+05
3,30,1,2.005875e+06
3,30,2,2.005875e+06
3,30,3,2.005875e+06
3,30,5,8.412479e+04
3,30,1,2.966079e+05
3,30,2,2.966079e+05
3,30,3,2.966079e+05
3,30,5,2.966079e+05
3,30,1,2.867410e+05
3,30,2,2.867410e+05
3,30,3,2.867410e+05
3,30,5,2.867410e+05
3,30,1,1.594995e+05
3,30,2,1.594995e+05
3,30,3,1.594995e+05
3,30,5,7.730116e+04
3,30,1,2.058642e+06
3,30,2,2.058642e+06
3,30,3,2.058642e+06
3,30,5,2.058642e+06
3,30,1,1.342019e+08
3,30,2,9.030652e+06
3,30,3,9.030652e+06
3,30,5,8.913427e+04
3,30,1,2.592996e+05
3,30,2,2.592996e+05
3,30,3,2.592996e+05
3,30,5,2.592996e+05
3,30,1,1.787692e+05
3,30,2,1.787692e+05
3,30,3,1.787692e+05
3,30,5,1.787692e+05
3,30,1,8.309903e+07
3,30,2,8.309903e+07
3,30,3,8.309903e+07
3,30,5,9.074166e+04
3,30,1,8.712205e+07
3,30,2,8.712205e+07
3,30,3,8.712205e+07
3,30,5,8.712205e+07
3,30,1,4.115741e+09
3,30,2,4.115741e+09
3,30,3,4.115741e+09
3,30,5,4.115741e+09
3,30,1,2.911199e+11
3,30,2,2.911199e+11
3,30,3,2.911199e+11
3,30,5,2.911199e+11
3,30,1,3.476704e+05
3,30,2,3.476704e+05
3,30,3,3.476704e+05
3,30,5,9.034252e+04
3,30,1,1.579599e+09
3,30,2,1.579599e+09
3,30,3,1.579599e+09
3,30,5,1.579599e+09
3,30,1,4.622979e+05
3,30,2,4.622979e+05
3,30,3,4.622979e+05
3,30,5,9.368246e+04
3,30,1,3.026732e+09
3,30,2,9.915017e+04
3,30,3,9.091949e+04
3,30,5,8.773152e+04
3,30,1,1.147218e+09
3,30,2,1.147218e+09
3,30,3,1.147218e+09
3,30,5,1.147218e+09
3,30,1,1.101663e+08
3,30,2,1.101663e+08
3,30,3,1.101663e+08
3,30,5,1.101663e+08
3,30,1,7.955251e+06
3,30,2,7.955251e+06
3,30,3,7.955251e+06
3,30,5,7.955251e+06
3,30,1,8.913606e+08
3,30,2,8.913606e+08
3,30,3,8.913606e+08
3,30,5,9.079701e+04
3,30,1,9.647725e+04
3,30,2,9.647725e+04
3,30,3,9.647725e+04
3,30,5,8.686963e+04
3,30,1,6.591887e+07
3,30,2,6.591887e+07
3,30,3,6.591887e+07
3,30,5,9.562580e+04
3,30,1,4.246238e+05
3,30,2,4.246238e+05
3,30,3,4.246238e+05
3,30,5,4.246238e+05
3,30,1,2.758840e+08
3,30,2,2.758840e+08
3,30,3,2.758840e+08
3,30,5,8.842934e+04
3,30,1,1.473594e+08
3,30,2,1.473594e+08
3,30,3,1.473594e+08
3,30,5,1.473594e+08
3,30,1,2.530194e+05
3,30,2,2.530194e+05
3,30,3,2.530194e+05
3,30,5,8.608456e+04
3,30,1,3.820864e+05
3,30,2,9.476944e+04
3,30,3,8.888036e+04
3,30,5,8.888036e+04
3,30,1,1.724488e+08
3,30,2,1.724488e+08
3,30,3,1.724488e+08
3,30,5,1.724488e+08
3,30,1,2.690269e+09
3,30,2,2.690269e+09
3,30,3,2.690269e+09
3,30,5,2.690269e+09
3,30,1,1.853532e+05
3,30,2,1.853532e+05
3,30,3,9.375572e+04
3,30,5,8.795369e+04
3,30,1,9.267086e+04
3,30,2,9.021100e+04
3,30,3,9.021100e+04
3,30,5,9.021100e+04
3,30,1,6.152559e+08
3,30,2,6.152559e+08
3,30,3,6.152559e+08
3,30,5,6.152559e+08
3,30,1,9.061124e+06
3,30,2,9.061124e+06
3,30,3,9.061124e+06
3,30,5,8.734007e+04
3,30,1,3.210542e+05
3,30,2,3.210542e+05
3,30,3,3.210542e+05
3,30,5,3.210542e+05
3,30,1,6.162849e+06
3,30,2,6.162849e+06
3,30,3,6.162849e+06
3,30,5,6.162849e+06
3,30,1,1.070884e+05
3,30,2,1.070884e+05
3,30,3,1.070884e+05
3,30,5,1.070884e+05
3,30,1,3.262975e+08
3,30,2,8.869405e+04
3,30,3,8.869405e+04
3,30,5,8.307750e+04
3,30,1,8.891426e+04
3,30,2,8.891426e+04
3,30,3,8.891426e+04
3,30,5,8.891426e+04
3,30,1,1.864343e+08
3,30,2,1.864343e+08
3,30,3,1.864343e+08
3,30,5,1.864343e+08
3,30,1,2.528198e+09
3,30,2,2.528198e+09
3,30,3,2.528198e+09
3,30,5,2.528198e+09
3,30,1,1.135125e+05
3,30,2,1.135125e+05
3,30,3,1.135125e+05
3,30,5,8.967532e+04
3,30,1,3.718537e+05
3,30,2,3.718537e+05
3,30,3,3.718537e+05
3,30,5,9.052980e+04
3,30,1,1.010794e+05
3,30,2,1.010794e+05
3,30,3,1.010794e+05
3,30,5,8.490937e+04
3,30,1,2.578477e+05
3,30,2,2.578477e+05
3,30,3,9.484148e+04
3,30,5,9.305314e+04
3,30,1,2.720924e+08
3,30,2,2.720924e+08
3,30,3,2.720924e+08
3,30,5,2.720924e+08
3,30,1,9.698783e+04
3,30,2,9.698783e+04
3,30,3,9.045568e+04
3,30,5,9.045568e+04
3,30,1,1.020804e+06
3,30,2,1.020804e+06
3,30,3,1.020804e+06
3,30,5,1.020804e+06
3,30,1,9.536412e+04
3,30,2,9.536412e+04
3,30,3,9.207452e+04
3,30,5,8.486280e+04
3,30,1,2.682679e+07
3,30,2,2.682679e+07
3,30,3,2.682679e+07
3,30,5,2.682679e+07
3,30,1,2.373701e+05
3,30,2,2.373701e+05
3,30,3,2.373701e+05
3,30,5,2.373701e+05
3,30,1,1.598242e+06
3,30,2,1.598242e+06
3,30,3,1.598242e+06
3,30,5,1.598242e+06
3,30,1,2.529672e+06
3,30,2,2.529672e+06
3,30,3,2.529672e+06
3,30,5,2.529672e+06
3,30,10,2.529672e+06
3,30,20,2.529672e+06
3,30,30,9.025501e+04
3,30,40,7.404088e+04
3,30,50,6.258347e+04
3,30,1,8.850311e+08
3,30,2,8.850311e+08
3,30,3,4.023912e+06
3,30,5,4.023912e+06
3,30,10,4.023912e+06
3,30,20,4.023912e+06
3,30,30,4.023912e+06
3,30,40,4.023912e+06
3,30,50,4.023912e+06
3,30,1,6.456181e+05
3,30,2,6.456181e+05
3,30,3,6.456181e+05
3,30,5,6.456181e+05
3,30,10,6.456181e+05
3,30,20,6.456181e+05
3,30,30,6.456181e+05
3,30,40,6.456181e+05
3,30,50,6.456181e+05
3,30,1,2.591516e+05
3,30,2,2.591516e+05
3,30,3,2.591516e+05
3,30,5,9.492105e+04
3,30,10,9.492105e+04
3,30,20,9.492105e+04
3,30,30,9.492105e+04
3,30,40,9.162569e+04
3,30,50,9.162569e+04
3,30,1,1.617509e+06
3,30,2,1.617509e+06
3,30,3,1.617509e+06
3,30,5,1.617509e+06
3,30,10,1.617509e+06
3,30,20,1.617509e+06
3,30,30,8.775843e+04
3,30,40,8.775843e+04
3,30,50,8.775843e+04
3,30,1,4.385838e+05
3,30,2,4.385838e+05
3,30,3,4.385838e+05
3,30,5,4.385838e+05
3,30,10,4.385838e+05
3,30,20,4.385838e+05
3,30,30,4.385838e+05
3,30,40,4.385838e+05
3,30,50,4.385838e+05
3,30,1,1.006369e+06
3,30,2,2.926299e+05
3,30,3,2.926299e+05
3,30,5,2.926299e+05
3,30,10,2.466609e+05
3,30,20,2.466609e+05
3,30,30,2.466609e+05
3,30,40,2.466609e+05
3,30,50,2.466609e+05
3,30,1,2.559735e+09
3,30,2,8.483240e+04
3,30,3,8.483240e+04
3,30,5,8.483240e+04
3,30,10,8.483240e+04
3,30,20,8.483240e+04
3,30,30,8.483240e+04
3,30,40,8.483240e+04
3,30,50,8.483240e+04
3,30,1,2.950347e+05
3,30,2,2.950347e+05
3,30,3,2.950347e+05
3,30,5,2.950347e+05
3,30,10,9.640489e+04
3,30,20,9.640489e+04
3,30,30,8.952874e+04
3,30,40,8.952874e+04
3,30,50,8.952874e+04
3,30,1,2.780300e+07
3,30,2,2.780300e+07
3,30,3,2.780300e+07
3,30,5,6.177275e+05
3,30,10,9.155577e+04
3,30,20,9.155577e+04
3,30,30,9.155577e+04
3,30,40,9.155577e+04
3,30,50,9.155577e+04
3,30,1,2.991790e+07
3,30,2,2.991790e+07
3,30,3,2.991790e+07
3,30,5,2.991790e+07
3,30,10,2.991790e+07
3,30,20,2.991790e+07
3,30,30,9.016367e+04
3,30,40,8.423155e+04
3,30,50,6.121514e+04
3,30,1,2.053970e+10
3,30,2,2.053970e+10
3,30,3,2.053970e+10
3,30,5,2.053970e+10
3,30,10,2.053970e+10
3,30,20,2.053970e+10
3,30,30,2.053970e+10
3,30,40,2.053970e+10
3,30,50,2.053970e+10
3,30,1,2.149755e+07
3,30,2,2.149755e+07
3,30,3,2.149755e+07
3,30,5,2.149755e+07
3,30,10,9.637540e+04
3,30,20,9.510884e+04
3,30,30,8.816687e+04
3,30,40,8.816687e+04
3,30,50,8.816687e+04
3,30,1,2.121559e+05
3,30,2,2.121559e+05
3,30,3,1.136386e+05
3,30,5,1.136386e+05
3,30,10,1.136386e+05
3,30,20,1.136386e+05
3,30,30,1.136386e+05
3,30,40,1.136386e+05
3,30,50,7.551788e+04
3,30,1,1.188722e+07
3,30,2,6.136387e+05
3,30,3,6.136387e+05
3,30,5,9.434171e+04
3,30,10,9.434171e+04
3,30,20,9.434171e+04
3,30,30,9.434171e+04
3,30,40,9.434171e+04
3,30,50,9.434171e+04
3,30,1,8.018178e+05
3,30,2,8.018178e+05
3,30,3,1.476506e+05
3,30,5,1.476506e+05
3,30,10,1.476506e+05
3,30,20,1.476506e+05
3,30,30,1.476506e+05
3,30,40,1.476506e+05
3,30,50,1.476506e+05
3,30,1,2.945793e+05
3,30,2,2.945793e+05
3,30,3,2.945793e+05
3,30,5,2.945793e+05
3,30,10,2.945793e+05
3,30,20,2.945793e+05
3,30,30,2.945793e+05
3,30,40,7.795099e+04
3,30,50,7.044307e+04
3,30,1,1.791217e+09
3,30,2,1.791217e+09
3,30,3,1.791217e+09
3,30,5,1.791217e+09
3,30,10,1.791217e+09
3,30,20,1.791217e+09
3,30,30,1.791217e+09
3,30,40,1.791217e+09
3,30,50,1.791217e+09
3,30,1,2.607005e+05
3,30,2,2.607005e+05
3,30,3,2.607005e+05
3,30,5,2.607005e+05
3,30,10,2.607005e+05
3,30,20,2.607005e+05
3,30,30,2.607005e+05
3,30,40,2.607005e+05
3,30,50,2.607005e+05
3,30,1,7.016085e+07
3,30,2,7.016085e+07
3,30,3,7.016085e+07
3,30,5,7.016085e+07
3,30,10,7.016085e+07
3,30,20,7.016085e+07
3,30,30,7.016085e+07
3,30,40,7.016085e+07
3,30,50,7.016085e+07
3,30,1,3.449337e+05
3,30,2,1.474454e+05
3,30,3,1.044975e+05
3,30,5,1.044390e+05
3,30,10,9.249205e+04
3,30,20,9.249205e+04
3,30,30,9.249205e+04
3,30,40,9.249205e+04
3,30,50,9.249205e+04
3,30,1,1.225615e+06
3,30,2,1.225615e+06
3,30,3,1.225615e+06
3,30,5,1.225615e+06
3,30,10,1.225615e+06
3,30,20,1.225615e+06
3,30,30,1.225615e+06
3,30,40,8.841937e+04
3,30,50,7.366800e+04
3,30,1,1.322333e+07
3,30,2,1.322333e+07
3,30,3,1.322333e+07
3,30,5,1.322333e+07
3,30,10,1.322333e+07
3,30,20,1.322333e+07
3,30,30,1.322333e+07
3,30,40,1.322333e+07
3,30,50,1.322333e+07
3,30,1,5.198831e+08
3,30,2,2.029025e+05
3,30,3,2.029025e+05
3,30,5,2.029025e+05
3,30,10,2.029025e+05
3,30,20,9.434034e+04
3,30,30,9.167364e+04
3,30,40,8.412838e+04
3,30,50,6.331061e+04
3,30,1,2.957873e+05
3,30,2,2.957873e+05
3,30,3,2.957873e+05
3,30,5,2.957873e+05
3,30,10,2.957873e+05
3,30,20,2.957873e+05
3,30,30,2.957873e+05
3,30,40,2.957873e+05
3,30,50,2.957873e+05
3,30,1,4.821513e+06
3,30,2,4.821513e+06
3,30,3,4.821513e+06
3,30,5,4.821513e+06
3,30,10,4.821513e+06
3,30,20,4.821513e+06
3,30,30,4.821513e+06
3,30,40,8.463623e+04
3,30,50,7.630024e+04
3,30,1,3.212251e+05
3,30,2,3.212251e+05
3,30,3,3.212251e+05
3,30,5,3.212251e+05
3,30,10,3.212251e+05
3,30,20,3.212251e+05
3,30,30,8.316098e+04
3,30,40,8.316098e+04
3,30,50,8.316098e+04
3,30,1,6.339007e+06
3,30,2,6.339007e+06
3,30,3,6.339007e+06
3,30,5,6.339007e+06
3,30,10,6.339007e+06
3,30,20,6.339007e+06
3,30,30,6.339007e+06
3,30,40,8.817458e+04
3,30,50,5.938772e+04
3,30,1,4.104085e+05
3,30,2,4.104085e+05
3,30,3,4.104085e+05
3,30,5,4.104085e+05
3,30,10,4.104085e+05
3,30,20,4.104085e+05
3,30,30,4.104085e+05
3,30,40,4.104085e+05
3,30,50,7.320264e+04
3,30,1,7.230885e+07
3,30,2,7.230885e+07
3,30,3,7.230885e+07
3,30,5,7.230885e+07
3,30,10,7.230885e+07
3,30,20,7.230885e+07
3,30,30,8.018412e+04
3,30,40,8.018412e+04
3,30,50,8.018412e+04
3,30,1,3.923966e+09
3,30,2,3.923966e+09
3,30,3,3.923966e+09
3,30,5,3.923966e+09
3,30,10,3.923966e+09
3,30,20,3.923966e+09
3,30,30,8.644991e+04
3,30,40,8.644991e+04
3,30,50,8.644991e+04
3,30,1,1.709052e+06
3,30,2,1.709052e+06
3,30,3,1.709052e+06
3,30,5,1.709052e+06
3,30,10,1.709052e+06
3,30,20,1.709052e+06
3,30,30,1.709052e+06
3,30,40,8.318900e+04
3,30,50,8.318900e+04
3,30,1,8.417487e+07
3,30,2,8.417487e+07
3,30,3,8.417487e+07
3,30,5,8.417487e+07
3,30,10,8.417487e+07
3,30,20,8.417487e+07
3,30,30,8.417487e+07
3,30,40,8.417487e+07
3,30,50,8.417487e+07
3,30,1,1.732117e+07
3,30,2,1.732117e+07
3,30,3,1.732117e+07
3,30,5,1.732117e+07
3,30,10,1.732117e+07
3,30,20,1.732117e+07
3,30,30,1.732117e+07
3,30,40,8.919884e+04
3,30,50,5.915002e+04
3,30,1,4.286731e+05
3,30,2,1.135627e+05
3,30,3,1.135627e+05
3,30,5,1.135627e+05
3,30,10,1.135627e+05
3,30,20,1.135627e+05
3,30,30,1.135627e+05
3,30,40,1.135627e+05
3,30,50,1.135627e+05
3,30,1,1.214777e+08
3,30,2,1.090836e+05
3,30,3,1.090836e+05
3,30,5,1.090836e+05
3,30,10,1.090836e+05
3,30,20,1.090836e+05
3,30,30,1.090836e+05
3,30,40,1.090836e+05
3,30,50,1.090836e+05
3,30,1,5.454015e+08
3,30,2,5.454015e+08
3,30,3,5.454015e+08
3,30,5,5.454015e+08
3,30,10,9.226693e+04
3,30,20,9.226693e+04
3,30,30,9.226693e+04
3,30,40,8.143775e+04
3,30,50,6.624669e+04
3,30,1,6.462511e+06
3,30,2,1.436445e+05
3,30,3,1.436445e+05
3,30,5,9.340884e+04
3,30,10,9.340884e+04
3,30,20,9.340884e+04
3,30,30,9.110122e+04
3,30,40,7.856024e+04
3,30,50,5.814748e+04
3,30,1,2.476310e+06
3,30,2,2.476310e+06
3,30,3,2.476310e+06
3,30,5,2.476310e+06
3,30,10,2.476310e+06
3,30,20,2.476310e+06
3,30,30,2.476310e+06
3,30,40,2.476310e+06
3,30,50,2.476310e+06
3,30,1,9.818105e+05
3,30,2,9.818105e+05
3,30,3,9.818105e+05
3,30,5,9.818105e+05
3,30,10,9.818105e+05
3,30,20,9.818105e+05
3,30,30,9.818105e+05
3,30,40,8.392427e+04
3,30,50,6.127793e+04
3,30,1,3.278426e+06
3,30,2,3.278426e+06
3,30,3,3.278426e+06
3,30,5,3.278426e+06
3,30,10,3.278426e+06
3,30,20,3.278426e+06
3,30,30,3.278426e+06
3,30,40,8.156526e+04
3,30,50,8.156526e+04
3,30,1,1.239441e+09
3,30,2,1.239441e+09
3,30,3,1.239441e+09
3,30,5,1.239441e+09
3,30,10,1.239441e+09
3,30,20,1.239441e+09
3,30,30,1.239441e+09
3,30,40,1.239441e+09
3,30,50,1.239441e+09
3,30,1,1.934455e+05
3,30,2,1.934455e+05
3,30,3,1.934455e+05
3,30,5,1.934455e+05
3,30,10,1.934455e+05
3,30,20,9.379901e+04
3,30,30,8.629561e+04
3,30,40,8.629561e+04
3,30,50,8.629561e+04
3,30,1,8.517564e+06
3,30,2,8.517564e+06
3,30,3,8.517564e+06
3,30,5,8.517564e+06
3,30,10,8.517564e+06
3,30,20,8.517564e+06
3,30,30,8.517564e+06
3,30,40,8.517564e+06
3,30,50,8.517564e+06
3,30,1,2.181825e+05
3,30,2,2.181825e+05
3,30,3,2.181825e+05
3,30,5,2.181825e+05
3,30,10,2.181825e+05
3,30,20,9.149210e+04
3,30,30,8.712753e+04
3,30,40,8.712753e+04
3,30,50,8.712753e+04
3,30,1,5.123608e+10
3,30,2,5.123608e+10
3,30,3,5.123608e+10
3,30,5,5.123608e+10
3,30,10,5.123608e+10
3,30,20,5.123608e+10
3,30,30,5.123608e+10
3,30,40,7.780794e+04
3,30,50,5.743728e+04
3,30,1,5.753612e+06
3,30,2,5.753612e+06
3,30,3,1.292435e+06
3,30,5,1.292435e+06
3,30,10,9.624934e+04
3,30,20,9.202490e+04
3,30,30,8.678483e+04
3,30,40,8.678483e+04
3,30,50,8.678483e+04
3,30,1,2.184246e+09
3,30,2,1.450683e+07
3,30,3,1.450683e+07
3,30,5,1.450683e+07
3,30,10,1.450683e+07
3,30,20,1.450683e+07
3,30,30,9.185433e+04
3,30,40,8.750512e+04
3,30,50,8.750512e+04
3,30,1,2.107860e+06
3,30,2,2.107860e+06
3,30,3,2.107860e+06
3,30,5,2.107860e+06
3,30,10,2.107860e+06
3,30,20,2.107860e+06
3,30,30,2.107860e+06
3,30,40,2.107860e+06
3,30,50,2.107860e+06
3,30,1,4.039968e+07
3,30,2,1.104875e+05
3,30,3,1.104875e+05
3,30,5,9.005434e+04
3,30,10,9.005434e+04
3,30,20,9.005434e+04
3,30,30,9.005434e+04
3,30,40,9.005434e+04
3,30,50,8.626809e+04
3,30,1,1.718715e+07
3,30,2,1.718715e+07
3,30,3,1.718715e+07
3,30,5,1.718715e+07
3,30,10,1.718715e+07
3,30,20,1.718715e+07
3,30,30,1.718715e+07
3,30,40,9.067665e+04
3,30,50,7.263284e+04
3,30,1,2.621745e+05
3,30,2,2.621745e+05
3,30,3,2.621745e+05
3,30,5,8.835025e+04
3,30,1,2.459886e+07
3,30,2,2.459886e+07
3,30,3,2.459886e+07
3,30,5,2.459886e+07
3,30,1,5.248749e+05
3,30,2,5.248749e+05
3,30,3,5.248749e+05
3,30,5,9.145689e+04
3,30,1,7.040460e+07
3,30,2,7.040460e+07
3,30,3,7.040460e+07
3,30,5,7.040460e+07
3,30,1,2.675558e+07
3,30,2,2.675558e+07
3,30,3,2.675558e+07
3,30,5,2.675558e+07
3,30,1,9.683611e+04
3,30,2,9.683611e+04
3,30,3,9.683611e+04
3,30,5,9.032096e+04
3,30,1,3.156179e+08
3,30,2,3.156179e+08
3,30,3,3.156179e+08
3,30,5,3.156179e+08
3,30,1,3.689246e+08
3,30,2,3.689246e+08
3,30,3,3.689246e+08
3,30,5,3.689246e+08
3,30,1,2.912545e+07
3,30,2,2.912545e+07
3,30,3,2.912545e+07
3,30,5,2.912545e+07
3,30,1,8.160491e+04
3,30,2,8.160491e+04
3,30,3,8.160491e+04
3,30,5,8.160491e+04
3,30,1,7.210240e+07
3,30,2,7.210240e+07
3,30,3,7.210240e+07
3,30,5,8.758882e+04
3,30,1,3.129294e+05
3,30,2,3.129294e+05
3,30,3,3.129294e+05
3,30,5,8.477987e+04
3,30,1,2.881765e+07
3,30,2,2.881765e+07
3,30,3,2.881765e+07
3,30,5,2.881765e+07
3,30,1,1.893070e+09
3,30,2,1.893070e+09
3,30,3,1.893070e+09
3,30,5,1.893070e+09
3,30,1,4.167835e+06
3,30,2,4.167835e+06
3,30,3,4.167835e+06
3,30,5,8.414879e+04
3,30,1,1.346690e+08
3,30,2,1.346690e+08
3,30,3,1.346690e+08
3,30,5,1.346690e+08
3,30,1,1.373979e+06
3,30,2,1.373979e+06
3,30,3,1.373979e+06
3,30,5,8.561663e+04
3,30,1,4.659284e+05
3,30,2,4.659284e+05
3,30,3,4.659284e+05
3,30,5,9.099023e+04
3,30,1,3.381235e+05
3,30,2,3.381235e+05
3,30,3,3.381235e+05
3,30,5,3.381235e+05
3,30,1,6.863525e+07
3,30,2,6.863525e+07
3,30,3,6.863525e+07
3,30,5,6.863525e+07
3,30,1,4.112520e+05
3,30,2,4.112520e+05
3,30,3,4.112520e+05
3,30,5,4.112520e+05
3,30,1,5.294685e+08
3,30,2,5.294685e+08
3,30,3,5.294685e+08
3,30,5,5.294685e+08
3,30,1,3.803214e+06
3,30,2,3.803214e+06
3,30,3,3.803214e+06
3,30,5,8.734126e+04
3,30,1,3.838783e+06
3,30,2,3.838783e+06
3,30,3,3.838783e+06
3,30,5,3.838783e+06
3,30,1,1.413517e+05
3,30,2,1.413517e+05
3,30,3,1.413517e+05
3,30,5,1.413517e+05
3,30,1,8.801412e+04
3,30,2,8.801412e+04
3,30,3,8.801412e+04
3,30,5,8.801412e+04
3,30,1,1.637611e+07
3,30,2,1.637611e+07
3,30,3,1.637611e+07
3,30,5,1.637611e+07
3,30,1,3.693438e+07
3,30,2,3.693438e+07
3,30,3,3.693438e+07
3,30,5,3.693438e+07
3,30,1,5.220686e+07
3,30,2,5.220686e+07
3,30,3,5.220686e+07
3,30,5,5.220686e+07
3,30,1,9.490663e+04
3,30,2,9.490663e+04
3,30,3,9.490663e+04
3,30,5,9.005858e+04
3,30,1,8.500671e+04
3,30,2,8.500671e+04
3,30,3,8.500671e+04
3,30,5,8.500671e+04
3,30,1,2.109048e+05
3,30,2,2.109048e+05
3,30,3,2.109048e+05
3,30,5,8.556557e+04
3,30,1,2.336424e+05
3,30,2,2.336424e+05
3,30,3,2.336424e+05
3,30,5,2.336424e+05
3,30,1,7.723557e+06
3,30,2,7.723557e+06
3,30,3,7.723557e+06
3,30,5,8.468496e+04
3,30,1,3.340753e+07
3,30,2,3.340753e+07
3,30,3,3.340753e+07
3,30,5,3.340753e+07
3,30,1,3.022873e+05
3,30,2,3.022873e+05
3,30,3,3.022873e+05
3,30,5,9.896384e+04
3,30,1,7.429608e+05
3,30,2,9.336633e+04
3,30,3,9.336633e+04
3,30,5,9.336633e+04
3,30,1,1.458992e+05
3,30,2,1.458992e+05
3,30,3,1.458992e+05
3,30,5,8.765986e+04
3,30,1,3.090390e+05
3,30,2,3.090390e+05
3,30,3,3.090390e+05
3,30,5,8.526883e+04
3,30,1,2.441214e+05
3,30,2,2.441214e+05
3,30,3,2.441214e+05
3,30,5,2.441214e+05
3,30,1,2.036136e+06
3,30,2,2.036136e+06
3,30,3,2.036136e+06
3,30,5,9.544583e+04
3,30,1,2.787119e+05
3,30,2,2.787119e+05
3,30,3,9.020357e+04
3,30,5,8.962218e+04
3,30,1,2.691707e+05
3,30,2,2.691707e+05
3,30,3,2.691707e+05
3,30,5,8.974547e+04
3,30,1,3.630753e+07
3,30,2,3.630753e+07
3,30,3,3.630753e+07
3,30,5,3.630753e+07
3,30,1,4.856834e+05
3,30,2,9.487843e+04
3,30,3,9.239812e+04
3,30,5,8.858531e+04
3,30,1,1.412015e+07
3,30,2,1.412015e+07
3,30,3,1.412015e+07
3,30,5,1.412015e+07
3,30,1,3.837337e+09
3,30,2,3.837337e+09
3,30,3,3.837337e+09
3,30,5,8.008262e+04
3,30,1,3.931907e+08
3,30,2,3.931907e+08
3,30,3,3.931907e+08
3,30,5,3.931907e+08
3,30,1,9.641762e+04
3,30,2,9.641762e+04
3,30,3,9.641762e+04
3,30,5,7.939865e+04
3,30,1,3.894265e+06
3,30,2,3.894265e+06
3,30,3,3.894265e+06
3,30,5,3.894265e+06
3,30,1,4.072565e+05
3,30,2,9.186588e+04
3,30,3,9.186588e+04
3,30,5,9.186588e+04
