funcid,dim,milestone,error
12,30,1,3.334866e+10
12,30,2,3.334866e+10
12,30,3,3.334866e+10
12,30,5,1.135302e+10
12,30,1,1.304071e+10
12,30,2,1.304071e+10
12,30,3,1.304071e+10
12,30,5,1.304071e+10
12,30,1,1.117650e+10
12,30,2,1.117650e+10
12,30,3,1.117650e+10
12,30,5,1.117650e+10
12,30,1,9.111998e+09
12,30,2,9.111998e+09
12,30,3,9.111998e+09
12,30,5,9.111998e+09
12,30,1,1.211508e+10
12,30,2,1.211508e+10
12,30,3,1.211508e+10
12,30,5,1.211508e+10
12,30,1,2.409650e+10
12,30,2,2.409650e+10
12,30,3,2.409650e+10
12,30,5,2.139873e+10
12,30,1,2.564883e+10
12,30,2,2.564883e+10
12,30,3,2.564883e+10
12,30,5,2.564883e+10
12,30,1,2.193938e+10
12,30,2,2.193938e+10
12,30,3,2.193938e+10
12,30,5,2.193938e+10
12,30,1,2.839092e+10
12,30,2,2.839092e+10
12,30,3,2.839092e+10
12,30,5,2.839092e+10
12,30,1,3.437285e+10
12,30,2,3.437285e+10
12,30,3,3.437285e+10
12,30,5,3.437285e+10
12,30,1,1.089387e+10
12,30,2,1.089387e+10
12,30,3,1.089387e+10
12,30,5,1.089387e+10
12,30,1,1.996232e+10
12,30,2,1.996232e+10
12,30,3,1.996232e+10
12,30,5,1.996232e+10
12,30,1,1.513182e+10
12,30,2,1.513182e+10
12,30,3,1.513182e+10
12,30,5,1.513182e+10
12,30,1,1.607835e+10
12,30,2,1.607835e+10
12,30,3,1.607835e+10
12,30,5,1.607835e+10
12,30,1,2.880216e+10
12,30,2,2.880216e+10
12,30,3,2.880216e+10
12,30,5,2.880216e+10
12,30,1,1.303264e+10
12,30,2,1.303264e+10
12,30,3,1.303264e+10
12,30,5,1.303264e+10
12,30,1,1.659998e+10
12,30,2,1.659998e+10
12,30,3,1.659998e+10
12,30,5,1.659998e+10
12,30,1,2.244666e+10
12,30,2,2.244666e+10
12,30,3,2.244666e+10
12,30,5,2.244666e+10
12,30,1,3.245578e+10
12,30,2,3.245578e+10
12,30,3,3.245578e+10
12,30,5,3.245578e+10
12,30,1,1.288250e+10
12,30,2,1.288250e+10
12,30,3,1.288250e+10
12,30,5,1.288250e+10
12,30,1,2.470259e+10
12,30,2,2.470259e+10
12,30,3,2.470259e+10
12,30,5,2.470259e+10
12,30,1,2.509824e+10
12,30,2,2.509824e+10
12,30,3,2.509824e+10
12,30,5,2.509824e+10
12,30,1,1.813924e+10
12,30,2,1.813924e+10
12,30,3,1.813924e+10
12,30,5,1.813924e+10
12,30,1,2.328330e+10
12,30,2,2.328330e+10
12,30,3,1.647068e+10
12,30,5,8.636808e+09
12,30,1,1.282532e+10
12,30,2,1.282532e+10
12,30,3,1.282532e+10
12,30,5,1.282532e+10
12,30,1,1.520399e+10
12,30,2,1.520399e+10
12,30,3,1.520399e+10
12,30,5,1.520399e+10
12,30,1,3.434848e+10
12,30,2,2.213156e+10
12,30,3,1.146590e+10
12,30,5,1.146590e+10
12,30,1,1.475934e+10
12,30,2,1.475934e+10
12,30,3,1.475934e+10
12,30,5,1.475934e+10
12,30,1,2.519591e+10
12,30,2,2.519591e+10
12,30,3,2.519591e+10
12,30,5,2.519591e+10
12,30,1,1.981776e+10
12,30,2,1.981776e+10
12,30,3,1.981776e+10
12,30,5,1.981776e+10
12,30,1,2.471289e+10
12,30,2,2.471289e+10
12,30,3,2.471289e+10
12,30,5,2.471289e+10
12,30,1,1.259606e+10
12,30,2,1.259606e+10
12,30,3,1.259606e+10
12,30,5,1.259606e+10
12,30,1,1.958908e+10
12,30,2,1.958908e+10
12,30,3,1.958908e+10
12,30,5,1.958908e+10
12,30,1,1.909120e+10
12,30,2,1.909120e+10
12,30,3,1.909120e+10
12,30,5,1.909120e+10
12,30,1,2.804230e+10
12,30,2,2.804230e+10
12,30,3,2.804230e+10
12,30,5,2.804230e+10
12,30,1,1.997079e+10
12,30,2,1.997079e+10
12,30,3,1.997079e+10
12,30,5,1.997079e+10
12,30,1,3.468328e+10
12,30,2,3.468328e+10
12,30,3,3.468328e+10
12,30,5,3.468328e+10
12,30,1,2.062994e+10
12,30,2,2.062994e+10
12,30,3,2.062994e+10
12,30,5,2.062994e+10
12,30,1,1.859208e+10
12,30,2,1.859208e+10
12,30,3,1.859208e+10
12,30,5,5.561437e+09
12,30,1,1.954113e+10
12,30,2,1.954113e+10
12,30,3,1.954113e+10
12,30,5,1.954113e+10
12,30,1,1.619075e+10
12,30,2,1.619075e+10
12,30,3,1.619075e+10
12,30,5,1.619075e+10
12,30,1,1.719894e+10
12,30,2,1.719894e+10
12,30,3,1.719894e+10
12,30,5,1.719894e+10
12,30,1,2.391133e+10
12,30,2,2.391133e+10
12,30,3,2.391133e+10
12,30,5,2.391133e+10
12,30,1,1.864407e+10
12,30,2,1.864407e+10
12,30,3,1.864407e+10
12,30,5,1.864407e+10
12,30,1,2.064596e+10
12,30,2,2.064596e+10
12,30,3,2.064596e+10
12,30,5,2.064596e+10
12,30,1,2.178073e+10
12,30,2,2.178073e+10
12,30,3,1.305224e+10
12,30,5,1.641793e+09
12,30,1,2.256748e+10
12,30,2,2.256748e+10
12,30,3,2.256748e+10
12,30,5,2.256748e+10
12,30,1,1.529375e+10
12,30,2,1.529375e+10
12,30,3,1.529375e+10
12,30,5,1.529375e+10
12,30,1,2.636699e+10
12,30,2,2.636699e+10
12,30,3,2.636699e+10
12,30,5,2.636699e+10
12,30,1,2.395455e+10
12,30,2,2.395455e+10
12,30,3,2.395455e+10
12,30,5,2.395455e+10
12,30,1,2.954572e+10
12,30,2,2.954572e+10
12,30,3,2.954572e+10
12,30,5,2.954572e+10
12,30,1,2.879903e+10
12,30,2,2.342434e+10
12,30,3,2.342434e+10
12,30,5,6.714712e+09
12,30,1,8.982122e+09
12,30,2,8.982122e+09
12,30,3,8.982122e+09
12,30,5,8.982122e+09
12,30,1,1.852699e+10
12,30,2,1.852699e+10
12,30,3,1.852699e+10
12,30,5,1.852699e+10
12,30,1,1.472570e+10
12,30,2,1.472570e+10
12,30,3,1.472570e+10
12,30,5,1.472570e+10
12,30,1,3.554581e+10
12,30,2,3.554581e+10
12,30,3,3.554581e+10
12,30,5,1.619458e+10
12,30,1,4.442779e+10
12,30,2,4.442779e+10
12,30,3,4.442779e+10
12,30,5,4.442779e+10
12,30,1,2.732618e+10
12,30,2,2.732618e+10
12,30,3,2.732618e+10
12,30,5,2.732618e+10
12,30,1,1.983031e+10
12,30,2,1.983031e+10
12,30,3,1.983031e+10
12,30,5,1.983031e+10
12,30,1,1.649591e+10
12,30,2,1.649591e+10
12,30,3,1.649591e+10
12,30,5,1.649591e+10
12,30,1,2.373696e+10
12,30,2,2.373696e+10
12,30,3,2.373696e+10
12,30,5,2.373696e+10
12,30,1,2.230987e+10
12,30,2,2.230987e+10
12,30,3,2.230987e+10
12,30,5,2.230987e+10
12,30,1,3.097083e+10
12,30,2,3.097083e+10
12,30,3,3.097083e+10
12,30,5,3.097083e+10
12,30,1,2.142027e+10
12,30,2,2.142027e+10
12,30,3,2.142027e+10
12,30,5,2.142027e+10
12,30,1,1.869435e+10
12,30,2,1.869435e+10
12,30,3,1.869435e+10
12,30,5,1.869435e+10
12,30,1,1.533971e+10
12,30,2,1.533971e+10
12,30,3,1.533971e+10
12,30,5,1.533971e+10
12,30,1,2.076611e+10
12,30,2,2.076611e+10
12,30,3,2.076611e+10
12,30,5,2.076611e+10
12,30,1,2.489530e+10
12,30,2,2.489530e+10
12,30,3,2.489530e+10
12,30,5,2.489530e+10
12,30,1,2.180780e+10
12,30,2,2.180780e+10
12,30,3,2.180780e+10
12,30,5,1.340874e+10
12,30,1,2.607388e+10
12,30,2,2.607388e+10
12,30,3,2.607388e+10
12,30,5,1.154582e+10
12,30,1,2.525693e+10
12,30,2,2.525693e+10
12,30,3,2.525693e+10
12,30,5,2.525693e+10
12,30,1,2.135246e+10
12,30,2,2.135246e+10
12,30,3,2.135246e+10
12,30,5,1.333720e+10
12,30,1,2.148355e+10
12,30,2,2.148355e+10
12,30,3,2.148355e+10
12,30,5,2.148355e+10
12,30,1,1.864146e+10
12,30,2,1.864146e+10
12,30,3,1.864146e+10
12,30,5,1.864146e+10
12,30,1,1.372564e+10
12,30,2,1.372564e+10
12,30,3,1.372564e+10
12,30,5,1.372564e+10
12,30,1,1.507331e+10
12,30,2,1.507331e+10
12,30,3,1.507331e+10
12,30,5,1.507331e+10
12,30,1,2.364288e+10
12,30,2,2.364288e+10
12,30,3,2.364288e+10
12,30,5,2.364288e+10
12,30,1,2.613714e+10
12,30,2,2.410385e+10
12,30,3,2.410385e+10
12,30,5,2.410385e+10
12,30,1,2.184251e+10
12,30,2,2.184251e+10
12,30,3,2.184251e+10
12,30,5,2.184251e+10
12,30,1,2.426014e+10
12,30,2,2.426014e+10
12,30,3,2.426014e+10
12,30,5,2.426014e+10
12,30,1,1.201236e+10
12,30,2,1.201236e+10
12,30,3,1.201236e+10
12,30,5,1.201236e+10
12,30,1,1.137944e+10
12,30,2,1.137944e+10
12,30,3,1.137944e+10
12,30,5,1.137944e+10
12,30,1,3.542350e+10
12,30,2,3.542350e+10
12,30,3,3.542350e+10
12,30,5,3.542350e+10
12,30,1,2.161319e+10
12,30,2,2.161319e+10
12,30,3,2.161319e+10
12,30,5,2.161319e+10
12,30,1,1.439250e+10
12,30,2,1.439250e+10
12,30,3,1.439250e+10
12,30,5,1.439250e+10
12,30,1,3.963266e+10
12,30,2,1.938635e+10
12,30,3,8.502845e+09
12,30,5,8.502845e+09
12,30,1,2.693411e+10
12,30,2,2.693411e+10
12,30,3,2.693411e+10
12,30,5,2.693411e+10
12,30,1,1.556820e+10
12,30,2,1.556820e+10
12,30,3,1.556820e+10
12,30,5,1.556820e+10
12,30,1,1.662815e+10
12,30,2,1.662815e+10
12,30,3,1.662815e+10
12,30,5,1.662815e+10
12,30,1,2.674028e+10
12,30,2,2.674028e+10
12,30,3,2.674028e+10
12,30,5,7.948235e+09
12,30,1,2.628144e+10
12,30,2,2.628144e+10
12,30,3,2.628144e+10
12,30,5,2.628144e+10
12,30,1,1.732349e+10
12,30,2,1.732349e+10
12,30,3,1.732349e+10
12,30,5,1.732349e+10
12,30,1,3.422899e+10
12,30,2,3.422899e+10
12,30,3,3.422899e+10
12,30,5,1.677786e+10
12,30,1,1.510725e+10
12,30,2,1.510725e+10
12,30,3,1.510725e+10
12,30,5,1.510725e+10
12,30,1,1.994045e+10
12,30,2,1.994045e+10
12,30,3,1.994045e+10
12,30,5,1.994045e+10
12,30,1,1.727538e+10
12,30,2,1.727538e+10
12,30,3,1.727538e+10
12,30,5,1.727538e+10
12,30,1,2.753460e+10
12,30,2,2.753460e+10
12,30,3,2.753460e+10
12,30,5,8.678103e+09
12,30,1,2.382505e+10
12,30,2,2.382505e+10
12,30,3,2.382505e+10
12,30,5,1.408711e+10
12,30,1,2.836582e+10
12,30,2,2.836582e+10
12,30,3,2.836582e+10
12,30,5,3.848273e+09
12,30,1,2.387590e+10
12,30,2,2.387590e+10
12,30,3,2.387590e+10
12,30,5,1.792139e+10
12,30,1,2.168443e+10
12,30,2,2.168443e+10
12,30,3,2.168443e+10
12,30,5,2.168443e+10
12,30,1,2.384971e+10
12,30,2,2.384971e+10
12,30,3,2.384971e+10
12,30,5,2.384971e+10
12,30,1,1.533360e+10
12,30,2,1.533360e+10
12,30,3,1.533360e+10
12,30,5,1.533360e+10
12,30,1,2.102744e+10
12,30,2,2.102744e+10
12,30,3,2.102744e+10
12,30,5,2.102744e+10
12,30,1,1.829736e+10
12,30,2,1.829736e+10
12,30,3,1.829736e+10
12,30,5,1.829736e+10
12,30,1,2.561613e+10
12,30,2,2.561613e+10
12,30,3,2.561613e+10
12,30,5,2.561613e+10
12,30,1,3.624733e+10
12,30,2,2.344286e+10
12,30,3,2.344286e+10
12,30,5,8.738192e+09
12,30,1,2.571051e+10
12,30,2,2.571051e+10
12,30,3,2.571051e+10
12,30,5,1.147611e+10
12,30,1,1.355002e+10
12,30,2,1.355002e+10
12,30,3,1.355002e+10
12,30,5,1.355002e+10
12,30,1,2.402109e+10
12,30,2,2.402109e+10
12,30,3,2.402109e+10
12,30,5,2.402109e+10
12,30,1,1.867760e+10
12,30,2,1.867760e+10
12,30,3,1.867760e+10
12,30,5,1.867760e+10
12,30,1,1.429244e+10
12,30,2,1.429244e+10
12,30,3,1.429244e+10
12,30,5,1.429244e+10
12,30,1,2.686462e+10
12,30,2,2.686462e+10
12,30,3,2.686462e+10
12,30,5,2.686462e+10
12,30,1,1.655926e+10
12,30,2,1.655926e+10
12,30,3,1.655926e+10
12,30,5,1.655926e+10
12,30,1,3.035705e+10
12,30,2,3.035705e+10
12,30,3,3.035705e+10
12,30,5,3.035705e+10
12,30,1,1.695102e+10
12,30,2,1.695102e+10
12,30,3,1.695102e+10
12,30,5,1.695102e+10
12,30,1,2.956542e+10
12,30,2,2.956542e+10
12,30,3,2.956542e+10
12,30,5,2.956542e+10
12,30,1,1.906549e+10
12,30,2,1.906549e+10
12,30,3,1.906549e+10
12,30,5,1.906549e+10
12,30,1,3.204122e+10
12,30,2,3.204122e+10
12,30,3,3.204122e+10
12,30,5,3.204122e+10
12,30,1,1.533151e+10
12,30,2,1.533151e+10
12,30,3,1.533151e+10
12,30,5,1.533151e+10
12,30,1,2.724838e+10
12,30,2,2.623101e+10
12,30,3,1.099672e+10
12,30,5,1.099672e+10
12,30,1,2.076287e+10
12,30,2,2.076287e+10
12,30,3,2.076287e+10
12,30,5,2.114762e+09
12,30,1,2.574250e+10
12,30,2,2.574250e+10
12,30,3,2.308694e+10
12,30,5,1.083274e+10
12,30,1,2.759249e+10
12,30,2,2.759249e+10
12,30,3,2.600586e+10
12,30,5,4.632061e+09
12,30,1,3.047738e+10
12,30,2,3.047738e+10
12,30,3,3.047738e+10
12,30,5,8.696940e+09
12,30,1,1.840889e+10
12,30,2,1.840889e+10
12,30,3,1.840889e+10
12,30,5,1.840889e+10
12,30,1,1.530625e+10
12,30,2,1.530625e+10
12,30,3,1.530625e+10
12,30,5,1.530625e+10
12,30,1,2.962447e+10
12,30,2,2.962447e+10
12,30,3,2.962447e+10
12,30,5,4.825065e+09
12,30,1,4.890153e+09
12,30,2,4.890153e+09
12,30,3,4.890153e+09
12,30,5,4.890153e+09
12,30,1,2.900723e+10
12,30,2,2.900723e+10
12,30,3,2.900723e+10
12,30,5,2.900723e+10
12,30,1,2.445473e+10
12,30,2,2.445473e+10
12,30,3,2.445473e+10
12,30,5,2.445473e+10
12,30,1,2.641256e+10
12,30,2,2.641256e+10
12,30,3,2.641256e+10
12,30,5,2.641256e+10
12,30,1,1.668400e+10
12,30,2,1.668400e+10
12,30,3,1.668400e+10
12,30,5,1.668400e+10
12,30,1,2.321797e+10
12,30,2,2.321797e+10
12,30,3,2.321797e+10
12,30,5,2.321797e+10
12,30,1,2.345873e+10
12,30,2,2.345873e+10
12,30,3,2.345873e+10
12,30,5,2.345873e+10
12,30,1,1.503583e+10
12,30,2,1.503583e+10
12,30,3,1.503583e+10
12,30,5,1.503583e+10
12,30,1,1.774802e+10
12,30,2,1.774802e+10
12,30,3,1.774802e+10
12,30,5,1.774802e+10
12,30,1,1.323799e+10
12,30,2,1.323799e+10
12,30,3,1.323799e+10
12,30,5,1.323799e+10
12,30,1,9.883693e+09
12,30,2,9.883693e+09
12,30,3,9.883693e+09
12,30,5,9.883693e+09
12,30,1,2.669964e+10
12,30,2,2.669964e+10
12,30,3,2.669964e+10
12,30,5,2.669964e+10
12,30,1,2.650517e+10
12,30,2,2.650517e+10
12,30,3,2.650517e+10
12,30,5,4.069987e+09
12,30,1,7.815853e+09
12,30,2,7.815853e+09
12,30,3,7.815853e+09
12,30,5,7.815853e+09
12,30,1,1.330640e+10
12,30,2,1.330640e+10
12,30,3,1.330640e+10
12,30,5,1.330640e+10
12,30,1,1.685289e+10
12,30,2,1.685289e+10
12,30,3,1.685289e+10
12,30,5,1.685289e+10
12,30,1,2.053682e+10
12,30,2,2.053682e+10
12,30,3,2.053682e+10
12,30,5,2.053682e+10
12,30,1,2.539892e+10
12,30,2,2.539892e+10
12,30,3,2.539892e+10
12,30,5,2.539892e+10
12,30,1,3.455612e+10
12,30,2,3.455612e+10
12,30,3,3.455612e+10
12,30,5,1.842893e+09
12,30,1,2.028768e+10
12,30,2,2.028768e+10
12,30,3,2.028768e+10
12,30,5,2.028768e+10
12,30,1,2.209626e+10
12,30,2,2.209626e+10
12,30,3,2.209626e+10
12,30,5,2.209626e+10
12,30,1,2.312234e+10
12,30,2,2.312234e+10
12,30,3,2.312234e+10
12,30,5,2.312234e+10
12,30,1,1.822319e+10
12,30,2,1.822319e+10
12,30,3,1.822319e+10
12,30,5,1.822319e+10
12,30,1,1.796131e+10
12,30,2,1.796131e+10
12,30,3,1.796131e+10
12,30,5,1.224586e+10
12,30,1,1.460415e+10
12,30,2,1.460415e+10
12,30,3,1.460415e+10
12,30,5,1.460415e+10
12,30,1,2.281765e+10
12,30,2,2.281765e+10
12,30,3,2.281765e+10
12,30,5,2.281765e+10
12,30,10,2.281765e+10
12,30,20,2.281765e+10
12,30,30,2.281765e+10
12,30,40,2.281765e+10
12,30,50,2.281765e+10
12,30,1,2.786654e+10
12,30,2,2.786654e+10
12,30,3,2.724929e+10
12,30,5,2.456995e+10
12,30,10,2.456995e+10
12,30,20,2.456995e+10
12,30,30,2.456995e+10
12,30,40,3.228805e+09
12,30,50,1.295837e+08
12,30,1,3.021252e+10
12,30,2,3.021252e+10
12,30,3,3.021252e+10
12,30,5,3.021252e+10
12,30,10,2.670191e+10
12,30,20,2.670191e+10
12,30,30,2.670191e+10
12,30,40,2.670191e+10
12,30,50,2.670191e+10
12,30,1,1.333824e+10
12,30,2,1.333824e+10
12,30,3,1.333824e+10
12,30,5,1.333824e+10
12,30,10,1.333824e+10
12,30,20,1.333824e+10
12,30,30,1.333824e+10
12,30,40,1.333824e+10
12,30,50,1.333824e+10
12,30,1,2.243909e+10
12,30,2,2.243909e+10
12,30,3,2.243909e+10
12,30,5,2.243909e+10
12,30,10,2.243909e+10
12,30,20,2.243909e+10
12,30,30,2.243909e+10
12,30,40,2.243909e+10
12,30,50,2.243909e+10
12,30,1,3.193926e+10
12,30,2,2.851891e+10
12,30,3,2.744652e+10
12,30,5,2.744652e+10
12,30,10,2.744652e+10
12,30,20,2.744652e+10
12,30,30,1.195549e+10
12,30,40,1.195549e+10
12,30,50,1.195549e+10
12,30,1,3.749039e+10
12,30,2,2.791159e+10
12,30,3,2.217709e+10
12,30,5,2.217709e+10
12,30,10,2.217709e+10
12,30,20,2.217709e+10
12,30,30,2.217709e+10
12,30,40,7.816449e+09
12,30,50,7.816449e+09
12,30,1,3.205010e+10
12,30,2,2.677756e+10
12,30,3,2.677756e+10
12,30,5,2.677756e+10
12,30,10,2.677756e+10
12,30,20,2.677756e+10
12,30,30,2.677756e+10
12,30,40,2.677756e+10
12,30,50,2.677756e+10
12,30,1,1.719129e+10
12,30,2,1.719129e+10
12,30,3,1.719129e+10
12,30,5,1.719129e+10
12,30,10,1.719129e+10
12,30,20,1.719129e+10
12,30,30,1.719129e+10
12,30,40,1.719129e+10
12,30,50,1.719129e+10
12,30,1,3.196287e+10
12,30,2,2.377620e+10
12,30,3,2.377620e+10
12,30,5,2.377620e+10
12,30,10,2.377620e+10
12,30,20,2.377620e+10
12,30,30,2.377620e+10
12,30,40,1.660494e+10
12,30,50,1.349174e+09
12,30,1,2.622129e+10
12,30,2,2.622129e+10
12,30,3,2.622129e+10
12,30,5,2.622129e+10
12,30,10,2.622129e+10
12,30,20,2.622129e+10
12,30,30,2.622129e+10
12,30,40,8.527744e+09
12,30,50,5.577093e+08
12,30,1,2.259870e+10
12,30,2,2.259870e+10
12,30,3,2.259870e+10
12,30,5,2.259870e+10
12,30,10,2.259870e+10
12,30,20,2.259870e+10
12,30,30,2.259870e+10
12,30,40,2.259870e+10
12,30,50,2.259870e+10
12,30,1,3.175668e+10
12,30,2,3.175668e+10
12,30,3,3.175668e+10
12,30,5,2.697673e+10
12,30,10,2.440201e+10
12,30,20,2.440201e+10
12,30,30,2.440201e+10
12,30,40,1.065224e+10
12,30,50,1.147873e+09
12,30,1,2.478108e+10
12,30,2,1.958793e+10
12,30,3,1.958793e+10
12,30,5,1.958793e+10
12,30,10,1.958793e+10
12,30,20,1.958793e+10
12,30,30,1.958793e+10
12,30,40,1.958793e+10
12,30,50,1.958793e+10
12,30,1,3.212229e+10
12,30,2,2.789563e+10
12,30,3,2.789563e+10
12,30,5,2.767539e+10
12,30,10,2.767539e+10
12,30,20,2.767539e+10
12,30,30,2.093914e+10
12,30,40,5.385117e+09
12,30,50,4.877476e+08
12,30,1,3.076840e+10
12,30,2,2.970636e+10
12,30,3,2.875200e+10
12,30,5,2.875200e+10
12,30,10,2.875200e+10
12,30,20,2.741956e+10
12,30,30,2.741956e+10
12,30,40,7.902545e+09
12,30,50,9.512663e+08
12,30,1,1.893855e+10
12,30,2,1.893855e+10
12,30,3,1.893855e+10
12,30,5,1.893855e+10
12,30,10,1.893855e+10
12,30,20,1.893855e+10
12,30,30,1.893855e+10
12,30,40,1.893855e+10
12,30,50,1.893855e+10
12,30,1,2.229723e+10
12,30,2,2.229723e+10
12,30,3,2.229723e+10
12,30,5,2.229723e+10
12,30,10,1.859147e+10
12,30,20,1.859147e+10
12,30,30,1.859147e+10
12,30,40,1.859147e+10
12,30,50,1.859147e+10
12,30,1,2.154487e+10
12,30,2,2.154487e+10
12,30,3,2.154487e+10
12,30,5,2.154487e+10
12,30,10,2.154487e+10
12,30,20,2.154487e+10
12,30,30,2.154487e+10
12,30,40,2.154487e+10
12,30,50,2.154487e+10
12,30,1,1.996343e+10
12,30,2,1.800195e+10
12,30,3,1.513939e+10
12,30,5,1.513939e+10
12,30,10,1.513939e+10
12,30,20,1.513939e+10
12,30,30,1.513939e+10
12,30,40,1.513939e+10
12,30,50,1.513939e+10
12,30,1,2.513664e+10
12,30,2,2.513664e+10
12,30,3,2.513664e+10
12,30,5,2.513664e+10
12,30,10,2.513664e+10
12,30,20,2.486853e+10
12,30,30,2.090678e+10
12,30,40,9.085892e+09
12,30,50,9.085892e+09
12,30,1,1.681116e+10
12,30,2,1.681116e+10
12,30,3,1.681116e+10
12,30,5,1.681116e+10
12,30,10,1.681116e+10
12,30,20,1.681116e+10
12,30,30,1.681116e+10
12,30,40,1.681116e+10
12,30,50,1.681116e+10
12,30,1,2.937078e+10
12,30,2,2.937078e+10
12,30,3,2.937078e+10
12,30,5,2.937078e+10
12,30,10,2.937078e+10
12,30,20,2.937078e+10
12,30,30,2.937078e+10
12,30,40,2.937078e+10
12,30,50,2.937078e+10
12,30,1,3.212444e+10
12,30,2,2.528800e+10
12,30,3,2.528800e+10
12,30,5,2.020426e+10
12,30,10,2.020426e+10
12,30,20,2.020426e+10
12,30,30,2.020426e+10
12,30,40,9.904614e+09
12,30,50,8.723192e+08
12,30,1,1.481646e+10
12,30,2,1.481646e+10
12,30,3,1.481646e+10
12,30,5,1.481646e+10
12,30,10,1.481646e+10
12,30,20,1.481646e+10
12,30,30,1.481646e+10
12,30,40,1.481646e+10
12,30,50,1.481646e+10
12,30,1,1.970954e+10
12,30,2,1.970954e+10
12,30,3,1.970954e+10
12,30,5,1.970954e+10
12,30,10,1.970954e+10
12,30,20,1.970954e+10
12,30,30,1.970954e+10
12,30,40,1.090193e+10
12,30,50,3.822041e+08
12,30,1,1.273401e+10
12,30,2,1.273401e+10
12,30,3,1.273401e+10
12,30,5,1.273401e+10
12,30,10,1.273401e+10
12,30,20,1.273401e+10
12,30,30,1.273401e+10
12,30,40,1.273401e+10
12,30,50,1.273401e+10
12,30,1,1.780489e+10
12,30,2,1.780489e+10
12,30,3,1.780489e+10
12,30,5,1.780489e+10
12,30,10,1.780489e+10
12,30,20,1.780489e+10
12,30,30,1.780489e+10
12,30,40,1.780489e+10
12,30,50,1.687223e+10
12,30,1,3.059816e+10
12,30,2,2.527897e+10
12,30,3,2.523583e+10
12,30,5,2.499543e+10
12,30,10,2.425620e+10
12,30,20,2.425620e+10
12,30,30,2.425620e+10
12,30,40,2.425620e+10
12,30,50,2.425620e+10
12,30,1,2.262517e+10
12,30,2,1.766637e+10
12,30,3,1.609315e+10
12,30,5,1.189980e+10
12,30,10,1.189980e+10
12,30,20,1.189980e+10
12,30,30,1.189980e+10
12,30,40,1.189980e+10
12,30,50,1.189980e+10
12,30,1,2.242440e+10
12,30,2,2.242440e+10
12,30,3,2.242440e+10
12,30,5,2.242440e+10
12,30,10,2.242440e+10
12,30,20,2.242440e+10
12,30,30,2.242440e+10
12,30,40,2.242440e+10
12,30,50,2.242440e+10
12,30,1,2.601285e+10
12,30,2,2.530625e+10
12,30,3,2.530625e+10
12,30,5,2.530625e+10
12,30,10,2.530625e+10
12,30,20,2.530625e+10
12,30,30,2.530625e+10
12,30,40,4.004455e+09
12,30,50,4.645386e+08
12,30,1,2.743015e+10
12,30,2,2.743015e+10
12,30,3,2.743015e+10
12,30,5,2.743015e+10
12,30,10,2.743015e+10
12,30,20,2.723980e+10
12,30,30,1.924113e+10
12,30,40,6.086761e+09
12,30,50,2.361627e+08
12,30,1,2.924028e+10
12,30,2,2.924028e+10
12,30,3,2.924028e+10
12,30,5,2.924028e+10
12,30,10,2.924028e+10
12,30,20,2.924028e+10
12,30,30,2.924028e+10
12,30,40,2.924028e+10
12,30,50,2.924028e+10
12,30,1,3.686027e+10
12,30,2,3.286645e+10
12,30,3,3.286645e+10
12,30,5,3.286645e+10
12,30,10,3.286645e+10
12,30,20,3.286645e+10
12,30,30,3.286645e+10
12,30,40,3.658858e+09
12,30,50,9.645940e+07
12,30,1,2.037775e+10
12,30,2,2.037775e+10
12,30,3,2.037775e+10
12,30,5,2.037775e+10
12,30,10,2.037775e+10
12,30,20,2.037775e+10
12,30,30,2.037775e+10
12,30,40,2.037775e+10
12,30,50,2.037775e+10
12,30,1,2.123638e+10
12,30,2,2.123638e+10
12,30,3,2.123638e+10
12,30,5,2.123638e+10
12,30,10,2.123638e+10
12,30,20,2.123638e+10
12,30,30,2.123638e+10
12,30,40,2.123638e+10
12,30,50,1.776828e+09
12,30,1,2.389344e+10
12,30,2,2.371669e+10
12,30,3,2.371669e+10
12,30,5,1.855494e+10
12,30,10,1.855494e+10
12,30,20,1.855494e+10
12,30,30,1.855494e+10
12,30,40,1.855494e+10
12,30,50,1.491294e+09
12,30,1,3.255111e+10
12,30,2,2.246472e+10
12,30,3,2.246472e+10
12,30,5,2.246472e+10
12,30,10,2.246472e+10
12,30,20,2.246472e+10
12,30,30,2.246472e+10
12,30,40,1.430644e+10
12,30,50,4.653705e+09
12,30,1,2.239771e+10
12,30,2,2.239771e+10
12,30,3,2.239771e+10
12,30,5,2.239771e+10
12,30,10,2.239771e+10
12,30,20,2.239771e+10
12,30,30,2.239771e+10
12,30,40,2.239771e+10
12,30,50,2.239771e+10
12,30,1,2.015465e+10
12,30,2,2.015465e+10
12,30,3,2.015465e+10
12,30,5,2.015465e+10
12,30,10,2.015465e+10
12,30,20,2.015465e+10
12,30,30,2.015465e+10
12,30,40,2.015465e+10
12,30,50,1.875572e+10
12,30,1,2.594300e+10
12,30,2,2.594300e+10
12,30,3,2.193033e+10
12,30,5,1.648543e+10
12,30,10,1.648543e+10
12,30,20,1.648543e+10
12,30,30,1.648543e+10
12,30,40,1.648543e+10
12,30,50,1.648543e+10
12,30,1,2.267378e+10
12,30,2,2.223917e+10
12,30,3,2.223917e+10
12,30,5,2.223917e+10
12,30,10,2.223917e+10
12,30,20,2.223917e+10
12,30,30,2.223917e+10
12,30,40,2.223917e+10
12,30,50,1.063466e+10
12,30,1,2.591443e+10
12,30,2,2.591443e+10
12,30,3,2.591443e+10
12,30,5,2.591443e+10
12,30,10,2.591443e+10
12,30,20,2.591443e+10
12,30,30,2.591443e+10
12,30,40,2.591443e+10
12,30,50,2.591443e+10
12,30,1,3.666985e+10
12,30,2,3.666985e+10
12,30,3,3.666985e+10
12,30,5,3.666985e+10
12,30,10,3.666985e+10
12,30,20,3.666985e+10
12,30,30,3.666985e+10
12,30,40,3.666985e+10
12,30,50,3.666985e+10
12,30,1,1.098671e+10
12,30,2,1.098671e+10
12,30,3,1.098671e+10
12,30,5,1.098671e+10
12,30,10,1.098671e+10
12,30,20,1.098671e+10
12,30,30,1.098671e+10
12,30,40,1.098671e+10
12,30,50,1.098671e+10
12,30,1,2.322332e+10
12,30,2,2.253247e+10
12,30,3,2.253247e+10
12,30,5,2.253247e+10
12,30,10,2.253247e+10
12,30,20,2.253247e+10
12,30,30,2.253247e+10
12,30,40,2.253247e+10
12,30,50,2.253247e+10
12,30,1,2.622539e+10
12,30,2,2.622539e+10
12,30,3,2.622539e+10
12,30,5,2.622539e+10
12,30,10,2.622539e+10
12,30,20,2.622539e+10
12,30,30,2.622539e+10
12,30,40,2.622539e+10
12,30,50,4.170486e+09
12,30,1,2.931293e+10
12,30,2,2.931293e+10
12,30,3,2.931293e+10
12,30,5,2.504720e+10
12,30,10,2.504720e+10
12,30,20,2.504720e+10
12,30,30,1.897785e+10
12,30,40,1.034711e+10
12,30,50,1.034711e+10
12,30,1,2.465371e+10
12,30,2,2.313369e+10
12,30,3,2.313369e+10
12,30,5,2.313369e+10
12,30,10,2.313369e+10
12,30,20,2.313369e+10
12,30,30,2.313369e+10
12,30,40,1.063772e+10
12,30,50,1.063772e+10
12,30,1,1.346260e+10
12,30,2,1.346260e+10
12,30,3,1.346260e+10
12,30,5,1.346260e+10
12,30,10,1.346260e+10
12,30,20,1.346260e+10
12,30,30,1.346260e+10
12,30,40,1.346260e+10
12,30,50,1.346260e+10
12,30,1,2.073034e+10
12,30,2,2.073034e+10
12,30,3,2.073034e+10
12,30,5,2.073034e+10
12,30,1,2.605292e+10
12,30,2,2.605292e+10
12,30,3,2.605292e+10
12,30,5,1.374612e+10
12,30,1,2.514937e+10
12,30,2,2.514937e+10
12,30,3,2.514937e+10
12,30,5,1.442214e+10
12,30,1,2.228121e+10
12,30,2,2.228121e+10
12,30,3,2.228121e+10
12,30,5,2.228121e+10
12,30,1,2.250512e+10
12,30,2,2.250512e+10
12,30,3,2.250512e+10
12,30,5,2.250512e+10
12,30,1,1.676926e+10
12,30,2,1.676926e+10
12,30,3,1.676926e+10
12,30,5,1.676926e+10
12,30,1,2.304013e+10
12,30,2,2.304013e+10
12,30,3,2.304013e+10
12,30,5,9.880933e+09
12,30,1,2.390268e+10
12,30,2,2.390268e+10
12,30,3,2.390268e+10
12,30,5,2.390268e+10
12,30,1,1.821978e+10
12,30,2,1.821978e+10
12,30,3,1.821978e+10
12,30,5,1.821978e+10
12,30,1,1.618116e+10
12,30,2,1.618116e+10
12,30,3,1.618116e+10
12,30,5,1.618116e+10
12,30,1,1.725171e+10
12,30,2,1.725171e+10
12,30,3,1.725171e+10
12,30,5,1.725171e+10
12,30,1,1.258477e+10
12,30,2,1.258477e+10
12,30,3,1.258477e+10
12,30,5,1.258477e+10
12,30,1,1.321810e+10
12,30,2,1.321810e+10
12,30,3,1.321810e+10
12,30,5,1.321810e+10
12,30,1,1.745790e+10
12,30,2,1.745790e+10
12,30,3,1.745790e+10
12,30,5,4.646050e+09
12,30,1,2.825237e+10
12,30,2,2.825237e+10
12,30,3,2.825237e+10
12,30,5,2.825237e+10
12,30,1,3.543362e+10
12,30,2,3.543362e+10
12,30,3,3.543362e+10
12,30,5,3.543362e+10
12,30,1,1.488202e+10
12,30,2,1.488202e+10
12,30,3,1.488202e+10
12,30,5,1.488202e+10
12,30,1,1.641574e+10
12,30,2,1.641574e+10
12,30,3,1.641574e+10
12,30,5,1.641574e+10
12,30,1,1.753386e+10
12,30,2,1.753386e+10
12,30,3,1.753386e+10
12,30,5,3.107905e+09
12,30,1,2.518645e+10
12,30,2,2.518645e+10
12,30,3,2.518645e+10
12,30,5,3.170866e+09
12,30,1,2.006458e+10
12,30,2,2.006458e+10
12,30,3,2.006458e+10
12,30,5,2.006458e+10
12,30,1,2.488704e+10
12,30,2,2.488704e+10
12,30,3,2.488704e+10
12,30,5,3.921490e+09
12,30,1,2.330978e+10
12,30,2,2.330978e+10
12,30,3,2.330978e+10
12,30,5,2.330978e+10
12,30,1,1.866629e+10
12,30,2,1.866629e+10
12,30,3,1.866629e+10
12,30,5,1.866629e+10
12,30,1,2.348036e+10
12,30,2,2.348036e+10
12,30,3,2.348036e+10
12,30,5,2.348036e+10
12,30,1,1.533140e+10
12,30,2,1.533140e+10
12,30,3,1.533140e+10
12,30,5,1.533140e+10
12,30,1,2.230833e+10
12,30,2,2.230833e+10
12,30,3,2.230833e+10
12,30,5,1.223525e+10
12,30,1,1.980582e+10
12,30,2,1.980582e+10
12,30,3,1.980582e+10
12,30,5,1.980582e+10
12,30,1,2.737279e+10
12,30,2,2.737279e+10
12,30,3,2.737279e+10
12,30,5,2.737279e+10
12,30,1,2.650915e+10
12,30,2,2.650915e+10
12,30,3,2.650915e+10
12,30,5,2.228025e+10
12,30,1,2.638793e+10
12,30,2,2.638793e+10
12,30,3,2.638793e+10
12,30,5,6.838195e+09
12,30,1,1.755874e+10
12,30,2,1.755874e+10
12,30,3,1.755874e+10
12,30,5,1.755874e+10
12,30,1,2.665525e+10
12,30,2,2.665525e+10
12,30,3,2.665525e+10
12,30,5,3.706618e+09
12,30,1,4.102172e+10
12,30,2,4.102172e+10
12,30,3,4.102172e+10
12,30,5,4.102172e+10
12,30,1,1.271977e+10
12,30,2,1.271977e+10
12,30,3,1.271977e+10
12,30,5,1.271977e+10
12,30,1,2.816511e+10
12,30,2,2.816511e+10
12,30,3,2.816511e+10
12,30,5,2.816511e+10
12,30,1,1.399887e+10
12,30,2,1.399887e+10
12,30,3,1.399887e+10
12,30,5,1.399887e+10
12,30,1,1.902206e+10
12,30,2,1.902206e+10
12,30,3,1.902206e+10
12,30,5,1.902206e+10
12,30,1,2.473028e+10
12,30,2,1.670395e+10
12,30,3,1.670395e+10
12,30,5,9.617077e+09
12,30,1,2.317749e+10
12,30,2,2.317749e+10
12,30,3,2.317749e+10
12,30,5,2.317749e+10
12,30,1,2.107123e+10
12,30,2,2.107123e+10
12,30,3,2.107123e+10
12,30,5,2.107123e+10
12,30,1,2.731690e+10
12,30,2,2.731690e+10
12,30,3,2.731690e+10
12,30,5,2.731690e+10
12,30,1,1.843719e+10
12,30,2,1.843719e+10
12,30,3,1.843719e+10
12,30,5,1.843719e+10
12,30,1,1.582143e+10
12,30,2,1.582143e+10
12,30,3,1.582143e+10
12,30,5,1.582143e+10
12,30,1,2.511258e+10
12,30,2,2.511258e+10
12,30,3,2.511258e+10
12,30,5,2.511258e+10
12,30,1,3.133622e+10
12,30,2,3.133622e+10
12,30,3,3.133622e+10
12,30,5,3.414716e+09
12,30,1,1.429316e+10
12,30,2,1.429316e+10
12,30,3,1.429316e+10
12,30,5,1.429316e+10
12,30,1,3.056682e+10
12,30,2,3.056682e+10
12,30,3,3.056682e+10
12,30,5,3.056682e+10
12,30,1,1.858239e+10
12,30,2,1.858239e+10
12,30,3,1.858239e+10
12,30,5,1.858239e+10
12,30,1,2.504774e+10
12,30,2,2.504774e+10
12,30,3,2.504774e+10
12,30,5,1.690285e+10
12,30,1,2.464480e+10
12,30,2,2.464480e+10
12,30,3,2.464480e+10
12,30,5,8.234279e+09
12,30,1,1.706878e+10
12,30,2,1.706878e+10
12,30,3,1.706878e+10
12,30,5,1.706878e+10
12,30,1,2.818503e+10
12,30,2,2.818503e+10
12,30,3,2.818503e+10
12,30,5,2.818503e+10
12,30,1,2.572901e+10
12,30,2,2.572901e+10
12,30,3,2.572901e+10
12,30,5,2.572901e+10
12,30,1,1.860540e+10
12,30,2,1.860540e+10
12,30,3,1.860540e+10
12,30,5,1.860540e+10
12,30,1,2.344950e+10
12,30,2,2.344950e+10
12,30,3,2.344950e+10
12,30,5,2.344950e+10
12,30,1,2.140235e+10
12,30,2,2.140235e+10
12,30,3,2.140235e+10
12,30,5,2.140235e+10
12,30,1,1.064945e+10
12,30,2,1.064945e+10
12,30,3,1.064945e+10
12,30,5,1.064945e+10
12,30,1,2.654973e+10
12,30,2,2.654973e+10
12,30,3,2.654973e+10
12,30,5,2.654973e+10
12,30,1,2.713253e+10
12,30,2,2.516525e+10
12,30,3,2.516525e+10
12,30,5,2.116979e+10
12,30,1,2.737348e+10
12,30,2,2.737348e+10
12,30,3,2.737348e+10
12,30,5,2.737348e+10
12,30,1,2.090540e+10
12,30,2,2.090540e+10
12,30,3,2.090540e+10
12,30,5,7.958316e+09
12,30,1,1.941350e+10
12,30,2,1.941350e+10
12,30,3,1.941350e+10
12,30,5,1.941350e+10
12,30,1,5.147240e+09
12,30,2,5.147240e+09
12,30,3,5.147240e+09
12,30,5,5.147240e+09
12,30,1,3.231320e+10
12,30,2,3.231320e+10
12,30,3,3.231320e+10
12,30,5,3.231320e+10
12,30,1,2.385038e+10
12,30,2,2.385038e+10
12,30,3,2.385038e+10
12,30,5,1.395467e+10
12,30,1,2.594456e+10
12,30,2,2.594456e+10
12,30,3,1.675806e+10
12,30,5,1.675806e+10
12,30,1,3.207839e+10
12,30,2,3.207839e+10
12,30,3,3.207839e+10
12,30,5,3.207839e+10
12,30,1,4.084179e+10
12,30,2,4.084179e+10
12,30,3,4.084179e+10
12,30,5,4.084179e+10
12,30,1,2.702197e+10
12,30,2,2.702197e+10
12,30,3,2.702197e+10
12,30,5,4.770855e+09
12,30,1,2.536910e+10
12,30,2,2.536910e+10
12,30,3,2.536910e+10
12,30,5,2.536910e+10
12,30,1,2.656124e+10
12,30,2,2.656124e+10
12,30,3,2.656124e+10
12,30,5,4.168562e+09
12,30,1,1.762756e+10
12,30,2,1.762756e+10
12,30,3,1.762756e+10
12,30,5,1.762756e+10
12,30,1,3.540518e+10
12,30,2,3.540518e+10
12,30,3,3.540518e+10
12,30,5,3.540518e+10
12,30,1,1.855382e+10
12,30,2,1.855382e+10
12,30,3,1.855382e+10
12,30,5,1.855382e+10
12,30,1,2.664249e+10
12,30,2,2.664249e+10
12,30,3,2.664249e+10
12,30,5,1.031273e+10
12,30,1,1.384919e+10
12,30,2,1.384919e+10
12,30,3,1.384919e+10
12,30,5,1.384919e+10
12,30,1,1.611454e+10
12,30,2,1.611454e+10
12,30,3,1.611454e+10
12,30,5,1.611454e+10
12,30,1,1.647167e+10
12,30,2,1.647167e+10
12,30,3,1.647167e+10
12,30,5,1.647167e+10
12,30,1,3.138787e+10
12,30,2,3.138787e+10
12,30,3,3.138787e+10
12,30,5,3.138787e+10
12,30,1,2.397259e+10
12,30,2,2.397259e+10
12,30,3,2.397259e+10
12,30,5,9.519152e+09
12,30,1,1.447125e+10
12,30,2,1.447125e+10
12,30,3,1.447125e+10
12,30,5,1.447125e+10
12,30,1,2.385985e+10
12,30,2,2.385985e+10
12,30,3,2.385985e+10
12,30,5,1.165989e+09
12,30,1,2.946844e+10
12,30,2,2.946844e+10
12,30,3,2.946844e+10
12,30,5,9.526515e+09
12,30,1,2.767022e+10
12,30,2,2.767022e+10
12,30,3,2.767022e+10
12,30,5,2.767022e+10
12,30,1,2.634926e+10
12,30,2,2.634926e+10
12,30,3,2.634926e+10
12,30,5,4.480142e+09
12,30,1,1.826518e+10
12,30,2,1.826518e+10
12,30,3,1.826518e+10
12,30,5,1.826518e+10
12,30,1,2.827418e+10
12,30,2,2.827418e+10
12,30,3,2.827418e+10
12,30,5,2.827418e+10
12,30,1,1.059601e+10
12,30,2,1.059601e+10
12,30,3,1.059601e+10
12,30,5,1.059601e+10
12,30,1,1.423865e+10
12,30,2,1.423865e+10
12,30,3,1.423865e+10
12,30,5,1.423865e+10
12,30,1,3.464944e+10
12,30,2,3.464944e+10
12,30,3,3.464944e+10
12,30,5,3.464944e+10
12,30,1,2.328594e+10
12,30,2,2.328594e+10
12,30,3,2.328594e+10
12,30,5,2.328594e+10
12,30,1,1.604346e+10
12,30,2,1.604346e+10
12,30,3,1.604346e+10
12,30,5,1.604346e+10
12,30,1,2.459639e+10
12,30,2,2.459639e+10
12,30,3,2.459639e+10
12,30,5,1.757473e+10
12,30,1,2.173954e+10
12,30,2,2.173954e+10
12,30,3,2.173954e+10
12,30,5,2.173954e+10
12,30,1,1.871063e+10
12,30,2,1.871063e+10
12,30,3,1.871063e+10
12,30,5,1.871063e+10
12,30,1,1.225449e+10
12,30,2,1.225449e+10
12,30,3,1.225449e+10
12,30,5,1.225449e+10
12,30,1,1.922645e+10
12,30,2,1.922645e+10
12,30,3,1.922645e+10
12,30,5,1.922645e+10
12,30,1,1.050415e+10
12,30,2,9.151087e+09
12,30,3,9.151087e+09
12,30,5,9.151087e+09
12,30,1,2.466671e+10
12,30,2,2.466671e+10
12,30,3,2.466671e+10
12,30,5,1.110206e+10
12,30,1,2.344144e+10
12,30,2,2.344144e+10
12,30,3,2.344144e+10
12,30,5,2.344144e+10
12,30,1,2.757993e+10
12,30,2,1.690301e+10
12,30,3,1.690301e+10
12,30,5,1.690301e+10
12,30,1,2.384065e+10
12,30,2,2.384065e+10
12,30,3,2.384065e+10
12,30,5,5.810895e+09
12,30,1,3.457309e+10
12,30,2,3.457309e+10
12,30,3,3.457309e+10
12,30,5,3.457309e+10
12,30,1,2.488502e+10
12,30,2,2.488502e+10
12,30,3,2.488502e+10
12,30,5,2.488502e+10
12,30,1,1.726246e+10
12,30,2,1.726246e+10
12,30,3,1.726246e+10
12,30,5,1.726246e+10
12,30,1,2.445948e+10
12,30,2,2.445948e+10
12,30,3,2.445948e+10
12,30,5,1.073451e+09
12,30,1,2.588074e+10
12,30,2,2.588074e+10
12,30,3,2.588074e+10
12,30,5,2.031810e+10
12,30,1,2.147766e+10
12,30,2,2.147766e+10
12,30,3,2.147766e+10
12,30,5,2.147766e+10
12,30,1,8.785460e+09
12,30,2,8.785460e+09
12,30,3,8.785460e+09
12,30,5,8.785460e+09
12,30,1,2.192955e+10
12,30,2,2.192955e+10
12,30,3,2.192955e+10
12,30,5,2.192955e+10
12,30,1,3.373007e+10
12,30,2,3.373007e+10
12,30,3,3.373007e+10
12,30,5,1.324610e+10
12,30,1,2.284038e+10
12,30,2,2.284038e+10
12,30,3,2.284038e+10
12,30,5,2.284038e+10
12,30,1,2.319927e+10
12,30,2,2.319927e+10
12,30,3,2.319927e+10
12,30,5,2.319927e+10
12,30,1,1.305299e+10
12,30,2,1.305299e+10
12,30,3,1.305299e+10
12,30,5,1.305299e+10
12,30,1,2.255447e+10
12,30,2,2.255447e+10
12,30,3,2.255447e+10
12,30,5,2.255447e+10
12,30,1,3.669097e+10
12,30,2,3.669097e+10
12,30,3,1.365045e+10
12,30,5,1.365045e+10
12,30,1,2.426405e+10
12,30,2,2.426405e+10
12,30,3,2.426405e+10
12,30,5,2.426405e+10
12,30,1,2.033802e+10
12,30,2,2.033802e+10
12,30,3,2.033802e+10
12,30,5,2.033802e+10
12,30,1,1.748482e+10
12,30,2,1.748482e+10
12,30,3,1.748482e+10
12,30,5,1.748482e+10
12,30,1,2.857585e+10
12,30,2,2.857585e+10
12,30,3,2.338604e+10
12,30,5,8.172825e+09
12,30,1,2.297817e+10
12,30,2,2.297817e+10
12,30,3,2.297817e+10
12,30,5,5.565426e+09
12,30,1,1.294343e+10
12,30,2,1.294343e+10
12,30,3,1.294343e+10
12,30,5,1.294343e+10
12,30,1,2.440744e+10
12,30,2,2.440744e+10
12,30,3,2.440744e+10
12,30,5,1.300542e+10
12,30,1,1.871792e+10
12,30,2,1.871792e+10
12,30,3,1.871792e+10
12,30,5,1.871792e+10
12,30,1,3.029775e+10
12,30,2,3.029775e+10
12,30,3,3.029775e+10
12,30,5,3.029775e+10
12,30,1,3.815989e+10
12,30,2,3.815989e+10
12,30,3,3.815989e+10
12,30,5,3.815989e+10
12,30,1,3.508609e+10
12,30,2,3.508609e+10
12,30,3,3.508609e+10
12,30,5,3.508609e+10
12,30,1,1.645077e+10
12,30,2,1.645077e+10
12,30,3,1.645077e+10
12,30,5,1.645077e+10
12,30,1,1.601384e+10
12,30,2,1.601384e+10
12,30,3,1.601384e+10
12,30,5,1.601384e+10
12,30,1,1.241327e+10
12,30,2,1.241327e+10
12,30,3,1.241327e+10
12,30,5,1.241327e+10
12,30,1,1.976693e+10
12,30,2,1.976693e+10
12,30,3,1.976693e+10
12,30,5,1.976693e+10
12,30,1,2.682599e+10
12,30,2,2.682599e+10
12,30,3,2.682599e+10
12,30,5,2.682599e+10
12,30,1,3.401009e+10
12,30,2,3.401009e+10
12,30,3,3.401009e+10
12,30,5,3.401009e+10
12,30,1,1.886944e+10
12,30,2,1.886944e+10
12,30,3,1.886944e+10
12,30,5,1.886944e+10
12,30,1,2.159850e+10
12,30,2,2.159850e+10
12,30,3,2.159850e+10
12,30,5,2.159850e+10
12,30,1,2.402437e+10
12,30,2,2.402437e+10
12,30,3,2.402437e+10
12,30,5,2.402437e+10
12,30,1,2.151792e+10
12,30,2,2.151792e+10
12,30,3,2.151792e+10
12,30,5,2.151792e+10
12,30,1,2.459488e+10
12,30,2,2.078111e+10
12,30,3,2.078111e+10
12,30,5,2.078111e+10
12,30,1,1.917743e+10
12,30,2,1.917743e+10
12,30,3,1.917743e+10
12,30,5,1.917743e+10
12,30,1,2.352981e+10
12,30,2,2.352981e+10
12,30,3,2.352981e+10
12,30,5,4.003136e+09
12,30,1,3.980872e+10
12,30,2,3.980872e+10
12,30,3,3.980872e+10
12,30,5,3.980872e+10
12,30,1,3.467663e+10
12,30,2,3.467663e+10
12,30,3,3.467663e+10
12,30,5,3.467663e+10
12,30,1,2.275994e+10
12,30,2,2.275994e+10
12,30,3,2.275994e+10
12,30,5,2.275994e+10
12,30,1,5.644965e+09
12,30,2,5.644965e+09
12,30,3,5.644965e+09
12,30,5,5.644965e+09
12,30,1,2.076473e+10
12,30,2,2.076473e+10
12,30,3,2.076473e+10
12,30,5,5.664253e+09
12,30,1,1.084103e+10
12,30,2,1.084103e+10
12,30,3,1.084103e+10
12,30,5,1.084103e+10
12,30,1,2.083154e+10
12,30,2,2.083154e+10
12,30,3,2.083154e+10
12,30,5,2.083154e+10
12,30,1,1.073101e+10
12,30,2,1.073101e+10
12,30,3,1.073101e+10
12,30,5,1.073101e+10
12,30,1,1.643682e+10
12,30,2,1.643682e+10
12,30,3,1.643682e+10
12,30,5,1.643682e+10
12,30,1,1.722986e+10
12,30,2,1.722986e+10
12,30,3,1.722986e+10
12,30,5,1.722986e+10
12,30,1,1.976902e+10
12,30,2,1.976902e+10
12,30,3,1.976902e+10
12,30,5,1.976902e+10
12,30,1,2.269120e+10
12,30,2,2.269120e+10
12,30,3,2.121422e+10
12,30,5,2.121422e+10
12,30,1,2.373504e+10
12,30,2,2.373504e+10
12,30,3,1.726643e+10
12,30,5,1.726643e+10
12,30,1,2.516471e+10
12,30,2,1.965030e+10
12,30,3,1.965030e+10
12,30,5,8.723094e+09
12,30,1,1.966971e+10
12,30,2,1.966971e+10
12,30,3,1.966971e+10
12,30,5,1.966971e+10
12,30,1,2.434572e+10
12,30,2,2.434572e+10
12,30,3,1.840540e+10
12,30,5,3.896184e+09
12,30,1,2.524077e+10
12,30,2,2.524077e+10
12,30,3,1.121468e+10
12,30,5,1.121468e+10
12,30,1,1.877019e+10
12,30,2,1.877019e+10
12,30,3,1.877019e+10
12,30,5,1.877019e+10
12,30,1,2.366707e+10
12,30,2,2.366707e+10
12,30,3,2.366707e+10
12,30,5,2.366707e+10
12,30,1,2.620268e+10
12,30,2,1.985445e+10
12,30,3,1.985445e+10
12,30,5,5.064909e+09
12,30,1,2.039609e+10
12,30,2,2.039609e+10
12,30,3,2.039609e+10
12,30,5,2.039609e+10
12,30,1,7.466635e+09
12,30,2,7.466635e+09
12,30,3,7.466635e+09
12,30,5,7.466635e+09
12,30,1,2.521796e+10
12,30,2,2.521796e+10
12,30,3,1.629383e+10
12,30,5,1.629383e+10
12,30,1,2.579129e+10
12,30,2,2.452275e+10
12,30,3,2.452275e+10
12,30,5,9.159064e+09
12,30,1,1.680068e+10
12,30,2,1.680068e+10
12,30,3,1.680068e+10
12,30,5,1.680068e+10
12,30,1,1.986337e+10
12,30,2,1.986337e+10
12,30,3,1.986337e+10
12,30,5,1.986337e+10
12,30,1,8.379995e+09
12,30,2,8.379995e+09
12,30,3,8.379995e+09
12,30,5,8.379995e+09
12,30,1,1.834201e+10
12,30,2,1.834201e+10
12,30,3,1.834201e+10
12,30,5,5.626743e+09
12,30,1,1.492162e+10
12,30,2,1.492162e+10
12,30,3,1.492162e+10
12,30,5,1.492162e+10
12,30,1,1.863920e+10
12,30,2,1.863920e+10
12,30,3,1.863920e+10
12,30,5,7.805292e+09
12,30,1,2.293976e+10
12,30,2,2.293976e+10
12,30,3,2.293976e+10
12,30,5,1.390251e+10
12,30,1,2.011245e+10
12,30,2,2.011245e+10
12,30,3,2.011245e+10
12,30,5,1.292762e+10
12,30,1,2.187646e+10
12,30,2,2.187646e+10
12,30,3,2.187646e+10
12,30,5,1.615115e+10
12,30,1,2.375532e+10
12,30,2,2.375532e+10
12,30,3,2.375532e+10
12,30,5,1.365336e+10
12,30,1,2.310439e+10
12,30,2,2.310439e+10
12,30,3,2.310439e+10
12,30,5,5.440898e+09
12,30,1,1.793226e+10
12,30,2,1.793226e+10
12,30,3,1.793226e+10
12,30,5,1.761863e+10
12,30,1,2.049321e+10
12,30,2,2.049321e+10
12,30,3,2.049321e+10
12,30,5,2.049321e+10
12,30,1,1.542673e+10
12,30,2,1.542673e+10
12,30,3,1.542673e+10
12,30,5,1.542673e+10
12,30,1,2.139032e+10
12,30,2,2.139032e+10
12,30,3,2.139032e+10
12,30,5,3.783783e+09
12,30,1,2.474165e+10
12,30,2,2.474165e+10
12,30,3,9.655139e+09
12,30,5,9.655139e+09
12,30,1,2.192599e+10
12,30,2,2.192599e+10
12,30,3,2.192599e+10
12,30,5,2.192599e+10
12,30,1,1.482133e+10
12,30,2,1.482133e+10
12,30,3,1.482133e+10
12,30,5,1.482133e+10
12,30,1,2.213133e+10
12,30,2,2.213133e+10
12,30,3,2.213133e+10
12,30,5,2.213133e+10
12,30,1,1.898217e+10
12,30,2,1.898217e+10
12,30,3,1.898217e+10
12,30,5,1.898217e+10
12,30,1,2.662910e+10
12,30,2,2.034180e+10
12,30,3,2.034180e+10
12,30,5,2.034180e+10
12,30,1,9.529604e+09
12,30,2,9.529604e+09
12,30,3,9.529604e+09
12,30,5,9.529604e+09
12,30,1,1.837552e+10
12,30,2,1.837552e+10
12,30,3,1.837552e+10
12,30,5,3.537805e+09
12,30,1,1.944106e+10
12,30,2,1.944106e+10
12,30,3,1.944106e+10
12,30,5,1.590818e+10
12,30,1,2.688546e+10
12,30,2,2.662291e+10
12,30,3,1.972180e+10
12,30,5,1.972180e+10
12,30,1,2.279172e+10
12,30,2,2.279172e+10
12,30,3,2.279172e+10
12,30,5,3.411438e+09
12,30,1,2.359709e+10
12,30,2,2.359709e+10
12,30,3,2.359709e+10
12,30,5,5.675808e+09
12,30,1,2.225802e+10
12,30,2,2.225802e+10
12,30,3,2.225802e+10
12,30,5,1.018253e+10
12,30,1,2.130350e+10
12,30,2,1.795102e+10
12,30,3,1.795102e+10
12,30,5,1.795102e+10
12,30,1,2.500982e+10
12,30,2,2.500982e+10
12,30,3,2.500982e+10
12,30,5,2.764507e+09
12,30,1,2.233662e+10
12,30,2,1.941362e+10
12,30,3,1.941362e+10
12,30,5,6.878517e+09
12,30,1,1.853489e+10
12,30,2,1.853489e+10
12,30,3,1.853489e+10
12,30,5,3.978513e+09
12,30,1,1.989346e+10
12,30,2,1.989346e+10
12,30,3,1.989346e+10
12,30,5,1.989346e+10
12,30,1,1.935394e+10
12,30,2,1.935394e+10
12,30,3,1.935394e+10
12,30,5,1.935394e+10
12,30,1,2.474417e+10
12,30,2,2.193157e+10
12,30,3,2.193157e+10
12,30,5,4.767029e+09
12,30,1,1.888204e+10
12,30,2,1.888204e+10
12,30,3,1.888204e+10
12,30,5,1.888204e+10
12,30,1,2.564711e+10
12,30,2,2.536124e+10
12,30,3,2.184795e+10
12,30,5,1.334471e+10
12,30,1,1.814693e+10
12,30,2,1.814693e+10
12,30,3,1.814693e+10
12,30,5,4.866168e+09
12,30,1,8.627100e+09
12,30,2,8.627100e+09
12,30,3,8.627100e+09
12,30,5,8.627100e+09
