funcid,dim,milestone,error
14,30,1,5.740708e+07
14,30,2,5.740708e+07
14,30,3,5.740708e+07
14,30,5,5.740708e+07
14,30,1,1.110505e+07
14,30,2,1.110505e+07
14,30,3,1.110505e+07
14,30,5,1.110505e+07
14,30,1,7.209058e+07
14,30,2,7.209058e+07
14,30,3,7.209058e+07
14,30,5,7.209058e+07
14,30,1,2.085623e+07
14,30,2,2.085623e+07
14,30,3,2.085623e+07
14,30,5,2.085623e+07
14,30,1,1.234350e+08
14,30,2,1.234350e+08
14,30,3,1.234350e+08
14,30,5,1.234350e+08
14,30,1,5.601093e+07
14,30,2,5.601093e+07
14,30,3,5.601093e+07
14,30,5,5.601093e+07
14,30,1,7.828525e+07
14,30,2,7.828525e+07
14,30,3,7.828525e+07
14,30,5,7.828525e+07
14,30,1,1.473974e+07
14,30,2,1.473974e+07
14,30,3,1.473974e+07
14,30,5,1.473974e+07
14,30,1,7.223698e+07
14,30,2,7.223698e+07
14,30,3,7.223698e+07
14,30,5,7.223698e+07
14,30,1,7.917412e+07
14,30,2,7.917412e+07
14,30,3,7.917412e+07
14,30,5,7.917412e+07
14,30,1,1.387200e+08
14,30,2,1.381568e+08
14,30,3,1.381568e+08
14,30,5,3.852027e+07
14,30,1,5.107443e+07
14,30,2,5.107443e+07
14,30,3,5.107443e+07
14,30,5,5.107443e+07
14,30,1,2.787418e+07
14,30,2,2.787418e+07
14,30,3,2.787418e+07
14,30,5,2.787418e+07
14,30,1,9.155272e+06
14,30,2,9.155272e+06
14,30,3,9.155272e+06
14,30,5,9.155272e+06
14,30,1,2.171537e+07
14,30,2,2.171537e+07
14,30,3,2.171537e+07
14,30,5,2.171537e+07
14,30,1,1.448575e+07
14,30,2,1.448575e+07
14,30,3,1.448575e+07
14,30,5,1.448575e+07
14,30,1,5.425702e+06
14,30,2,5.425702e+06
14,30,3,5.425702e+06
14,30,5,5.425702e+06
14,30,1,1.301425e+08
14,30,2,1.301425e+08
14,30,3,1.301425e+08
14,30,5,1.301425e+08
14,30,1,9.176987e+07
14,30,2,9.176987e+07
14,30,3,9.176987e+07
14,30,5,9.176987e+07
14,30,1,1.834664e+08
14,30,2,1.834664e+08
14,30,3,1.834664e+08
14,30,5,1.834664e+08
14,30,1,1.826318e+07
14,30,2,1.826318e+07
14,30,3,1.826318e+07
14,30,5,1.826318e+07
14,30,1,9.384765e+07
14,30,2,9.384765e+07
14,30,3,9.384765e+07
14,30,5,9.384765e+07
14,30,1,3.136303e+07
14,30,2,3.136303e+07
14,30,3,3.136303e+07
14,30,5,3.136303e+07
14,30,1,1.084649e+07
14,30,2,1.084649e+07
14,30,3,1.084649e+07
14,30,5,1.084649e+07
14,30,1,9.859403e+06
14,30,2,9.859403e+06
14,30,3,9.859403e+06
14,30,5,9.859403e+06
14,30,1,6.969469e+07
14,30,2,6.969469e+07
14,30,3,6.969469e+07
14,30,5,6.969469e+07
14,30,1,5.617086e+07
14,30,2,5.617086e+07
14,30,3,5.617086e+07
14,30,5,5.617086e+07
14,30,1,1.037811e+07
14,30,2,1.037811e+07
14,30,3,1.037811e+07
14,30,5,1.037811e+07
14,30,1,3.525987e+07
14,30,2,3.525987e+07
14,30,3,3.525987e+07
14,30,5,3.525987e+07
14,30,1,1.261044e+07
14,30,2,1.261044e+07
14,30,3,1.261044e+07
14,30,5,1.261044e+07
14,30,1,4.869968e+07
14,30,2,4.869968e+07
14,30,3,4.869968e+07
14,30,5,4.869968e+07
14,30,1,6.254789e+07
14,30,2,4.152297e+07
14,30,3,1.821894e+07
14,30,5,1.821894e+07
14,30,1,1.231167e+08
14,30,2,1.231167e+08
14,30,3,1.231167e+08
14,30,5,1.231167e+08
14,30,1,1.564913e+07
14,30,2,1.564913e+07
14,30,3,1.564913e+07
14,30,5,1.564913e+07
14,30,1,2.487344e+07
14,30,2,2.487344e+07
14,30,3,2.487344e+07
14,30,5,2.487344e+07
14,30,1,2.161161e+07
14,30,2,2.161161e+07
14,30,3,2.161161e+07
14,30,5,2.161161e+07
14,30,1,5.989917e+06
14,30,2,5.989917e+06
14,30,3,5.989917e+06
14,30,5,5.989917e+06
14,30,1,2.044602e+08
14,30,2,1.210260e+08
14,30,3,1.210260e+08
14,30,5,6.313188e+07
14,30,1,9.594430e+06
14,30,2,9.594430e+06
14,30,3,9.594430e+06
14,30,5,9.594430e+06
14,30,1,1.344525e+07
14,30,2,1.344525e+07
14,30,3,1.344525e+07
14,30,5,1.344525e+07
14,30,1,1.471987e+07
14,30,2,1.471987e+07
14,30,3,1.471987e+07
14,30,5,1.471987e+07
14,30,1,5.561715e+07
14,30,2,5.561715e+07
14,30,3,5.561715e+07
14,30,5,5.561715e+07
14,30,1,1.977978e+07
14,30,2,1.977978e+07
14,30,3,1.977978e+07
14,30,5,1.977978e+07
14,30,1,6.551245e+07
14,30,2,6.551245e+07
14,30,3,6.551245e+07
14,30,5,6.551245e+07
14,30,1,1.415016e+08
14,30,2,1.415016e+08
14,30,3,1.415016e+08
14,30,5,1.415016e+08
14,30,1,1.246886e+08
14,30,2,1.246886e+08
14,30,3,1.246886e+08
14,30,5,1.246886e+08
14,30,1,8.319116e+07
14,30,2,8.319116e+07
14,30,3,8.319116e+07
14,30,5,8.319116e+07
14,30,1,2.418603e+07
14,30,2,2.418603e+07
14,30,3,2.418603e+07
14,30,5,2.418603e+07
14,30,1,1.333901e+08
14,30,2,1.333901e+08
14,30,3,1.333901e+08
14,30,5,1.333901e+08
14,30,1,2.665829e+07
14,30,2,2.665829e+07
14,30,3,2.665829e+07
14,30,5,2.665829e+07
14,30,1,3.348272e+07
14,30,2,3.348272e+07
14,30,3,3.348272e+07
14,30,5,3.348272e+07
14,30,1,6.232965e+07
14,30,2,6.232965e+07
14,30,3,6.232965e+07
14,30,5,6.232965e+07
14,30,1,3.607786e+07
14,30,2,3.607786e+07
14,30,3,3.607786e+07
14,30,5,3.607786e+07
14,30,1,4.577372e+07
14,30,2,4.577372e+07
14,30,3,4.577372e+07
14,30,5,4.577372e+07
14,30,1,3.020201e+06
14,30,2,3.020201e+06
14,30,3,3.020201e+06
14,30,5,3.020201e+06
14,30,1,5.460054e+07
14,30,2,5.460054e+07
14,30,3,5.460054e+07
14,30,5,5.460054e+07
14,30,1,2.213090e+08
14,30,2,2.213090e+08
14,30,3,2.213090e+08
14,30,5,2.213090e+08
14,30,1,8.880064e+06
14,30,2,8.880064e+06
14,30,3,8.880064e+06
14,30,5,8.880064e+06
14,30,1,1.743499e+07
14,30,2,1.743499e+07
14,30,3,1.743499e+07
14,30,5,1.743499e+07
14,30,1,4.968537e+07
14,30,2,4.968537e+07
14,30,3,4.968537e+07
14,30,5,4.968537e+07
14,30,1,9.433448e+07
14,30,2,9.433448e+07
14,30,3,9.433448e+07
14,30,5,9.433448e+07
14,30,1,8.305310e+06
14,30,2,8.305310e+06
14,30,3,8.305310e+06
14,30,5,8.305310e+06
14,30,1,2.793748e+07
14,30,2,2.793748e+07
14,30,3,2.793748e+07
14,30,5,2.793748e+07
14,30,1,1.476366e+07
14,30,2,1.476366e+07
14,30,3,1.476366e+07
14,30,5,1.476366e+07
14,30,1,4.656250e+07
14,30,2,4.656250e+07
14,30,3,4.139480e+07
14,30,5,4.139480e+07
14,30,1,7.821864e+07
14,30,2,7.821864e+07
14,30,3,7.821864e+07
14,30,5,7.821864e+07
14,30,1,4.522140e+07
14,30,2,4.522140e+07
14,30,3,4.522140e+07
14,30,5,4.522140e+07
14,30,1,8.068155e+07
14,30,2,8.068155e+07
14,30,3,8.068155e+07
14,30,5,8.068155e+07
14,30,1,1.029756e+07
14,30,2,1.029756e+07
14,30,3,1.029756e+07
14,30,5,1.029756e+07
14,30,1,3.051049e+07
14,30,2,3.051049e+07
14,30,3,3.051049e+07
14,30,5,3.051049e+07
14,30,1,1.045224e+06
14,30,2,1.045224e+06
14,30,3,1.045224e+06
14,30,5,1.045224e+06
14,30,1,6.651498e+07
14,30,2,6.651498e+07
14,30,3,6.651498e+07
14,30,5,6.651498e+07
14,30,1,2.596875e+07
14,30,2,2.596875e+07
14,30,3,2.596875e+07
14,30,5,2.596875e+07
14,30,1,5.149725e+06
14,30,2,5.149725e+06
14,30,3,5.149725e+06
14,30,5,5.149725e+06
14,30,1,1.248065e+08
14,30,2,1.248065e+08
14,30,3,1.248065e+08
14,30,5,1.248065e+08
14,30,1,6.852040e+06
14,30,2,6.852040e+06
14,30,3,6.852040e+06
14,30,5,6.852040e+06
14,30,1,4.299843e+07
14,30,2,4.299843e+07
14,30,3,4.299843e+07
14,30,5,4.299843e+07
14,30,1,6.104246e+06
14,30,2,6.104246e+06
14,30,3,6.104246e+06
14,30,5,6.104246e+06
14,30,1,1.044240e+07
14,30,2,1.044240e+07
14,30,3,1.044240e+07
14,30,5,1.044240e+07
14,30,1,2.825020e+07
14,30,2,2.825020e+07
14,30,3,2.825020e+07
14,30,5,2.825020e+07
14,30,1,1.043781e+08
14,30,2,1.043781e+08
14,30,3,1.043781e+08
14,30,5,1.043781e+08
14,30,1,1.885433e+07
14,30,2,1.885433e+07
14,30,3,1.885433e+07
14,30,5,1.885433e+07
14,30,1,4.505997e+07
14,30,2,4.505997e+07
14,30,3,4.505997e+07
14,30,5,4.505997e+07
14,30,1,1.579741e+07
14,30,2,1.579741e+07
14,30,3,1.579741e+07
14,30,5,1.579741e+07
14,30,1,2.577690e+07
14,30,2,2.577690e+07
14,30,3,2.577690e+07
14,30,5,2.577690e+07
14,30,1,1.194441e+07
14,30,2,1.194441e+07
14,30,3,1.194441e+07
14,30,5,1.194441e+07
14,30,1,5.872772e+07
14,30,2,5.872772e+07
14,30,3,5.872772e+07
14,30,5,5.872772e+07
14,30,1,1.291304e+08
14,30,2,1.291304e+08
14,30,3,1.291304e+08
14,30,5,1.291304e+08
14,30,1,1.575815e+06
14,30,2,1.575815e+06
14,30,3,1.575815e+06
14,30,5,1.575815e+06
14,30,1,4.797293e+07
14,30,2,4.797293e+07
14,30,3,4.797293e+07
14,30,5,4.797293e+07
14,30,1,1.769541e+07
14,30,2,1.769541e+07
14,30,3,1.769541e+07
14,30,5,1.769541e+07
14,30,1,1.095467e+08
14,30,2,1.095467e+08
14,30,3,1.095467e+08
14,30,5,1.095467e+08
14,30,1,6.613757e+05
14,30,2,6.613757e+05
14,30,3,6.613757e+05
14,30,5,6.613757e+05
14,30,1,4.056665e+07
14,30,2,4.056665e+07
14,30,3,4.056665e+07
14,30,5,4.056665e+07
14,30,1,1.583960e+07
14,30,2,1.583960e+07
14,30,3,1.583960e+07
14,30,5,1.583960e+07
14,30,1,1.393365e+08
14,30,2,1.393365e+08
14,30,3,1.393365e+08
14,30,5,1.393365e+08
14,30,1,6.304639e+06
14,30,2,6.304639e+06
14,30,3,6.304639e+06
14,30,5,6.304639e+06
14,30,1,1.505730e+07
14,30,2,1.505730e+07
14,30,3,1.505730e+07
14,30,5,1.505730e+07
14,30,1,3.441227e+07
14,30,2,3.441227e+07
14,30,3,3.441227e+07
14,30,5,3.441227e+07
14,30,1,3.305980e+07
14,30,2,3.305980e+07
14,30,3,3.305980e+07
14,30,5,3.305980e+07
14,30,1,2.131255e+07
14,30,2,2.131255e+07
14,30,3,2.131255e+07
14,30,5,2.131255e+07
14,30,1,1.744619e+06
14,30,2,1.744619e+06
14,30,3,1.744619e+06
14,30,5,1.744619e+06
14,30,1,1.953795e+07
14,30,2,1.953795e+07
14,30,3,1.953795e+07
14,30,5,1.953795e+07
14,30,1,1.060574e+07
14,30,2,1.060574e+07
14,30,3,1.060574e+07
14,30,5,1.060574e+07
14,30,1,9.867464e+06
14,30,2,9.867464e+06
14,30,3,9.867464e+06
14,30,5,9.867464e+06
14,30,1,1.025589e+08
14,30,2,1.025589e+08
14,30,3,1.025589e+08
14,30,5,4.403358e+07
14,30,1,2.214534e+06
14,30,2,2.214534e+06
14,30,3,2.214534e+06
14,30,5,2.214534e+06
14,30,1,1.068273e+08
14,30,2,1.068273e+08
14,30,3,1.068273e+08
14,30,5,1.068273e+08
14,30,1,1.089622e+07
14,30,2,1.089622e+07
14,30,3,1.089622e+07
14,30,5,1.089622e+07
14,30,1,7.258797e+07
14,30,2,7.258797e+07
14,30,3,7.258797e+07
14,30,5,7.258797e+07
14,30,1,4.179792e+07
14,30,2,4.179792e+07
14,30,3,4.179792e+07
14,30,5,4.179792e+07
14,30,1,3.240220e+07
14,30,2,3.240220e+07
14,30,3,3.240220e+07
14,30,5,3.240220e+07
14,30,1,4.257749e+06
14,30,2,4.257749e+06
14,30,3,4.257749e+06
14,30,5,4.257749e+06
14,30,1,4.976646e+07
14,30,2,4.976646e+07
14,30,3,4.976646e+07
14,30,5,4.976646e+07
14,30,1,3.148235e+07
14,30,2,3.148235e+07
14,30,3,3.148235e+07
14,30,5,3.148235e+07
14,30,1,1.006225e+08
14,30,2,1.006225e+08
14,30,3,1.006225e+08
14,30,5,1.006225e+08
14,30,1,1.370975e+07
14,30,2,1.370975e+07
14,30,3,1.370975e+07
14,30,5,1.370975e+07
14,30,1,4.961548e+07
14,30,2,4.961548e+07
14,30,3,4.961548e+07
14,30,5,4.961548e+07
14,30,1,4.233731e+07
14,30,2,4.233731e+07
14,30,3,4.233731e+07
14,30,5,4.233731e+07
14,30,1,2.698398e+06
14,30,2,2.698398e+06
14,30,3,2.698398e+06
14,30,5,2.698398e+06
14,30,1,5.053928e+07
14,30,2,5.053928e+07
14,30,3,5.053928e+07
14,30,5,5.053928e+07
14,30,1,2.689383e+06
14,30,2,2.689383e+06
14,30,3,2.689383e+06
14,30,5,2.689383e+06
14,30,1,1.032674e+07
14,30,2,1.032674e+07
14,30,3,1.032674e+07
14,30,5,1.032674e+07
14,30,1,3.475743e+07
14,30,2,3.475743e+07
14,30,3,3.475743e+07
14,30,5,3.475743e+07
14,30,1,4.043175e+06
14,30,2,4.043175e+06
14,30,3,4.043175e+06
14,30,5,4.043175e+06
14,30,1,9.391616e+06
14,30,2,9.391616e+06
14,30,3,9.391616e+06
14,30,5,9.391616e+06
14,30,1,6.647092e+06
14,30,2,6.647092e+06
14,30,3,6.647092e+06
14,30,5,6.647092e+06
14,30,1,9.325618e+07
14,30,2,9.325618e+07
14,30,3,9.325618e+07
14,30,5,9.325618e+07
14,30,1,1.059516e+07
14,30,2,1.059516e+07
14,30,3,1.059516e+07
14,30,5,1.059516e+07
14,30,1,2.434684e+08
14,30,2,2.434684e+08
14,30,3,2.434684e+08
14,30,5,2.434684e+08
14,30,1,3.616828e+07
14,30,2,3.616828e+07
14,30,3,3.616828e+07
14,30,5,9.181396e+06
14,30,1,9.320650e+07
14,30,2,9.320650e+07
14,30,3,9.320650e+07
14,30,5,9.320650e+07
14,30,1,8.701358e+07
14,30,2,8.701358e+07
14,30,3,4.537255e+07
14,30,5,2.241510e+07
14,30,1,5.531068e+07
14,30,2,5.531068e+07
14,30,3,5.531068e+07
14,30,5,5.531068e+07
14,30,1,1.299598e+07
14,30,2,1.299598e+07
14,30,3,1.299598e+07
14,30,5,1.299598e+07
14,30,1,1.004644e+08
14,30,2,1.004644e+08
14,30,3,1.004644e+08
14,30,5,1.004644e+08
14,30,1,6.090595e+06
14,30,2,6.090595e+06
14,30,3,6.090595e+06
14,30,5,6.090595e+06
14,30,1,1.895078e+07
14,30,2,1.895078e+07
14,30,3,1.895078e+07
14,30,5,1.895078e+07
14,30,1,1.299684e+07
14,30,2,1.299684e+07
14,30,3,1.299684e+07
14,30,5,1.299684e+07
14,30,1,4.593793e+07
14,30,2,4.593793e+07
14,30,3,4.593793e+07
14,30,5,4.593793e+07
14,30,1,5.219999e+07
14,30,2,5.219999e+07
14,30,3,5.219999e+07
14,30,5,5.219999e+07
14,30,1,6.725564e+06
14,30,2,6.725564e+06
14,30,3,6.725564e+06
14,30,5,6.725564e+06
14,30,1,1.703576e+08
14,30,2,1.703576e+08
14,30,3,1.703576e+08
14,30,5,1.703576e+08
14,30,1,4.962749e+07
14,30,2,4.962749e+07
14,30,3,4.962749e+07
14,30,5,4.962749e+07
14,30,1,4.578314e+07
14,30,2,4.578314e+07
14,30,3,4.578314e+07
14,30,5,4.578314e+07
14,30,1,4.301484e+05
14,30,2,4.301484e+05
14,30,3,4.301484e+05
14,30,5,4.301484e+05
14,30,1,1.544576e+07
14,30,2,1.544576e+07
14,30,3,1.544576e+07
14,30,5,1.544576e+07
14,30,1,5.666553e+07
14,30,2,5.666553e+07
14,30,3,5.666553e+07
14,30,5,5.666553e+07
14,30,1,2.007670e+07
14,30,2,2.007670e+07
14,30,3,2.007670e+07
14,30,5,2.007670e+07
14,30,1,3.364217e+06
14,30,2,3.364217e+06
14,30,3,3.364217e+06
14,30,5,3.364217e+06
14,30,1,6.248313e+07
14,30,2,6.248313e+07
14,30,3,6.248313e+07
14,30,5,6.248313e+07
14,30,1,5.248645e+07
14,30,2,5.248645e+07
14,30,3,5.248645e+07
14,30,5,5.248645e+07
14,30,1,6.342888e+06
14,30,2,6.342888e+06
14,30,3,6.342888e+06
14,30,5,6.342888e+06
14,30,1,6.591945e+07
14,30,2,6.591945e+07
14,30,3,6.591945e+07
14,30,5,6.591945e+07
14,30,10,6.591945e+07
14,30,20,6.591945e+07
14,30,30,6.591945e+07
14,30,40,6.591945e+07
14,30,50,6.591945e+07
14,30,1,1.288914e+07
14,30,2,1.288914e+07
14,30,3,1.288914e+07
14,30,5,1.288914e+07
14,30,10,1.288914e+07
14,30,20,1.288914e+07
14,30,30,1.288914e+07
14,30,40,1.288914e+07
14,30,50,1.288914e+07
14,30,1,8.402821e+07
14,30,2,8.402821e+07
14,30,3,8.402821e+07
14,30,5,8.402821e+07
14,30,10,8.402821e+07
14,30,20,8.402821e+07
14,30,30,8.402821e+07
14,30,40,8.402821e+07
14,30,50,8.402821e+07
14,30,1,5.155703e+07
14,30,2,5.155703e+07
14,30,3,5.155703e+07
14,30,5,5.155703e+07
14,30,10,5.155703e+07
14,30,20,5.155703e+07
14,30,30,5.155703e+07
14,30,40,5.155703e+07
14,30,50,5.155703e+07
14,30,1,3.198488e+06
14,30,2,2.621118e+06
14,30,3,2.621118e+06
14,30,5,2.621118e+06
14,30,10,2.621118e+06
14,30,20,2.621118e+06
14,30,30,2.621118e+06
14,30,40,2.621118e+06
14,30,50,2.621118e+06
14,30,1,6.565888e+07
14,30,2,6.565888e+07
14,30,3,6.565888e+07
14,30,5,6.565888e+07
14,30,10,6.565888e+07
14,30,20,6.565888e+07
14,30,30,6.565888e+07
14,30,40,2.840462e+07
14,30,50,1.720126e+06
14,30,1,2.233423e+07
14,30,2,2.233423e+07
14,30,3,2.233423e+07
14,30,5,2.233423e+07
14,30,10,2.233423e+07
14,30,20,2.233423e+07
14,30,30,2.233423e+07
14,30,40,2.233423e+07
14,30,50,2.233423e+07
14,30,1,3.266931e+07
14,30,2,3.266931e+07
14,30,3,3.266931e+07
14,30,5,3.266931e+07
14,30,10,3.266931e+07
14,30,20,3.266931e+07
14,30,30,3.266931e+07
14,30,40,3.266931e+07
14,30,50,3.266931e+07
14,30,1,2.376466e+07
14,30,2,2.376466e+07
14,30,3,2.329918e+07
14,30,5,2.329918e+07
14,30,10,2.329918e+07
14,30,20,2.329918e+07
14,30,30,2.329918e+07
14,30,40,2.329918e+07
14,30,50,7.123634e+06
14,30,1,9.360456e+07
14,30,2,9.360456e+07
14,30,3,9.360456e+07
14,30,5,9.360456e+07
14,30,10,9.360456e+07
14,30,20,9.360456e+07
14,30,30,9.360456e+07
14,30,40,9.360456e+07
14,30,50,9.360456e+07
14,30,1,3.842593e+07
14,30,2,3.842593e+07
14,30,3,3.842593e+07
14,30,5,3.842593e+07
14,30,10,3.842593e+07
14,30,20,3.842593e+07
14,30,30,3.842593e+07
14,30,40,3.842593e+07
14,30,50,3.842593e+07
14,30,1,1.434250e+08
14,30,2,1.434250e+08
14,30,3,1.434250e+08
14,30,5,1.434250e+08
14,30,10,3.253623e+07
14,30,20,3.253623e+07
14,30,30,3.253623e+07
14,30,40,3.253623e+07
14,30,50,3.253623e+07
14,30,1,5.746261e+07
14,30,2,5.746261e+07
14,30,3,5.746261e+07
14,30,5,5.746261e+07
14,30,10,5.746261e+07
14,30,20,5.746261e+07
14,30,30,5.746261e+07
14,30,40,5.746261e+07
14,30,50,5.746261e+07
14,30,1,8.238400e+07
14,30,2,8.238400e+07
14,30,3,8.238400e+07
14,30,5,8.238400e+07
14,30,10,8.238400e+07
14,30,20,8.238400e+07
14,30,30,8.238400e+07
14,30,40,8.238400e+07
14,30,50,9.776748e+06
14,30,1,7.863118e+06
14,30,2,7.863118e+06
14,30,3,7.863118e+06
14,30,5,7.863118e+06
14,30,10,7.863118e+06
14,30,20,7.863118e+06
14,30,30,7.863118e+06
14,30,40,7.863118e+06
14,30,50,7.863118e+06
14,30,1,1.149879e+07
14,30,2,1.149879e+07
14,30,3,1.149879e+07
14,30,5,1.149879e+07
14,30,10,1.149879e+07
14,30,20,1.149879e+07
14,30,30,1.149879e+07
14,30,40,1.149879e+07
14,30,50,1.149879e+07
14,30,1,5.798304e+07
14,30,2,5.798304e+07
14,30,3,5.798304e+07
14,30,5,5.798304e+07
14,30,10,5.798304e+07
14,30,20,5.798304e+07
14,30,30,5.798304e+07
14,30,40,5.798304e+07
14,30,50,5.798304e+07
14,30,1,8.605054e+07
14,30,2,8.605054e+07
14,30,3,8.605054e+07
14,30,5,8.605054e+07
14,30,10,8.605054e+07
14,30,20,8.605054e+07
14,30,30,8.605054e+07
14,30,40,8.397476e+07
14,30,50,1.316188e+06
14,30,1,1.207654e+08
14,30,2,1.207654e+08
14,30,3,1.207654e+08
14,30,5,1.207654e+08
14,30,10,1.207654e+08
14,30,20,1.207654e+08
14,30,30,1.207654e+08
14,30,40,1.207654e+08
14,30,50,1.207654e+08
14,30,1,7.784089e+06
14,30,2,7.784089e+06
14,30,3,7.784089e+06
14,30,5,7.784089e+06
14,30,10,7.784089e+06
14,30,20,7.784089e+06
14,30,30,7.784089e+06
14,30,40,7.784089e+06
14,30,50,7.784089e+06
14,30,1,1.638135e+07
14,30,2,1.638135e+07
14,30,3,1.638135e+07
14,30,5,1.638135e+07
14,30,10,1.638135e+07
14,30,20,1.638135e+07
14,30,30,1.638135e+07
14,30,40,1.638135e+07
14,30,50,1.638135e+07
14,30,1,6.055459e+07
14,30,2,6.055459e+07
14,30,3,6.055459e+07
14,30,5,6.055459e+07
14,30,10,6.055459e+07
14,30,20,6.055459e+07
14,30,30,6.055459e+07
14,30,40,6.055459e+07
14,30,50,6.055459e+07
14,30,1,2.252183e+07
14,30,2,2.252183e+07
14,30,3,2.252183e+07
14,30,5,2.252183e+07
14,30,10,2.252183e+07
14,30,20,2.252183e+07
14,30,30,2.252183e+07
14,30,40,2.252183e+07
14,30,50,2.252183e+07
14,30,1,1.833613e+07
14,30,2,1.833613e+07
14,30,3,1.833613e+07
14,30,5,1.833613e+07
14,30,10,1.833613e+07
14,30,20,1.833613e+07
14,30,30,1.833613e+07
14,30,40,1.833613e+07
14,30,50,1.833613e+07
14,30,1,1.492383e+08
14,30,2,1.492383e+08
14,30,3,1.492383e+08
14,30,5,1.492383e+08
14,30,10,1.492383e+08
14,30,20,1.492383e+08
14,30,30,1.492383e+08
14,30,40,1.492383e+08
14,30,50,1.492383e+08
14,30,1,2.247610e+07
14,30,2,2.247610e+07
14,30,3,2.247610e+07
14,30,5,2.247610e+07
14,30,10,2.247610e+07
14,30,20,2.247610e+07
14,30,30,2.247610e+07
14,30,40,2.247610e+07
14,30,50,2.247610e+07
14,30,1,7.528724e+05
14,30,2,7.528724e+05
14,30,3,7.528724e+05
14,30,5,7.528724e+05
14,30,10,7.528724e+05
14,30,20,7.528724e+05
14,30,30,7.528724e+05
14,30,40,7.528724e+05
14,30,50,7.528724e+05
14,30,1,1.983024e+08
14,30,2,1.983024e+08
14,30,3,1.983024e+08
14,30,5,1.983024e+08
14,30,10,1.983024e+08
14,30,20,1.983024e+08
14,30,30,1.983024e+08
14,30,40,1.983024e+08
14,30,50,1.983024e+08
14,30,1,6.924852e+06
14,30,2,6.924852e+06
14,30,3,6.924852e+06
14,30,5,6.924852e+06
14,30,10,6.924852e+06
14,30,20,6.924852e+06
14,30,30,6.924852e+06
14,30,40,6.924852e+06
14,30,50,6.924852e+06
14,30,1,3.532475e+07
14,30,2,3.532475e+07
14,30,3,3.532475e+07
14,30,5,3.532475e+07
14,30,10,3.532475e+07
14,30,20,3.532475e+07
14,30,30,3.532475e+07
14,30,40,3.532475e+07
14,30,50,3.532475e+07
14,30,1,3.559116e+07
14,30,2,3.559116e+07
14,30,3,3.559116e+07
14,30,5,3.559116e+07
14,30,10,3.559116e+07
14,30,20,3.559116e+07
14,30,30,3.559116e+07
14,30,40,3.559116e+07
14,30,50,3.559116e+07
14,30,1,6.920650e+07
14,30,2,6.920650e+07
14,30,3,6.920650e+07
14,30,5,6.920650e+07
14,30,10,6.920650e+07
14,30,20,6.920650e+07
14,30,30,6.920650e+07
14,30,40,6.920650e+07
14,30,50,2.394803e+07
14,30,1,2.175784e+06
14,30,2,2.175784e+06
14,30,3,2.175784e+06
14,30,5,2.175784e+06
14,30,10,2.175784e+06
14,30,20,2.175784e+06
14,30,30,2.175784e+06
14,30,40,2.175784e+06
14,30,50,2.175784e+06
14,30,1,1.769711e+07
14,30,2,1.769711e+07
14,30,3,1.769711e+07
14,30,5,1.769711e+07
14,30,10,1.769711e+07
14,30,20,1.769711e+07
14,30,30,1.769711e+07
14,30,40,1.769711e+07
14,30,50,1.769711e+07
14,30,1,5.790879e+07
14,30,2,3.896530e+07
14,30,3,2.783091e+07
14,30,5,2.783091e+07
14,30,10,2.783091e+07
14,30,20,2.783091e+07
14,30,30,2.783091e+07
14,30,40,2.783091e+07
14,30,50,2.783091e+07
14,30,1,1.284587e+07
14,30,2,1.284587e+07
14,30,3,1.284587e+07
14,30,5,1.284587e+07
14,30,10,1.284587e+07
14,30,20,1.284587e+07
14,30,30,1.284587e+07
14,30,40,1.284587e+07
14,30,50,1.284587e+07
14,30,1,4.565229e+07
14,30,2,4.565229e+07
14,30,3,4.565229e+07
14,30,5,4.565229e+07
14,30,10,4.565229e+07
14,30,20,4.565229e+07
14,30,30,4.565229e+07
14,30,40,4.565229e+07
14,30,50,4.565229e+07
14,30,1,4.572122e+06
14,30,2,4.572122e+06
14,30,3,4.572122e+06
14,30,5,4.572122e+06
14,30,10,4.572122e+06
14,30,20,4.572122e+06
14,30,30,4.572122e+06
14,30,40,4.572122e+06
14,30,50,4.572122e+06
14,30,1,1.135418e+08
14,30,2,1.135418e+08
14,30,3,1.135418e+08
14,30,5,1.135418e+08
14,30,10,1.135418e+08
14,30,20,1.135418e+08
14,30,30,1.135418e+08
14,30,40,1.135418e+08
14,30,50,1.135418e+08
14,30,1,2.416866e+07
14,30,2,2.416866e+07
14,30,3,2.416866e+07
14,30,5,2.416866e+07
14,30,10,2.416866e+07
14,30,20,2.416866e+07
14,30,30,2.416866e+07
14,30,40,2.416866e+07
14,30,50,2.416866e+07
14,30,1,8.256406e+07
14,30,2,8.256406e+07
14,30,3,8.256406e+07
14,30,5,8.256406e+07
14,30,10,8.256406e+07
14,30,20,8.256406e+07
14,30,30,8.256406e+07
14,30,40,8.256406e+07
14,30,50,8.256406e+07
14,30,1,1.233017e+08
14,30,2,1.233017e+08
14,30,3,1.233017e+08
14,30,5,1.233017e+08
14,30,10,1.233017e+08
14,30,20,1.233017e+08
14,30,30,1.233017e+08
14,30,40,1.233017e+08
14,30,50,3.162418e+06
14,30,1,5.492599e+07
14,30,2,5.492599e+07
14,30,3,5.492599e+07
14,30,5,5.492599e+07
14,30,10,5.492599e+07
14,30,20,5.492599e+07
14,30,30,5.492599e+07
14,30,40,5.492599e+07
14,30,50,5.492599e+07
14,30,1,1.606435e+07
14,30,2,1.606435e+07
14,30,3,1.606435e+07
14,30,5,1.606435e+07
14,30,10,1.606435e+07
14,30,20,1.606435e+07
14,30,30,1.606435e+07
14,30,40,1.606435e+07
14,30,50,1.606435e+07
14,30,1,1.708419e+07
14,30,2,1.708419e+07
14,30,3,1.708419e+07
14,30,5,1.708419e+07
14,30,10,1.708419e+07
14,30,20,1.708419e+07
14,30,30,1.708419e+07
14,30,40,1.708419e+07
14,30,50,1.708419e+07
14,30,1,2.174309e+08
14,30,2,1.177242e+08
14,30,3,1.175629e+08
14,30,5,1.175629e+08
14,30,10,1.175629e+08
14,30,20,1.175629e+08
14,30,30,1.175629e+08
14,30,40,2.660582e+06
14,30,50,1.324625e+06
14,30,1,2.911283e+07
14,30,2,2.911283e+07
14,30,3,2.911283e+07
14,30,5,2.911283e+07
14,30,10,2.911283e+07
14,30,20,2.911283e+07
14,30,30,2.911283e+07
14,30,40,2.911283e+07
14,30,50,2.911283e+07
14,30,1,1.357176e+08
14,30,2,1.357176e+08
14,30,3,1.357176e+08
14,30,5,1.357176e+08
14,30,10,1.357176e+08
14,30,20,1.357176e+08
14,30,30,1.357176e+08
14,30,40,1.357176e+08
14,30,50,1.357176e+08
14,30,1,3.829396e+06
14,30,2,3.829396e+06
14,30,3,3.829396e+06
14,30,5,3.829396e+06
14,30,10,3.829396e+06
14,30,20,3.829396e+06
14,30,30,3.829396e+06
14,30,40,3.829396e+06
14,30,50,3.829396e+06
14,30,1,1.013572e+08
14,30,2,1.013572e+08
14,30,3,1.013572e+08
14,30,5,1.013572e+08
14,30,10,1.013572e+08
14,30,20,1.013572e+08
14,30,30,1.013572e+08
14,30,40,1.013572e+08
14,30,50,1.013572e+08
14,30,1,1.912936e+07
14,30,2,1.912936e+07
14,30,3,1.912936e+07
14,30,5,1.912936e+07
14,30,10,1.912936e+07
14,30,20,1.912936e+07
14,30,30,1.912936e+07
14,30,40,1.912936e+07
14,30,50,1.912936e+07
14,30,1,1.758855e+08
14,30,2,1.758855e+08
14,30,3,1.758855e+08
14,30,5,1.758855e+08
14,30,1,5.814695e+07
14,30,2,5.814695e+07
14,30,3,5.814695e+07
14,30,5,5.814695e+07
14,30,1,2.052860e+05
14,30,2,2.052860e+05
14,30,3,2.052860e+05
14,30,5,2.052860e+05
14,30,1,2.639955e+07
14,30,2,2.639955e+07
14,30,3,2.639955e+07
14,30,5,2.639955e+07
14,30,1,1.910195e+07
14,30,2,1.910195e+07
14,30,3,1.910195e+07
14,30,5,1.910195e+07
14,30,1,1.197245e+07
14,30,2,1.197245e+07
14,30,3,1.197245e+07
14,30,5,1.197245e+07
14,30,1,1.105803e+08
14,30,2,5.926786e+07
14,30,3,5.926786e+07
14,30,5,5.926786e+07
14,30,1,3.505344e+06
14,30,2,3.505344e+06
14,30,3,3.505344e+06
14,30,5,3.505344e+06
14,30,1,1.787537e+07
14,30,2,1.787537e+07
14,30,3,1.787537e+07
14,30,5,1.787537e+07
14,30,1,3.160948e+08
14,30,2,3.160948e+08
14,30,3,3.160948e+08
14,30,5,3.160948e+08
14,30,1,5.199526e+07
14,30,2,5.199526e+07
14,30,3,5.199526e+07
14,30,5,5.199526e+07
14,30,1,4.762157e+08
14,30,2,1.557820e+08
14,30,3,1.309590e+08
14,30,5,4.102056e+07
14,30,1,7.829235e+06
14,30,2,7.829235e+06
14,30,3,7.829235e+06
14,30,5,7.829235e+06
14,30,1,3.085815e+07
14,30,2,3.085815e+07
14,30,3,3.085815e+07
14,30,5,3.085815e+07
14,30,1,7.655760e+06
14,30,2,7.655760e+06
14,30,3,7.655760e+06
14,30,5,7.655760e+06
14,30,1,3.738893e+07
14,30,2,3.738893e+07
14,30,3,3.738893e+07
14,30,5,3.738893e+07
14,30,1,3.203074e+07
14,30,2,3.203074e+07
14,30,3,3.203074e+07
14,30,5,3.203074e+07
14,30,1,2.864766e+08
14,30,2,2.864766e+08
14,30,3,2.864766e+08
14,30,5,4.584897e+07
14,30,1,1.871184e+07
14,30,2,1.871184e+07
14,30,3,1.871184e+07
14,30,5,1.871184e+07
14,30,1,7.550650e+07
14,30,2,7.550650e+07
14,30,3,7.550650e+07
14,30,5,7.550650e+07
14,30,1,2.839583e+07
14,30,2,2.839583e+07
14,30,3,2.839583e+07
14,30,5,2.839583e+07
14,30,1,1.607107e+07
14,30,2,1.607107e+07
14,30,3,1.607107e+07
14,30,5,1.607107e+07
14,30,1,8.227973e+07
14,30,2,2.023619e+07
14,30,3,8.604731e+06
14,30,5,8.597246e+06
14,30,1,1.733707e+07
14,30,2,1.733707e+07
14,30,3,1.733707e+07
14,30,5,1.733707e+07
14,30,1,1.146406e+08
14,30,2,1.146406e+08
14,30,3,1.146406e+08
14,30,5,1.146406e+08
14,30,1,5.845958e+07
14,30,2,5.845958e+07
14,30,3,5.845958e+07
14,30,5,5.845958e+07
14,30,1,1.707008e+07
14,30,2,1.707008e+07
14,30,3,1.707008e+07
14,30,5,1.707008e+07
14,30,1,2.085892e+07
14,30,2,2.085892e+07
14,30,3,2.085892e+07
14,30,5,2.085892e+07
14,30,1,1.216887e+07
14,30,2,1.216887e+07
14,30,3,1.216887e+07
14,30,5,1.216887e+07
14,30,1,2.069596e+07
14,30,2,2.069596e+07
14,30,3,2.069596e+07
14,30,5,2.069596e+07
14,30,1,5.946021e+06
14,30,2,5.946021e+06
14,30,3,5.946021e+06
14,30,5,5.946021e+06
14,30,1,1.419285e+08
14,30,2,1.419285e+08
14,30,3,1.419285e+08
14,30,5,1.419285e+08
14,30,1,1.585559e+07
14,30,2,1.585559e+07
14,30,3,1.585559e+07
14,30,5,1.585559e+07
14,30,1,4.686355e+07
14,30,2,4.686355e+07
14,30,3,4.686355e+07
14,30,5,4.686355e+07
14,30,1,2.151629e+07
14,30,2,2.151629e+07
14,30,3,2.151629e+07
14,30,5,2.151629e+07
14,30,1,3.232240e+07
14,30,2,3.232240e+07
14,30,3,3.232240e+07
14,30,5,3.232240e+07
14,30,1,1.150014e+08
14,30,2,1.150014e+08
14,30,3,1.150014e+08
14,30,5,1.150014e+08
14,30,1,6.668908e+07
14,30,2,6.668908e+07
14,30,3,6.668908e+07
14,30,5,6.668908e+07
14,30,1,6.685957e+07
14,30,2,6.685957e+07
14,30,3,6.685957e+07
14,30,5,6.685957e+07
14,30,1,9.415379e+06
14,30,2,9.415379e+06
14,30,3,9.415379e+06
14,30,5,9.415379e+06
14,30,1,3.328219e+07
14,30,2,3.328219e+07
14,30,3,3.328219e+07
14,30,5,3.328219e+07
14,30,1,2.880162e+07
14,30,2,2.880162e+07
14,30,3,2.880162e+07
14,30,5,2.880162e+07
14,30,1,4.612112e+07
14,30,2,4.612112e+07
14,30,3,4.612112e+07
14,30,5,4.612112e+07
14,30,1,1.000170e+07
14,30,2,1.000170e+07
14,30,3,1.000170e+07
14,30,5,1.000170e+07
14,30,1,9.860232e+07
14,30,2,9.860232e+07
14,30,3,9.860232e+07
14,30,5,9.860232e+07
14,30,1,1.673060e+07
14,30,2,1.673060e+07
14,30,3,1.673060e+07
14,30,5,1.673060e+07
14,30,1,1.339114e+06
14,30,2,1.339114e+06
14,30,3,1.339114e+06
14,30,5,1.339114e+06
14,30,1,3.475673e+07
14,30,2,3.475673e+07
14,30,3,3.475673e+07
14,30,5,3.475673e+07
14,30,1,2.944797e+07
14,30,2,2.944797e+07
14,30,3,2.944797e+07
14,30,5,2.944797e+07
14,30,1,1.797822e+08
14,30,2,1.797822e+08
14,30,3,1.797822e+08
14,30,5,7.075549e+07
14,30,1,5.797791e+07
14,30,2,5.797791e+07
14,30,3,5.797791e+07
14,30,5,5.797791e+07
