funcid,dim,milestone,error
30,30,1,2.358718e+09
30,30,2,2.358718e+09
30,30,3,2.358718e+09
30,30,5,2.358718e+09
30,30,1,2.053433e+09
30,30,2,2.053433e+09
30,30,3,2.053433e+09
30,30,5,2.053433e+09
30,30,1,2.917656e+09
30,30,2,2.917656e+09
30,30,3,2.917656e+09
30,30,5,2.917656e+09
30,30,1,1.493942e+09
30,30,2,1.493942e+09
30,30,3,1.493942e+09
30,30,5,1.493942e+09
30,30,1,8.593213e+09
30,30,2,8.593213e+09
30,30,3,8.593213e+09
30,30,5,2.425566e+08
30,30,1,4.671027e+09
30,30,2,4.671027e+09
30,30,3,4.671027e+09
30,30,5,4.671027e+09
30,30,1,8.049607e+09
30,30,2,8.049607e+09
30,30,3,8.049607e+09
30,30,5,8.049607e+09
30,30,1,3.156443e+09
30,30,2,3.156443e+09
30,30,3,3.156443e+09
30,30,5,3.156443e+09
30,30,1,3.371626e+09
30,30,2,3.371626e+09
30,30,3,3.371626e+09
30,30,5,3.371626e+09
30,30,1,1.412263e+09
30,30,2,1.412263e+09
30,30,3,1.412263e+09
30,30,5,1.412263e+09
30,30,1,1.918993e+09
30,30,2,1.918993e+09
30,30,3,1.918993e+09
30,30,5,1.918993e+09
30,30,1,2.390834e+09
30,30,2,2.390834e+09
30,30,3,2.390834e+09
30,30,5,2.390834e+09
30,30,1,2.496283e+09
30,30,2,2.496283e+09
30,30,3,2.496283e+09
30,30,5,2.496283e+09
30,30,1,3.764689e+09
30,30,2,3.764689e+09
30,30,3,3.764689e+09
30,30,5,3.764689e+09
30,30,1,3.193463e+09
30,30,2,3.193463e+09
30,30,3,3.193463e+09
30,30,5,3.193463e+09
30,30,1,5.167996e+09
30,30,2,5.167996e+09
30,30,3,5.167996e+09
30,30,5,5.167996e+09
30,30,1,3.556252e+09
30,30,2,3.556252e+09
30,30,3,3.556252e+09
30,30,5,3.556252e+09
30,30,1,2.985781e+09
30,30,2,2.985781e+09
30,30,3,2.985781e+09
30,30,5,2.985781e+09
30,30,1,2.162602e+09
30,30,2,2.162602e+09
30,30,3,2.162602e+09
30,30,5,2.162602e+09
30,30,1,8.110564e+09
30,30,2,8.110564e+09
30,30,3,8.110564e+09
30,30,5,8.110564e+09
30,30,1,4.651467e+09
30,30,2,4.651467e+09
30,30,3,4.651467e+09
30,30,5,4.651467e+09
30,30,1,3.880348e+09
30,30,2,3.880348e+09
30,30,3,3.880348e+09
30,30,5,3.880348e+09
30,30,1,5.982060e+09
30,30,2,5.982060e+09
30,30,3,5.982060e+09
30,30,5,5.982060e+09
30,30,1,3.661113e+09
30,30,2,3.661113e+09
30,30,3,3.661113e+09
30,30,5,3.661113e+09
30,30,1,9.069623e+08
30,30,2,9.069623e+08
30,30,3,9.069623e+08
30,30,5,9.069623e+08
30,30,1,6.141267e+09
30,30,2,6.141267e+09
30,30,3,6.141267e+09
30,30,5,6.141267e+09
30,30,1,5.712039e+09
30,30,2,5.712039e+09
30,30,3,5.712039e+09
30,30,5,5.712039e+09
30,30,1,1.960737e+09
30,30,2,1.960737e+09
30,30,3,1.960737e+09
30,30,5,1.960737e+09
30,30,1,1.444137e+09
30,30,2,1.444137e+09
30,30,3,1.444137e+09
30,30,5,1.444137e+09
30,30,1,4.357755e+09
30,30,2,4.357755e+09
30,30,3,4.357755e+09
30,30,5,4.357755e+09
30,30,1,1.970295e+09
30,30,2,1.970295e+09
30,30,3,1.970295e+09
30,30,5,1.970295e+09
30,30,1,1.199329e+09
30,30,2,1.199329e+09
30,30,3,1.199329e+09
30,30,5,1.199329e+09
30,30,1,5.798677e+09
30,30,2,5.798677e+09
30,30,3,5.798677e+09
30,30,5,5.798677e+09
30,30,1,2.761101e+09
30,30,2,2.761101e+09
30,30,3,2.761101e+09
30,30,5,2.761101e+09
30,30,1,2.737793e+09
30,30,2,2.737793e+09
30,30,3,2.737793e+09
30,30,5,2.737793e+09
30,30,1,2.448736e+09
30,30,2,2.448736e+09
30,30,3,2.448736e+09
30,30,5,2.448736e+09
30,30,1,5.288925e+09
30,30,2,5.288925e+09
30,30,3,5.288925e+09
30,30,5,5.288925e+09
30,30,1,1.977541e+09
30,30,2,1.977541e+09
30,30,3,1.977541e+09
30,30,5,1.977541e+09
30,30,1,3.816557e+09
30,30,2,3.816557e+09
30,30,3,3.816557e+09
30,30,5,3.816557e+09
30,30,1,3.937709e+09
30,30,2,3.937709e+09
30,30,3,3.937709e+09
30,30,5,3.937709e+09
30,30,1,6.234941e+09
30,30,2,6.234941e+09
30,30,3,6.234941e+09
30,30,5,6.234941e+09
30,30,1,4.128152e+09
30,30,2,4.128152e+09
30,30,3,4.128152e+09
30,30,5,4.128152e+09
30,30,1,7.855651e+09
30,30,2,7.855651e+09
30,30,3,7.855651e+09
30,30,5,7.855651e+09
30,30,1,8.069452e+09
30,30,2,8.069452e+09
30,30,3,8.069452e+09
30,30,5,8.069452e+09
30,30,1,1.799155e+09
30,30,2,1.799155e+09
30,30,3,1.799155e+09
30,30,5,1.799155e+09
30,30,1,6.612451e+09
30,30,2,6.612451e+09
30,30,3,6.612451e+09
30,30,5,2.197449e+09
30,30,1,6.048640e+09
30,30,2,6.048640e+09
30,30,3,6.048640e+09
30,30,5,6.048640e+09
30,30,1,9.317081e+08
30,30,2,9.317081e+08
30,30,3,9.317081e+08
30,30,5,9.317081e+08
30,30,1,3.325312e+09
30,30,2,3.325312e+09
30,30,3,3.325312e+09
30,30,5,3.325312e+09
30,30,1,1.215451e+10
30,30,2,1.215451e+10
30,30,3,1.215451e+10
30,30,5,1.215451e+10
30,30,1,1.263156e+09
30,30,2,1.263156e+09
30,30,3,1.263156e+09
30,30,5,1.263156e+09
30,30,1,2.208650e+09
30,30,2,2.208650e+09
30,30,3,2.208650e+09
30,30,5,2.208650e+09
30,30,1,9.092571e+09
30,30,2,9.092571e+09
30,30,3,9.092571e+09
30,30,5,9.092571e+09
30,30,1,3.746012e+09
30,30,2,3.746012e+09
30,30,3,3.746012e+09
30,30,5,3.746012e+09
30,30,1,3.245107e+09
30,30,2,3.245107e+09
30,30,3,3.245107e+09
30,30,5,3.245107e+09
30,30,1,6.126860e+09
30,30,2,6.126860e+09
30,30,3,6.126860e+09
30,30,5,4.647137e+09
30,30,1,3.043060e+09
30,30,2,3.043060e+09
30,30,3,3.043060e+09
30,30,5,3.043060e+09
30,30,1,3.068804e+09
30,30,2,3.068804e+09
30,30,3,3.068804e+09
30,30,5,3.068804e+09
30,30,1,3.538064e+09
30,30,2,3.538064e+09
30,30,3,3.538064e+09
30,30,5,3.538064e+09
30,30,1,5.057225e+09
30,30,2,5.057225e+09
30,30,3,5.057225e+09
30,30,5,5.057225e+09
30,30,1,4.104329e+09
30,30,2,4.104329e+09
30,30,3,4.104329e+09
30,30,5,3.393299e+09
30,30,1,1.217581e+09
30,30,2,1.217581e+09
30,30,3,1.217581e+09
30,30,5,1.217581e+09
30,30,1,5.707933e+09
30,30,2,5.707933e+09
30,30,3,5.707933e+09
30,30,5,5.707933e+09
30,30,1,5.115345e+09
30,30,2,5.115345e+09
30,30,3,5.115345e+09
30,30,5,5.115345e+09
30,30,1,1.834387e+09
30,30,2,1.834387e+09
30,30,3,1.834387e+09
30,30,5,1.834387e+09
30,30,1,4.607982e+09
30,30,2,4.607982e+09
30,30,3,4.607982e+09
30,30,5,4.607982e+09
30,30,1,2.095457e+09
30,30,2,2.095457e+09
30,30,3,2.095457e+09
30,30,5,2.095457e+09
30,30,1,2.940991e+09
30,30,2,2.940991e+09
30,30,3,2.940991e+09
30,30,5,2.940991e+09
30,30,1,6.415260e+09
30,30,2,6.415260e+09
30,30,3,6.415260e+09
30,30,5,6.415260e+09
30,30,1,2.194422e+09
30,30,2,2.194422e+09
30,30,3,2.194422e+09
30,30,5,2.194422e+09
30,30,1,7.024470e+09
30,30,2,7.024470e+09
30,30,3,7.024470e+09
30,30,5,7.024470e+09
30,30,1,3.583036e+09
30,30,2,3.583036e+09
30,30,3,3.583036e+09
30,30,5,3.583036e+09
30,30,1,5.510128e+08
30,30,2,5.510128e+08
30,30,3,5.510128e+08
30,30,5,5.510128e+08
30,30,1,2.662554e+09
30,30,2,2.662554e+09
30,30,3,2.662554e+09
30,30,5,2.662554e+09
30,30,1,3.727447e+09
30,30,2,3.727447e+09
30,30,3,3.727447e+09
30,30,5,3.727447e+09
30,30,1,3.310894e+09
30,30,2,3.310894e+09
30,30,3,3.310894e+09
30,30,5,3.310894e+09
30,30,1,4.304955e+09
30,30,2,4.304955e+09
30,30,3,4.304955e+09
30,30,5,4.304955e+09
30,30,1,3.744179e+09
30,30,2,3.744179e+09
30,30,3,3.744179e+09
30,30,5,3.744179e+09
30,30,1,1.572618e+09
30,30,2,1.572618e+09
30,30,3,1.572618e+09
30,30,5,1.572618e+09
30,30,1,5.343451e+09
30,30,2,5.343451e+09
30,30,3,5.343451e+09
30,30,5,5.343451e+09
30,30,1,3.711636e+09
30,30,2,3.711636e+09
30,30,3,3.711636e+09
30,30,5,3.711636e+09
30,30,1,4.243734e+09
30,30,2,4.243734e+09
30,30,3,4.243734e+09
30,30,5,4.243734e+09
30,30,1,6.507310e+08
30,30,2,6.507310e+08
30,30,3,6.507310e+08
30,30,5,6.507310e+08
30,30,1,1.436687e+09
30,30,2,1.436687e+09
30,30,3,1.436687e+09
30,30,5,1.436687e+09
30,30,1,3.718157e+09
30,30,2,3.718157e+09
30,30,3,3.718157e+09
30,30,5,3.718157e+09
30,30,1,6.390492e+09
30,30,2,6.390492e+09
30,30,3,6.390492e+09
30,30,5,6.390492e+09
30,30,1,1.480981e+09
30,30,2,1.480981e+09
30,30,3,1.480981e+09
30,30,5,1.480981e+09
30,30,1,3.194103e+09
30,30,2,3.194103e+09
30,30,3,3.194103e+09
30,30,5,3.194103e+09
30,30,1,4.300891e+09
30,30,2,4.300891e+09
30,30,3,4.300891e+09
30,30,5,4.300891e+09
30,30,1,5.658227e+09
30,30,2,5.658227e+09
30,30,3,5.658227e+09
30,30,5,5.658227e+09
30,30,1,4.952957e+09
30,30,2,4.952957e+09
30,30,3,4.952957e+09
30,30,5,4.952957e+09
30,30,1,1.871990e+09
30,30,2,1.871990e+09
30,30,3,1.871990e+09
30,30,5,1.871990e+09
30,30,1,2.731768e+09
30,30,2,2.731768e+09
30,30,3,2.731768e+09
30,30,5,2.731768e+09
30,30,1,7.260925e+09
30,30,2,7.260925e+09
30,30,3,7.260925e+09
30,30,5,7.260925e+09
30,30,1,6.064007e+09
30,30,2,6.064007e+09
30,30,3,6.064007e+09
30,30,5,1.434281e+09
30,30,1,4.889189e+09
30,30,2,4.889189e+09
30,30,3,4.889189e+09
30,30,5,4.889189e+09
30,30,1,2.493746e+09
30,30,2,2.493746e+09
30,30,3,2.493746e+09
30,30,5,2.493746e+09
30,30,1,2.197396e+08
30,30,2,2.197396e+08
30,30,3,2.197396e+08
30,30,5,2.197396e+08
30,30,1,3.816812e+09
30,30,2,3.816812e+09
30,30,3,3.816812e+09
30,30,5,3.816812e+09
30,30,1,3.309098e+09
30,30,2,3.309098e+09
30,30,3,3.309098e+09
30,30,5,3.309098e+09
30,30,1,6.472704e+09
30,30,2,6.472704e+09
30,30,3,6.472704e+09
30,30,5,6.472704e+09
30,30,1,5.110517e+09
30,30,2,5.110517e+09
30,30,3,5.110517e+09
30,30,5,5.110517e+09
30,30,1,2.734223e+09
30,30,2,2.734223e+09
30,30,3,2.734223e+09
30,30,5,2.734223e+09
30,30,1,3.989352e+09
30,30,2,3.989352e+09
30,30,3,3.989352e+09
30,30,5,3.989352e+09
30,30,1,6.813300e+09
30,30,2,6.813300e+09
30,30,3,6.813300e+09
30,30,5,4.658607e+08
30,30,1,1.377680e+09
30,30,2,1.377680e+09
30,30,3,1.377680e+09
30,30,5,1.377680e+09
30,30,1,4.844276e+09
30,30,2,4.844276e+09
30,30,3,4.844276e+09
30,30,5,4.844276e+09
30,30,1,2.032420e+09
30,30,2,2.032420e+09
30,30,3,2.032420e+09
30,30,5,2.032420e+09
30,30,1,2.674697e+09
30,30,2,2.674697e+09
30,30,3,2.674697e+09
30,30,5,2.674697e+09
30,30,1,3.376846e+09
30,30,2,3.376846e+09
30,30,3,3.376846e+09
30,30,5,3.376846e+09
30,30,1,3.530220e+09
30,30,2,3.530220e+09
30,30,3,3.530220e+09
30,30,5,3.530220e+09
30,30,1,3.411163e+09
30,30,2,3.411163e+09
30,30,3,3.411163e+09
30,30,5,3.411163e+09
30,30,1,4.356554e+09
30,30,2,4.356554e+09
30,30,3,4.356554e+09
30,30,5,4.356554e+09
30,30,1,4.526192e+09
30,30,2,4.526192e+09
30,30,3,4.526192e+09
30,30,5,4.526192e+09
30,30,1,3.384902e+09
30,30,2,3.384902e+09
30,30,3,3.384902e+09
30,30,5,3.384902e+09
30,30,1,1.462726e+09
30,30,2,1.462726e+09
30,30,3,1.462726e+09
30,30,5,1.462726e+09
30,30,1,3.244000e+09
30,30,2,3.244000e+09
30,30,3,3.244000e+09
30,30,5,3.244000e+09
30,30,1,3.417131e+09
30,30,2,3.417131e+09
30,30,3,3.417131e+09
30,30,5,3.417131e+09
30,30,1,2.075342e+09
30,30,2,2.075342e+09
30,30,3,2.075342e+09
30,30,5,2.075342e+09
30,30,1,2.949629e+09
30,30,2,2.949629e+09
30,30,3,2.949629e+09
30,30,5,2.949629e+09
30,30,1,5.903503e+09
30,30,2,5.903503e+09
30,30,3,5.903503e+09
30,30,5,5.903503e+09
30,30,1,2.895857e+09
30,30,2,2.895857e+09
30,30,3,2.895857e+09
30,30,5,2.895857e+09
30,30,1,1.503938e+09
30,30,2,1.503938e+09
30,30,3,1.503938e+09
30,30,5,1.503938e+09
30,30,1,2.063673e+09
30,30,2,2.063673e+09
30,30,3,2.063673e+09
30,30,5,2.063673e+09
30,30,1,3.881234e+09
30,30,2,3.881234e+09
30,30,3,3.881234e+09
30,30,5,3.881234e+09
30,30,1,3.941843e+09
30,30,2,3.941843e+09
30,30,3,3.941843e+09
30,30,5,3.941843e+09
30,30,1,6.316824e+09
30,30,2,6.316824e+09
30,30,3,6.316824e+09
30,30,5,3.589173e+09
30,30,1,4.489865e+09
30,30,2,4.489865e+09
30,30,3,4.489865e+09
30,30,5,4.489865e+09
30,30,1,2.568110e+09
30,30,2,2.568110e+09
30,30,3,2.568110e+09
30,30,5,2.568110e+09
30,30,1,4.325521e+09
30,30,2,4.325521e+09
30,30,3,4.325521e+09
30,30,5,4.325521e+09
30,30,1,6.428317e+09
30,30,2,6.428317e+09
30,30,3,6.428317e+09
30,30,5,6.428317e+09
30,30,1,3.452952e+09
30,30,2,3.452952e+09
30,30,3,3.452952e+09
30,30,5,3.452952e+09
30,30,1,1.263575e+09
30,30,2,1.263575e+09
30,30,3,1.263575e+09
30,30,5,1.263575e+09
30,30,1,3.325595e+09
30,30,2,3.325595e+09
30,30,3,3.325595e+09
30,30,5,3.325595e+09
30,30,1,2.144105e+09
30,30,2,2.144105e+09
30,30,3,2.144105e+09
30,30,5,2.144105e+09
30,30,1,2.471682e+09
30,30,2,2.471682e+09
30,30,3,2.471682e+09
30,30,5,2.471682e+09
30,30,1,4.809028e+09
30,30,2,4.809028e+09
30,30,3,4.809028e+09
30,30,5,4.809028e+09
30,30,1,8.976612e+08
30,30,2,8.976612e+08
30,30,3,8.976612e+08
30,30,5,8.976612e+08
30,30,1,5.884330e+09
30,30,2,5.884330e+09
30,30,3,5.884330e+09
30,30,5,5.884330e+09
30,30,1,5.485404e+09
30,30,2,5.485404e+09
30,30,3,5.485404e+09
30,30,5,5.485404e+09
30,30,1,1.766588e+09
30,30,2,1.766588e+09
30,30,3,1.766588e+09
30,30,5,1.766588e+09
30,30,1,2.895385e+09
30,30,2,2.895385e+09
30,30,3,2.895385e+09
30,30,5,2.895385e+09
30,30,1,5.707105e+09
30,30,2,5.707105e+09
30,30,3,5.707105e+09
30,30,5,5.707105e+09
30,30,1,7.956027e+08
30,30,2,7.956027e+08
30,30,3,7.956027e+08
30,30,5,7.956027e+08
30,30,1,5.245408e+09
30,30,2,5.245408e+09
30,30,3,5.245408e+09
30,30,5,5.245408e+09
30,30,1,6.274410e+09
30,30,2,6.274410e+09
30,30,3,6.274410e+09
30,30,5,3.921188e+09
30,30,1,4.788310e+09
30,30,2,4.788310e+09
30,30,3,4.788310e+09
30,30,5,4.788310e+09
30,30,1,9.048277e+09
30,30,2,9.048277e+09
30,30,3,9.048277e+09
30,30,5,9.048277e+09
30,30,1,7.278437e+09
30,30,2,7.278437e+09
30,30,3,7.278437e+09
30,30,5,2.504016e+08
30,30,1,2.305478e+09
30,30,2,2.305478e+09
30,30,3,2.305478e+09
30,30,5,2.305478e+09
30,30,1,7.431210e+09
30,30,2,7.431210e+09
30,30,3,7.431210e+09
30,30,5,7.431210e+09
30,30,1,6.516292e+09
30,30,2,6.516292e+09
30,30,3,6.516292e+09
30,30,5,1.380196e+09
30,30,1,6.634410e+09
30,30,2,6.634410e+09
30,30,3,6.634410e+09
30,30,5,6.634410e+09
30,30,1,3.224103e+09
30,30,2,3.224103e+09
30,30,3,3.224103e+09
30,30,5,3.224103e+09
30,30,10,3.224103e+09
30,30,20,3.224103e+09
30,30,30,3.224103e+09
30,30,40,3.224103e+09
30,30,50,3.224103e+09
30,30,1,7.553484e+09
30,30,2,7.553484e+09
30,30,3,7.553484e+09
30,30,5,7.553484e+09
30,30,10,7.553484e+09
30,30,20,7.553484e+09
30,30,30,7.553484e+09
30,30,40,7.553484e+09
30,30,50,2.393772e+09
30,30,1,3.486060e+09
30,30,2,3.486060e+09
30,30,3,3.486060e+09
30,30,5,3.486060e+09
30,30,10,3.486060e+09
30,30,20,3.486060e+09
30,30,30,3.486060e+09
30,30,40,3.486060e+09
30,30,50,3.486060e+09
30,30,1,5.501630e+09
30,30,2,5.501630e+09
30,30,3,5.501630e+09
30,30,5,5.501630e+09
30,30,10,5.501630e+09
30,30,20,5.501630e+09
30,30,30,5.501630e+09
30,30,40,5.501630e+09
30,30,50,5.501630e+09
30,30,1,3.864669e+09
30,30,2,3.864669e+09
30,30,3,3.864669e+09
30,30,5,3.864669e+09
30,30,10,3.864669e+09
30,30,20,3.864669e+09
30,30,30,3.864669e+09
30,30,40,3.864669e+09
30,30,50,3.864669e+09
30,30,1,4.270492e+09
30,30,2,4.270492e+09
30,30,3,4.270492e+09
30,30,5,4.270492e+09
30,30,10,4.270492e+09
30,30,20,4.270492e+09
30,30,30,4.270492e+09
30,30,40,4.270492e+09
30,30,50,4.270492e+09
30,30,1,1.403399e+09
30,30,2,1.403399e+09
30,30,3,1.403399e+09
30,30,5,1.403399e+09
30,30,10,1.403399e+09
30,30,20,1.403399e+09
30,30,30,1.403399e+09
30,30,40,1.403399e+09
30,30,50,1.403399e+09
30,30,1,5.013748e+09
30,30,2,5.013748e+09
30,30,3,5.013748e+09
30,30,5,5.013748e+09
30,30,10,5.013748e+09
30,30,20,5.013748e+09
30,30,30,5.013748e+09
30,30,40,5.013748e+09
30,30,50,5.013748e+09
30,30,1,5.617671e+09
30,30,2,5.617671e+09
30,30,3,5.617671e+09
30,30,5,5.617671e+09
30,30,10,5.617671e+09
30,30,20,5.617671e+09
30,30,30,5.617671e+09
30,30,40,5.617671e+09
30,30,50,1.428166e+08
30,30,1,1.466707e+09
30,30,2,1.466707e+09
30,30,3,1.466707e+09
30,30,5,1.466707e+09
30,30,10,1.466707e+09
30,30,20,1.466707e+09
30,30,30,1.466707e+09
30,30,40,1.466707e+09
30,30,50,1.466707e+09
30,30,1,3.423026e+09
30,30,2,3.423026e+09
30,30,3,3.423026e+09
30,30,5,3.423026e+09
30,30,10,3.423026e+09
30,30,20,3.423026e+09
30,30,30,3.423026e+09
30,30,40,3.423026e+09
30,30,50,3.171596e+08
30,30,1,5.416173e+09
30,30,2,5.416173e+09
30,30,3,5.416173e+09
30,30,5,5.416173e+09
30,30,10,5.416173e+09
30,30,20,5.416173e+09
30,30,30,5.416173e+09
30,30,40,5.416173e+09
30,30,50,7.972526e+08
30,30,1,1.511432e+09
30,30,2,1.511432e+09
30,30,3,1.511432e+09
30,30,5,1.511432e+09
30,30,10,1.511432e+09
30,30,20,1.511432e+09
30,30,30,1.511432e+09
30,30,40,1.511432e+09
30,30,50,1.511432e+09
30,30,1,4.216510e+09
30,30,2,4.216510e+09
30,30,3,3.575639e+09
30,30,5,1.759187e+09
30,30,10,1.759187e+09
30,30,20,1.759187e+09
30,30,30,1.759187e+09
30,30,40,1.759187e+09
30,30,50,1.759187e+09
30,30,1,2.678811e+09
30,30,2,2.678811e+09
30,30,3,2.678811e+09
30,30,5,2.678811e+09
30,30,10,2.678811e+09
30,30,20,2.678811e+09
30,30,30,2.678811e+09
30,30,40,2.678811e+09
30,30,50,2.678811e+09
30,30,1,5.038657e+09
30,30,2,5.038657e+09
30,30,3,5.038657e+09
30,30,5,5.038657e+09
30,30,10,5.038657e+09
30,30,20,5.038657e+09
30,30,30,5.038657e+09
30,30,40,5.038657e+09
30,30,50,5.038657e+09
30,30,1,5.580966e+09
30,30,2,5.580966e+09
30,30,3,5.580966e+09
30,30,5,5.580966e+09
30,30,10,5.580966e+09
30,30,20,5.580966e+09
30,30,30,5.580966e+09
30,30,40,5.580966e+09
30,30,50,5.580966e+09
30,30,1,4.247190e+09
30,30,2,4.247190e+09
30,30,3,4.247190e+09
30,30,5,4.247190e+09
30,30,10,4.247190e+09
30,30,20,4.247190e+09
30,30,30,4.247190e+09
30,30,40,4.247190e+09
30,30,50,4.247190e+09
30,30,1,6.520809e+09
30,30,2,6.520809e+09
30,30,3,6.520809e+09
30,30,5,6.520809e+09
30,30,10,6.520809e+09
30,30,20,6.520809e+09
30,30,30,6.520809e+09
30,30,40,6.520809e+09
30,30,50,6.520809e+09
30,30,1,5.418952e+09
30,30,2,5.418952e+09
30,30,3,5.418952e+09
30,30,5,5.418952e+09
30,30,10,5.418952e+09
30,30,20,5.418952e+09
30,30,30,5.418952e+09
30,30,40,2.975104e+09
30,30,50,5.899982e+06
30,30,1,3.046039e+09
30,30,2,3.046039e+09
30,30,3,3.046039e+09
30,30,5,3.046039e+09
30,30,10,3.046039e+09
30,30,20,3.046039e+09
30,30,30,3.046039e+09
30,30,40,3.046039e+09
30,30,50,3.046039e+09
30,30,1,7.212596e+09
30,30,2,7.212596e+09
30,30,3,6.954121e+09
30,30,5,6.954121e+09
30,30,10,6.954121e+09
30,30,20,6.954121e+09
30,30,30,6.954121e+09
30,30,40,9.118293e+07
30,30,50,5.191609e+07
30,30,1,4.013804e+09
30,30,2,4.013804e+09
30,30,3,4.013804e+09
30,30,5,4.013804e+09
30,30,10,4.013804e+09
30,30,20,4.013804e+09
30,30,30,4.013804e+09
30,30,40,4.013804e+09
30,30,50,1.368367e+07
30,30,1,4.344437e+09
30,30,2,4.344437e+09
30,30,3,4.344437e+09
30,30,5,4.344437e+09
30,30,10,4.344437e+09
30,30,20,4.344437e+09
30,30,30,4.344437e+09
30,30,40,4.344437e+09
30,30,50,4.344437e+09
30,30,1,2.718457e+09
30,30,2,2.718457e+09
30,30,3,2.718457e+09
30,30,5,2.718457e+09
30,30,10,2.718457e+09
30,30,20,2.718457e+09
30,30,30,2.718457e+09
30,30,40,2.718457e+09
30,30,50,2.718457e+09
30,30,1,4.391018e+09
30,30,2,4.391018e+09
30,30,3,4.391018e+09
30,30,5,4.391018e+09
30,30,10,4.391018e+09
30,30,20,4.391018e+09
30,30,30,4.391018e+09
30,30,40,4.391018e+09
30,30,50,4.391018e+09
30,30,1,2.640444e+09
30,30,2,2.640444e+09
30,30,3,2.640444e+09
30,30,5,2.640444e+09
30,30,10,2.640444e+09
30,30,20,2.640444e+09
30,30,30,2.640444e+09
30,30,40,2.640444e+09
30,30,50,2.640444e+09
30,30,1,1.324227e+09
30,30,2,1.324227e+09
30,30,3,1.324227e+09
30,30,5,1.324227e+09
30,30,10,1.324227e+09
30,30,20,1.324227e+09
30,30,30,1.324227e+09
30,30,40,1.324227e+09
30,30,50,1.324227e+09
30,30,1,3.376351e+09
30,30,2,3.376351e+09
30,30,3,3.376351e+09
30,30,5,3.376351e+09
30,30,10,3.376351e+09
30,30,20,3.376351e+09
30,30,30,3.376351e+09
30,30,40,3.376351e+09
30,30,50,3.376351e+09
30,30,1,7.432755e+09
30,30,2,7.432755e+09
30,30,3,7.432755e+09
30,30,5,7.432755e+09
30,30,10,7.432755e+09
30,30,20,7.432755e+09
30,30,30,7.432755e+09
30,30,40,3.502193e+09
30,30,50,1.229898e+07
30,30,1,2.491031e+09
30,30,2,2.491031e+09
30,30,3,2.491031e+09
30,30,5,2.491031e+09
30,30,10,2.491031e+09
30,30,20,2.491031e+09
30,30,30,2.491031e+09
30,30,40,2.491031e+09
30,30,50,2.491031e+09
30,30,1,2.436104e+09
30,30,2,2.436104e+09
30,30,3,2.436104e+09
30,30,5,2.436104e+09
30,30,10,2.436104e+09
30,30,20,2.436104e+09
30,30,30,2.436104e+09
30,30,40,2.436104e+09
30,30,50,2.436104e+09
30,30,1,1.493692e+09
30,30,2,1.493692e+09
30,30,3,1.493692e+09
30,30,5,1.493692e+09
30,30,10,1.493692e+09
30,30,20,1.493692e+09
30,30,30,1.493692e+09
30,30,40,1.493692e+09
30,30,50,1.493692e+09
30,30,1,1.886328e+09
30,30,2,1.886328e+09
30,30,3,1.886328e+09
30,30,5,1.886328e+09
30,30,10,1.886328e+09
30,30,20,1.886328e+09
30,30,30,1.886328e+09
30,30,40,1.886328e+09
30,30,50,1.886328e+09
30,30,1,5.356046e+08
30,30,2,5.356046e+08
30,30,3,5.356046e+08
30,30,5,5.356046e+08
30,30,10,5.356046e+08
30,30,20,5.356046e+08
30,30,30,5.356046e+08
30,30,40,5.356046e+08
30,30,50,5.356046e+08
30,30,1,9.978892e+09
30,30,2,8.827948e+09
30,30,3,8.827948e+09
30,30,5,8.827948e+09
30,30,10,8.827948e+09
30,30,20,8.827948e+09
30,30,30,8.827948e+09
30,30,40,8.827948e+09
30,30,50,8.721304e+07
30,30,1,5.385702e+09
30,30,2,5.385702e+09
30,30,3,5.385702e+09
30,30,5,5.385702e+09
30,30,10,5.385702e+09
30,30,20,5.385702e+09
30,30,30,5.385702e+09
30,30,40,5.385702e+09
30,30,50,5.385702e+09
30,30,1,1.952058e+09
30,30,2,1.118317e+09
30,30,3,1.118317e+09
30,30,5,1.118317e+09
30,30,10,1.118317e+09
30,30,20,1.118317e+09
30,30,30,1.118317e+09
30,30,40,1.118317e+09
30,30,50,1.118317e+09
30,30,1,3.449088e+09
30,30,2,3.449088e+09
30,30,3,3.449088e+09
30,30,5,3.449088e+09
30,30,10,3.449088e+09
30,30,20,3.449088e+09
30,30,30,3.449088e+09
30,30,40,3.449088e+09
30,30,50,3.449088e+09
30,30,1,4.155891e+09
30,30,2,4.155891e+09
30,30,3,4.155891e+09
30,30,5,4.155891e+09
30,30,10,4.155891e+09
30,30,20,4.155891e+09
30,30,30,4.155891e+09
30,30,40,3.967374e+09
30,30,50,3.176099e+07
30,30,1,6.141126e+09
30,30,2,6.141126e+09
30,30,3,6.141126e+09
30,30,5,6.141126e+09
30,30,10,6.141126e+09
30,30,20,6.141126e+09
30,30,30,6.141126e+09
30,30,40,6.141126e+09
30,30,50,6.141126e+09
30,30,1,1.231455e+09
30,30,2,1.231455e+09
30,30,3,1.231455e+09
30,30,5,1.231455e+09
30,30,10,1.231455e+09
30,30,20,1.231455e+09
30,30,30,1.231455e+09
30,30,40,1.231455e+09
30,30,50,1.231455e+09
30,30,1,6.471503e+09
30,30,2,6.471503e+09
30,30,3,6.471503e+09
30,30,5,6.471503e+09
30,30,10,6.471503e+09
30,30,20,6.471503e+09
30,30,30,4.565379e+09
30,30,40,4.565379e+09
30,30,50,4.533108e+09
30,30,1,1.022686e+10
30,30,2,1.022686e+10
30,30,3,8.815367e+09
30,30,5,6.854927e+09
30,30,10,6.518837e+09
30,30,20,6.518837e+09
30,30,30,6.518837e+09
30,30,40,6.518837e+09
30,30,50,1.936643e+09
30,30,1,7.341223e+09
30,30,2,7.341223e+09
30,30,3,7.341223e+09
30,30,5,7.341223e+09
30,30,10,7.341223e+09
30,30,20,7.341223e+09
30,30,30,7.341223e+09
30,30,40,7.341223e+09
30,30,50,7.341223e+09
30,30,1,4.291870e+09
30,30,2,4.291870e+09
30,30,3,4.291870e+09
30,30,5,4.291870e+09
30,30,10,4.291870e+09
30,30,20,4.291870e+09
30,30,30,4.291870e+09
30,30,40,4.291870e+09
30,30,50,1.975007e+07
30,30,1,9.862599e+09
30,30,2,9.862599e+09
30,30,3,9.862599e+09
30,30,5,9.862599e+09
30,30,10,9.862599e+09
30,30,20,9.862599e+09
30,30,30,9.862599e+09
30,30,40,9.862599e+09
30,30,50,4.133368e+09
30,30,1,1.176919e+09
30,30,2,1.176919e+09
30,30,3,1.176919e+09
30,30,5,1.176919e+09
30,30,10,1.176919e+09
30,30,20,1.176919e+09
30,30,30,1.176919e+09
30,30,40,1.176919e+09
30,30,50,1.176919e+09
30,30,1,4.787910e+09
30,30,2,4.787910e+09
30,30,3,4.787910e+09
30,30,5,4.787910e+09
30,30,10,4.787910e+09
30,30,20,4.787910e+09
30,30,30,4.787910e+09
30,30,40,4.787910e+09
30,30,50,4.787910e+09
30,30,1,5.242483e+09
30,30,2,5.242483e+09
30,30,3,5.242483e+09
30,30,5,5.242483e+09
30,30,10,5.242483e+09
30,30,20,5.242483e+09
30,30,30,5.242483e+09
30,30,40,4.449654e+08
30,30,50,2.627357e+07
30,30,1,1.497751e+09
30,30,2,1.497751e+09
30,30,3,1.497751e+09
30,30,5,1.497751e+09
30,30,10,1.497751e+09
30,30,20,1.497751e+09
30,30,30,1.497751e+09
30,30,40,1.497751e+09
30,30,50,1.497751e+09
30,30,1,2.149191e+09
30,30,2,2.149191e+09
30,30,3,2.149191e+09
30,30,5,2.149191e+09
30,30,1,8.041142e+08
30,30,2,8.041142e+08
30,30,3,8.041142e+08
30,30,5,8.041142e+08
30,30,1,1.584987e+09
30,30,2,1.584987e+09
30,30,3,1.584987e+09
30,30,5,1.584987e+09
30,30,1,3.474642e+09
30,30,2,3.474642e+09
30,30,3,3.474642e+09
30,30,5,3.474642e+09
30,30,1,8.717959e+09
30,30,2,8.717959e+09
30,30,3,8.717959e+09
30,30,5,8.692773e+08
30,30,1,2.471730e+09
30,30,2,2.471730e+09
30,30,3,2.471730e+09
30,30,5,2.471730e+09
30,30,1,7.794658e+09
30,30,2,7.794658e+09
30,30,3,7.794658e+09
30,30,5,7.794658e+09
30,30,1,5.272701e+09
30,30,2,5.272701e+09
30,30,3,5.272701e+09
30,30,5,5.272701e+09
30,30,1,2.724954e+09
30,30,2,2.724954e+09
30,30,3,2.724954e+09
30,30,5,2.724954e+09
30,30,1,1.762651e+09
30,30,2,1.762651e+09
30,30,3,1.762651e+09
30,30,5,1.762651e+09
30,30,1,4.071299e+09
30,30,2,4.071299e+09
30,30,3,4.071299e+09
30,30,5,4.071299e+09
30,30,1,3.463781e+09
30,30,2,3.463781e+09
30,30,3,3.463781e+09
30,30,5,3.463781e+09
30,30,1,2.241399e+08
30,30,2,2.241399e+08
30,30,3,2.241399e+08
30,30,5,2.241399e+08
30,30,1,1.752129e+09
30,30,2,1.752129e+09
30,30,3,1.752129e+09
30,30,5,1.752129e+09
30,30,1,1.696964e+09
30,30,2,1.696964e+09
30,30,3,1.696964e+09
30,30,5,1.696964e+09
30,30,1,5.867710e+09
30,30,2,5.867710e+09
30,30,3,5.867710e+09
30,30,5,5.867710e+09
30,30,1,3.175454e+09
30,30,2,3.175454e+09
30,30,3,3.175454e+09
30,30,5,3.175454e+09
30,30,1,2.623085e+09
30,30,2,2.623085e+09
30,30,3,2.623085e+09
30,30,5,2.623085e+09
30,30,1,7.449964e+09
30,30,2,7.449964e+09
30,30,3,7.449964e+09
30,30,5,3.126262e+09
30,30,1,2.564701e+09
30,30,2,2.564701e+09
30,30,3,2.564701e+09
30,30,5,2.564701e+09
30,30,1,6.399389e+09
30,30,2,6.399389e+09
30,30,3,6.399389e+09
30,30,5,6.399389e+09
30,30,1,2.434291e+09
30,30,2,2.434291e+09
30,30,3,2.434291e+09
30,30,5,2.434291e+09
30,30,1,2.798057e+09
30,30,2,2.798057e+09
30,30,3,2.798057e+09
30,30,5,2.798057e+09
30,30,1,4.447446e+09
30,30,2,4.447446e+09
30,30,3,4.447446e+09
30,30,5,4.447446e+09
30,30,1,2.455339e+09
30,30,2,2.455339e+09
30,30,3,2.455339e+09
30,30,5,2.455339e+09
30,30,1,3.101549e+09
30,30,2,3.101549e+09
30,30,3,3.101549e+09
30,30,5,3.101549e+09
30,30,1,6.418711e+09
30,30,2,6.418711e+09
30,30,3,6.418711e+09
30,30,5,5.770729e+09
30,30,1,1.925127e+09
30,30,2,1.925127e+09
30,30,3,1.925127e+09
30,30,5,1.925127e+09
30,30,1,5.605763e+09
30,30,2,5.605763e+09
30,30,3,5.605763e+09
30,30,5,5.605763e+09
30,30,1,8.345735e+09
30,30,2,8.345735e+09
30,30,3,8.345735e+09
30,30,5,7.612686e+09
30,30,1,2.278408e+09
30,30,2,2.278408e+09
30,30,3,2.278408e+09
30,30,5,2.278408e+09
30,30,1,3.423595e+09
30,30,2,3.423595e+09
30,30,3,3.423595e+09
30,30,5,3.423595e+09
30,30,1,2.277608e+09
30,30,2,2.277608e+09
30,30,3,2.277608e+09
30,30,5,2.277608e+09
30,30,1,3.972593e+09
30,30,2,3.972593e+09
30,30,3,3.972593e+09
30,30,5,3.972593e+09
30,30,1,2.177517e+09
30,30,2,2.177517e+09
30,30,3,2.177517e+09
30,30,5,2.177517e+09
30,30,1,3.538015e+09
30,30,2,3.538015e+09
30,30,3,3.538015e+09
30,30,5,3.538015e+09
30,30,1,3.387573e+09
30,30,2,3.387573e+09
30,30,3,3.387573e+09
30,30,5,3.387573e+09
30,30,1,3.284182e+09
30,30,2,3.284182e+09
30,30,3,3.284182e+09
30,30,5,3.284182e+09
30,30,1,6.190233e+09
30,30,2,6.190233e+09
30,30,3,6.190233e+09
30,30,5,6.190233e+09
30,30,1,7.899320e+09
30,30,2,7.899320e+09
30,30,3,7.899320e+09
30,30,5,7.899320e+09
30,30,1,2.656507e+09
30,30,2,2.656507e+09
30,30,3,2.656507e+09
30,30,5,2.656507e+09
30,30,1,6.427481e+09
30,30,2,6.427481e+09
30,30,3,6.427481e+09
30,30,5,6.427481e+09
30,30,1,9.909828e+08
30,30,2,9.909828e+08
30,30,3,9.909828e+08
30,30,5,9.909828e+08
30,30,1,8.974998e+09
30,30,2,8.974998e+09
30,30,3,8.974998e+09
30,30,5,8.974998e+09
30,30,1,6.069904e+09
30,30,2,6.069904e+09
30,30,3,6.069904e+09
30,30,5,6.069904e+09
30,30,1,2.175530e+09
30,30,2,2.175530e+09
30,30,3,2.175530e+09
30,30,5,2.175530e+09
30,30,1,4.915158e+09
30,30,2,4.915158e+09
30,30,3,4.915158e+09
30,30,5,4.915158e+09
30,30,1,4.193880e+09
30,30,2,4.193880e+09
30,30,3,4.193880e+09
30,30,5,4.193880e+09
30,30,1,3.267093e+09
30,30,2,3.267093e+09
30,30,3,3.267093e+09
30,30,5,3.267093e+09
30,30,1,7.047833e+09
30,30,2,7.047833e+09
30,30,3,7.047833e+09
30,30,5,7.047833e+09
30,30,1,4.045586e+09
30,30,2,4.045586e+09
30,30,3,4.045586e+09
30,30,5,4.045586e+09
30,30,1,3.537701e+09
30,30,2,3.537701e+09
30,30,3,3.537701e+09
30,30,5,3.537701e+09
30,30,1,5.664259e+09
30,30,2,5.664259e+09
30,30,3,5.664259e+09
30,30,5,5.664259e+09
30,30,1,7.646533e+09
30,30,2,7.646533e+09
30,30,3,7.646533e+09
30,30,5,2.085960e+09
30,30,1,1.405228e+09
30,30,2,1.405228e+09
30,30,3,1.405228e+09
30,30,5,1.405228e+09
30,30,1,3.801724e+09
30,30,2,3.801724e+09
30,30,3,3.801724e+09
30,30,5,3.801724e+09
30,30,1,2.110869e+09
30,30,2,2.110869e+09
30,30,3,2.110869e+09
30,30,5,2.110869e+09
30,30,1,2.934675e+09
30,30,2,2.934675e+09
30,30,3,2.934675e+09
30,30,5,2.934675e+09
30,30,1,6.683455e+09
30,30,2,6.683455e+09
30,30,3,6.683455e+09
30,30,5,6.683455e+09
30,30,1,3.635537e+09
30,30,2,3.635537e+09
30,30,3,3.635537e+09
30,30,5,3.635537e+09
30,30,1,2.006823e+09
30,30,2,2.006823e+09
30,30,3,2.006823e+09
30,30,5,2.006823e+09
30,30,1,3.950779e+09
30,30,2,3.950779e+09
30,30,3,3.950779e+09
30,30,5,3.950779e+09
30,30,1,5.801784e+09
30,30,2,5.801784e+09
30,30,3,5.801784e+09
30,30,5,5.801784e+09
30,30,1,2.635247e+09
30,30,2,2.635247e+09
30,30,3,2.635247e+09
30,30,5,2.635247e+09
30,30,1,4.300980e+09
30,30,2,4.300980e+09
30,30,3,4.300980e+09
30,30,5,4.300980e+09
30,30,1,2.307270e+09
30,30,2,2.307270e+09
30,30,3,2.307270e+09
30,30,5,2.307270e+09
30,30,1,2.381797e+09
30,30,2,2.381797e+09
30,30,3,2.381797e+09
30,30,5,2.381797e+09
30,30,1,3.159329e+09
30,30,2,3.159329e+09
30,30,3,3.159329e+09
30,30,5,3.159329e+09
30,30,1,6.731483e+08
30,30,2,6.731483e+08
30,30,3,6.731483e+08
30,30,5,6.731483e+08
30,30,1,2.427034e+09
30,30,2,2.427034e+09
30,30,3,2.427034e+09
30,30,5,2.427034e+09
30,30,1,2.797592e+09
30,30,2,2.797592e+09
30,30,3,2.797592e+09
30,30,5,2.797592e+09
30,30,1,4.186098e+09
30,30,2,4.186098e+09
30,30,3,4.186098e+09
30,30,5,4.186098e+09
30,30,1,4.026043e+09
30,30,2,4.026043e+09
30,30,3,4.026043e+09
30,30,5,4.026043e+09
30,30,1,4.823168e+09
30,30,2,4.823168e+09
30,30,3,4.823168e+09
30,30,5,4.823168e+09
30,30,1,6.218498e+09
30,30,2,6.218498e+09
30,30,3,6.218498e+09
30,30,5,6.218498e+09
30,30,1,9.592092e+08
30,30,2,9.592092e+08
30,30,3,9.592092e+08
30,30,5,9.592092e+08
30,30,1,2.692303e+09
30,30,2,2.692303e+09
30,30,3,2.692303e+09
30,30,5,2.692303e+09
30,30,1,1.880293e+09
30,30,2,1.880293e+09
30,30,3,1.880293e+09
30,30,5,1.880293e+09
30,30,1,3.578824e+09
30,30,2,3.578824e+09
30,30,3,3.578824e+09
30,30,5,3.578824e+09
30,30,1,4.650776e+09
30,30,2,4.650776e+09
30,30,3,4.650776e+09
30,30,5,4.650776e+09
30,30,1,4.250223e+09
30,30,2,4.250223e+09
30,30,3,4.250223e+09
30,30,5,4.250223e+09
30,30,1,4.802377e+08
30,30,2,4.802377e+08
30,30,3,4.802377e+08
30,30,5,4.802377e+08
30,30,1,3.837333e+09
30,30,2,3.837333e+09
30,30,3,3.837333e+09
30,30,5,3.837333e+09
30,30,1,4.467285e+09
30,30,2,4.467285e+09
30,30,3,4.467285e+09
30,30,5,4.467285e+09
30,30,1,2.906559e+09
30,30,2,2.906559e+09
30,30,3,2.906559e+09
30,30,5,2.906559e+09
30,30,1,6.273232e+08
30,30,2,6.273232e+08
30,30,3,6.273232e+08
30,30,5,6.273232e+08
30,30,1,2.572023e+09
30,30,2,2.572023e+09
30,30,3,2.572023e+09
30,30,5,2.572023e+09
30,30,1,7.302980e+09
30,30,2,7.302980e+09
30,30,3,7.302980e+09
30,30,5,7.302980e+09
30,30,1,1.991297e+09
30,30,2,1.991297e+09
30,30,3,1.991297e+09
30,30,5,1.991297e+09
30,30,1,9.952655e+09
30,30,2,9.952655e+09
30,30,3,9.952655e+09
30,30,5,9.952655e+09
30,30,1,9.988575e+09
30,30,2,9.988575e+09
30,30,3,9.988575e+09
30,30,5,9.988575e+09
30,30,1,1.812275e+09
30,30,2,1.812275e+09
30,30,3,1.812275e+09
30,30,5,1.812275e+09
30,30,1,6.847344e+09
30,30,2,6.847344e+09
30,30,3,6.847344e+09
30,30,5,6.847344e+09
30,30,1,3.373471e+09
30,30,2,3.373471e+09
30,30,3,3.373471e+09
30,30,5,3.373471e+09
30,30,1,2.336874e+09
30,30,2,2.336874e+09
30,30,3,2.336874e+09
30,30,5,2.336874e+09
30,30,1,1.516904e+09
30,30,2,1.516904e+09
30,30,3,1.516904e+09
30,30,5,1.516904e+09
30,30,1,5.312756e+09
30,30,2,5.312756e+09
30,30,3,5.312756e+09
30,30,5,5.312756e+09
30,30,1,3.726680e+09
30,30,2,3.726680e+09
30,30,3,3.726680e+09
30,30,5,3.726680e+09
30,30,1,3.849046e+09
30,30,2,3.849046e+09
30,30,3,3.849046e+09
30,30,5,3.849046e+09
30,30,1,1.032671e+10
30,30,2,1.032671e+10
30,30,3,1.032671e+10
30,30,5,1.032671e+10
30,30,1,5.124350e+09
30,30,2,5.124350e+09
30,30,3,5.124350e+09
30,30,5,5.124350e+09
30,30,1,6.947774e+09
30,30,2,6.947774e+09
30,30,3,6.947774e+09
30,30,5,6.947774e+09
30,30,1,6.626860e+09
30,30,2,6.626860e+09
30,30,3,6.626860e+09
30,30,5,6.626860e+09
30,30,1,4.642064e+09
30,30,2,4.642064e+09
30,30,3,4.642064e+09
30,30,5,4.642064e+09
30,30,1,3.871922e+09
30,30,2,3.871922e+09
30,30,3,3.871922e+09
30,30,5,3.871922e+09
30,30,1,4.086433e+09
30,30,2,4.086433e+09
30,30,3,4.086433e+09
30,30,5,4.086433e+09
30,30,1,8.282154e+09
30,30,2,8.282154e+09
30,30,3,8.282154e+09
30,30,5,8.282154e+09
30,30,1,3.778000e+09
30,30,2,3.778000e+09
30,30,3,3.778000e+09
30,30,5,3.778000e+09
30,30,1,4.106423e+09
30,30,2,4.106423e+09
30,30,3,4.106423e+09
30,30,5,4.106423e+09
30,30,1,6.283560e+09
30,30,2,6.283560e+09
30,30,3,6.283560e+09
30,30,5,6.283560e+09
30,30,1,1.273773e+09
30,30,2,1.273773e+09
30,30,3,1.273773e+09
30,30,5,1.273773e+09
30,30,1,3.231100e+09
30,30,2,3.231100e+09
30,30,3,3.231100e+09
30,30,5,3.231100e+09
30,30,1,1.916436e+09
30,30,2,1.916436e+09
30,30,3,1.916436e+09
30,30,5,1.916436e+09
30,30,1,2.721759e+09
30,30,2,2.721759e+09
30,30,3,2.721759e+09
30,30,5,2.721759e+09
30,30,1,2.634441e+09
30,30,2,2.634441e+09
30,30,3,2.634441e+09
30,30,5,2.634441e+09
30,30,1,3.915296e+09
30,30,2,3.915296e+09
30,30,3,3.915296e+09
30,30,5,3.915296e+09
30,30,1,1.953270e+09
30,30,2,1.953270e+09
30,30,3,1.953270e+09
30,30,5,1.953270e+09
30,30,1,1.606144e+09
30,30,2,1.606144e+09
30,30,3,1.606144e+09
30,30,5,1.606144e+09
30,30,1,5.211169e+09
30,30,2,5.211169e+09
30,30,3,5.211169e+09
30,30,5,5.211169e+09
30,30,1,3.227734e+09
30,30,2,3.227734e+09
30,30,3,3.227734e+09
30,30,5,3.227734e+09
30,30,1,5.685597e+09
30,30,2,5.685597e+09
30,30,3,5.685597e+09
30,30,5,5.294557e+08
30,30,1,9.541160e+08
30,30,2,9.541160e+08
30,30,3,9.541160e+08
30,30,5,9.541160e+08
30,30,1,6.006180e+09
30,30,2,6.006180e+09
30,30,3,6.006180e+09
30,30,5,1.860540e+08
30,30,1,3.219143e+09
30,30,2,3.219143e+09
30,30,3,3.219143e+09
30,30,5,3.219143e+09
30,30,1,8.517842e+09
30,30,2,8.517842e+09
30,30,3,8.517842e+09
30,30,5,7.046847e+07
30,30,1,3.119573e+09
30,30,2,3.119573e+09
30,30,3,3.119573e+09
30,30,5,3.119573e+09
30,30,1,5.777022e+09
30,30,2,5.777022e+09
30,30,3,5.777022e+09
30,30,5,5.777022e+09
30,30,1,4.533525e+09
30,30,2,4.533525e+09
30,30,3,4.533525e+09
30,30,5,4.533525e+09
30,30,1,2.725144e+09
30,30,2,2.725144e+09
30,30,3,2.725144e+09
30,30,5,2.725144e+09
30,30,1,8.022267e+09
30,30,2,8.022267e+09
30,30,3,8.022267e+09
30,30,5,8.022267e+09
30,30,1,4.145835e+09
30,30,2,4.145835e+09
30,30,3,4.145835e+09
30,30,5,4.145835e+09
30,30,1,2.639851e+09
30,30,2,2.639851e+09
30,30,3,2.639851e+09
30,30,5,2.639851e+09
30,30,1,2.361670e+09
30,30,2,2.361670e+09
30,30,3,2.361670e+09
30,30,5,2.361670e+09
30,30,1,2.207337e+09
30,30,2,2.207337e+09
30,30,3,2.207337e+09
30,30,5,2.207337e+09
30,30,1,1.977797e+09
30,30,2,1.977797e+09
30,30,3,1.977797e+09
30,30,5,1.977797e+09
30,30,1,3.250062e+09
30,30,2,3.250062e+09
30,30,3,3.250062e+09
30,30,5,3.250062e+09
30,30,1,2.813525e+09
30,30,2,2.813525e+09
30,30,3,2.813525e+09
30,30,5,2.813525e+09
30,30,1,6.229010e+09
30,30,2,6.229010e+09
30,30,3,6.229010e+09
30,30,5,6.229010e+09
30,30,1,5.093907e+09
30,30,2,5.093907e+09
30,30,3,5.093907e+09
30,30,5,5.093907e+09
30,30,1,1.994581e+09
30,30,2,1.994581e+09
30,30,3,1.994581e+09
30,30,5,1.994581e+09
30,30,1,1.093379e+09
30,30,2,1.093379e+09
30,30,3,1.093379e+09
30,30,5,1.093379e+09
30,30,1,4.170902e+09
30,30,2,4.170902e+09
30,30,3,4.170902e+09
30,30,5,4.170902e+09
30,30,1,2.298326e+09
30,30,2,2.298326e+09
30,30,3,2.298326e+09
30,30,5,2.298326e+09
30,30,1,5.708856e+09
30,30,2,5.708856e+09
30,30,3,5.708856e+09
30,30,5,5.708856e+09
30,30,1,4.092731e+09
30,30,2,4.092731e+09
30,30,3,4.092731e+09
30,30,5,4.092731e+09
30,30,1,5.759988e+09
30,30,2,5.759988e+09
30,30,3,5.759988e+09
30,30,5,5.759988e+09
30,30,1,5.584448e+09
30,30,2,5.584448e+09
30,30,3,5.584448e+09
30,30,5,5.584448e+09
30,30,1,4.308217e+09
30,30,2,4.308217e+09
30,30,3,4.308217e+09
30,30,5,4.308217e+09
30,30,1,1.654166e+09
30,30,2,1.654166e+09
30,30,3,1.654166e+09
30,30,5,1.654166e+09
30,30,1,2.635185e+09
30,30,2,2.635185e+09
30,30,3,2.635185e+09
30,30,5,2.635185e+09
30,30,1,7.560105e+09
30,30,2,7.560105e+09
30,30,3,7.560105e+09
30,30,5,7.560105e+09
30,30,1,3.515030e+09
30,30,2,3.515030e+09
30,30,3,3.515030e+09
30,30,5,3.515030e+09
30,30,1,5.665228e+09
30,30,2,5.665228e+09
30,30,3,5.665228e+09
30,30,5,5.665228e+09
30,30,1,3.176608e+09
30,30,2,3.176608e+09
30,30,3,3.176608e+09
30,30,5,3.176608e+09
30,30,1,6.881327e+09
30,30,2,2.509466e+09
30,30,3,2.509466e+09
30,30,5,2.509466e+09
30,30,1,3.007992e+09
30,30,2,3.007992e+09
30,30,3,3.007992e+09
30,30,5,3.007992e+09
30,30,1,1.988082e+09
30,30,2,1.988082e+09
30,30,3,1.988082e+09
30,30,5,1.988082e+09
30,30,1,1.658638e+09
30,30,2,1.658638e+09
30,30,3,1.658638e+09
30,30,5,1.658638e+09
30,30,1,6.994099e+09
30,30,2,6.994099e+09
30,30,3,2.832247e+09
30,30,5,2.832247e+09
30,30,1,8.570586e+08
30,30,2,8.570586e+08
30,30,3,8.570586e+08
30,30,5,8.570586e+08
30,30,1,5.086023e+09
30,30,2,5.086023e+09
30,30,3,5.086023e+09
30,30,5,5.086023e+09
30,30,1,3.994891e+09
30,30,2,3.994891e+09
30,30,3,3.994891e+09
30,30,5,3.994891e+09
30,30,1,1.584088e+09
30,30,2,1.584088e+09
30,30,3,1.584088e+09
30,30,5,1.584088e+09
30,30,1,1.742086e+09
30,30,2,1.742086e+09
30,30,3,1.742086e+09
30,30,5,1.742086e+09
30,30,1,4.352867e+09
30,30,2,4.352867e+09
30,30,3,4.352867e+09
30,30,5,4.352867e+09
30,30,1,4.518075e+09
30,30,2,4.518075e+09
30,30,3,4.518075e+09
30,30,5,4.518075e+09
30,30,1,3.821515e+09
30,30,2,3.821515e+09
30,30,3,3.821515e+09
30,30,5,3.821515e+09
30,30,1,6.439012e+09
30,30,2,6.439012e+09
30,30,3,1.854438e+09
30,30,5,6.984581e+08
30,30,1,6.907444e+09
30,30,2,6.907444e+09
30,30,3,6.907444e+09
30,30,5,6.907444e+09
30,30,1,2.588602e+09
30,30,2,2.588602e+09
30,30,3,2.588602e+09
30,30,5,2.588602e+09
30,30,1,4.109510e+09
30,30,2,4.109510e+09
30,30,3,4.109510e+09
30,30,5,4.109510e+09
30,30,1,2.805084e+09
30,30,2,2.805084e+09
30,30,3,2.805084e+09
30,30,5,2.805084e+09
30,30,1,5.332309e+09
30,30,2,5.332309e+09
30,30,3,5.332309e+09
30,30,5,5.332309e+09
30,30,1,4.207198e+09
30,30,2,4.207198e+09
30,30,3,4.207198e+09
30,30,5,4.207198e+09
30,30,1,6.175408e+08
30,30,2,6.175408e+08
30,30,3,6.175408e+08
30,30,5,6.175408e+08
30,30,1,2.200087e+09
30,30,2,2.200087e+09
30,30,3,2.200087e+09
30,30,5,2.200087e+09
30,30,1,4.490619e+09
30,30,2,4.490619e+09
30,30,3,4.490619e+09
30,30,5,4.490619e+09
30,30,1,3.354937e+09
30,30,2,3.354937e+09
30,30,3,3.354937e+09
30,30,5,3.354937e+09
30,30,1,1.252919e+09
30,30,2,1.252919e+09
30,30,3,1.252919e+09
30,30,5,1.252919e+09
30,30,1,1.955199e+09
30,30,2,1.955199e+09
30,30,3,1.955199e+09
30,30,5,1.955199e+09
30,30,1,2.387982e+09
30,30,2,2.387982e+09
30,30,3,2.387982e+09
30,30,5,2.387982e+09
30,30,1,1.923830e+09
30,30,2,1.923830e+09
30,30,3,1.923830e+09
30,30,5,1.923830e+09
30,30,1,2.598506e+09
30,30,2,2.598506e+09
30,30,3,2.598506e+09
30,30,5,2.598506e+09
30,30,1,4.020854e+09
30,30,2,4.020854e+09
30,30,3,4.020854e+09
30,30,5,4.020854e+09
30,30,1,6.521240e+09
30,30,2,6.521240e+09
30,30,3,6.521240e+09
30,30,5,6.521240e+09
30,30,1,4.117150e+09
30,30,2,4.117150e+09
30,30,3,4.117150e+09
30,30,5,4.117150e+09
30,30,1,3.322021e+09
30,30,2,3.322021e+09
30,30,3,3.322021e+09
30,30,5,3.322021e+09
30,30,1,2.745684e+09
30,30,2,2.745684e+09
30,30,3,2.745684e+09
30,30,5,2.745684e+09
30,30,1,1.645128e+09
30,30,2,1.645128e+09
30,30,3,1.645128e+09
30,30,5,1.645128e+09
30,30,1,7.707819e+09
30,30,2,7.707819e+09
30,30,3,2.597105e+09
30,30,5,2.597105e+09
30,30,1,7.744223e+08
30,30,2,7.744223e+08
30,30,3,7.744223e+08
30,30,5,7.744223e+08
30,30,1,2.262167e+09
30,30,2,2.262167e+09
30,30,3,2.262167e+09
30,30,5,2.262167e+09
30,30,1,6.437149e+09
30,30,2,6.437149e+09
30,30,3,6.437149e+09
30,30,5,1.326169e+08
30,30,1,3.001929e+09
30,30,2,3.001929e+09
30,30,3,3.001929e+09
30,30,5,3.001929e+09
30,30,1,2.045052e+09
30,30,2,2.045052e+09
30,30,3,2.045052e+09
30,30,5,2.045052e+09
30,30,1,3.394788e+09
30,30,2,3.394788e+09
30,30,3,3.394788e+09
30,30,5,3.394788e+09
30,30,1,3.725153e+09
30,30,2,3.725153e+09
30,30,3,3.725153e+09
30,30,5,3.725153e+09
30,30,1,4.238121e+09
30,30,2,4.238121e+09
30,30,3,4.238121e+09
30,30,5,4.238121e+09
30,30,1,2.694816e+09
30,30,2,2.694816e+09
30,30,3,2.694816e+09
30,30,5,2.694816e+09
30,30,1,1.015451e+09
30,30,2,1.015451e+09
30,30,3,1.015451e+09
30,30,5,1.015451e+09
30,30,1,3.237577e+09
30,30,2,3.237577e+09
30,30,3,3.237577e+09
30,30,5,3.237577e+09
30,30,1,5.396631e+09
30,30,2,5.396631e+09
30,30,3,5.396631e+09
30,30,5,4.111262e+08
30,30,1,7.082297e+09
30,30,2,7.082297e+09
30,30,3,3.099084e+09
30,30,5,1.902521e+09
30,30,1,6.355837e+09
30,30,2,6.355837e+09
30,30,3,6.355837e+09
30,30,5,6.355837e+09
