funcid,dim,milestone,error
1,30,1,7.980788e+10
1,30,2,7.980788e+10
1,30,3,7.980788e+10
1,30,5,7.980788e+10
1,30,1,9.296302e+10
1,30,2,9.296302e+10
1,30,3,9.296302e+10
1,30,5,9.296302e+10
1,30,1,1.350257e+11
1,30,2,1.350257e+11
1,30,3,1.350257e+11
1,30,5,1.350257e+11
1,30,1,1.025647e+11
1,30,2,1.009504e+11
1,30,3,1.009504e+11
1,30,5,1.009504e+11
1,30,1,7.013799e+10
1,30,2,6.630054e+10
1,30,3,6.630054e+10
1,30,5,6.630054e+10
1,30,1,7.774117e+10
1,30,2,7.774117e+10
1,30,3,7.774117e+10
1,30,5,7.774117e+10
1,30,1,5.163608e+10
1,30,2,5.163608e+10
1,30,3,5.163608e+10
1,30,5,5.163608e+10
1,30,1,1.438797e+11
1,30,2,1.438797e+11
1,30,3,1.438797e+11
1,30,5,1.438797e+11
1,30,1,8.781259e+10
1,30,2,8.781259e+10
1,30,3,8.781259e+10
1,30,5,8.781259e+10
1,30,1,1.229861e+11
1,30,2,1.229861e+11
1,30,3,1.229861e+11
1,30,5,1.229861e+11
1,30,1,1.183870e+11
1,30,2,1.183870e+11
1,30,3,1.183870e+11
1,30,5,6.430273e+10
1,30,1,6.776474e+10
1,30,2,6.776474e+10
1,30,3,6.776474e+10
1,30,5,6.776474e+10
1,30,1,7.299087e+10
1,30,2,7.299087e+10
1,30,3,7.299087e+10
1,30,5,7.299087e+10
1,30,1,8.269635e+10
1,30,2,8.269635e+10
1,30,3,7.319215e+10
1,30,5,5.952671e+10
1,30,1,8.022739e+10
1,30,2,8.022739e+10
1,30,3,8.022739e+10
1,30,5,8.022739e+10
1,30,1,8.923792e+10
1,30,2,8.282088e+10
1,30,3,8.282088e+10
1,30,5,8.115583e+10
1,30,1,8.381814e+10
1,30,2,8.381814e+10
1,30,3,8.381814e+10
1,30,5,8.003597e+10
1,30,1,9.506093e+10
1,30,2,9.506093e+10
1,30,3,9.506093e+10
1,30,5,9.506093e+10
1,30,1,1.178676e+11
1,30,2,1.178676e+11
1,30,3,1.178676e+11
1,30,5,1.073150e+11
1,30,1,1.209915e+11
1,30,2,1.209915e+11
1,30,3,1.209915e+11
1,30,5,1.209915e+11
1,30,1,7.547331e+10
1,30,2,7.547331e+10
1,30,3,7.547331e+10
1,30,5,7.547331e+10
1,30,1,5.422987e+10
1,30,2,5.422987e+10
1,30,3,5.422987e+10
1,30,5,5.422987e+10
1,30,1,7.139154e+10
1,30,2,7.139154e+10
1,30,3,7.139154e+10
1,30,5,7.139154e+10
1,30,1,1.334751e+11
1,30,2,1.334751e+11
1,30,3,1.334751e+11
1,30,5,1.334751e+11
1,30,1,6.828562e+10
1,30,2,6.828562e+10
1,30,3,6.828562e+10
1,30,5,6.828562e+10
1,30,1,7.445347e+10
1,30,2,7.445347e+10
1,30,3,7.445347e+10
1,30,5,7.445347e+10
1,30,1,8.218546e+10
1,30,2,8.218546e+10
1,30,3,8.218546e+10
1,30,5,7.636554e+10
1,30,1,8.798580e+10
1,30,2,8.798580e+10
1,30,3,8.798580e+10
1,30,5,8.798580e+10
1,30,1,6.203920e+10
1,30,2,6.203920e+10
1,30,3,6.203920e+10
1,30,5,6.203920e+10
1,30,1,7.187539e+10
1,30,2,7.187539e+10
1,30,3,7.187539e+10
1,30,5,7.187539e+10
1,30,1,8.149958e+10
1,30,2,8.149958e+10
1,30,3,8.149958e+10
1,30,5,8.149958e+10
1,30,1,1.334248e+11
1,30,2,1.334248e+11
1,30,3,1.334248e+11
1,30,5,1.334248e+11
1,30,1,6.536673e+10
1,30,2,6.536673e+10
1,30,3,6.536673e+10
1,30,5,6.536673e+10
1,30,1,7.334867e+10
1,30,2,7.334867e+10
1,30,3,7.334867e+10
1,30,5,6.747403e+10
1,30,1,1.170718e+11
1,30,2,1.170718e+11
1,30,3,1.170718e+11
1,30,5,1.170718e+11
1,30,1,8.152130e+10
1,30,2,8.152130e+10
1,30,3,8.152130e+10
1,30,5,8.152130e+10
1,30,1,6.836896e+10
1,30,2,6.836896e+10
1,30,3,6.836896e+10
1,30,5,6.808734e+10
1,30,1,1.329268e+11
1,30,2,1.329268e+11
1,30,3,6.777338e+10
1,30,5,6.061759e+10
1,30,1,1.037159e+11
1,30,2,1.037159e+11
1,30,3,1.037159e+11
1,30,5,1.037159e+11
1,30,1,8.787769e+10
1,30,2,8.787769e+10
1,30,3,8.787769e+10
1,30,5,8.787769e+10
1,30,1,7.065990e+10
1,30,2,7.065990e+10
1,30,3,7.065990e+10
1,30,5,7.065990e+10
1,30,1,8.879172e+10
1,30,2,8.879172e+10
1,30,3,8.879172e+10
1,30,5,8.879172e+10
1,30,1,6.821035e+10
1,30,2,6.821035e+10
1,30,3,6.821035e+10
1,30,5,6.821035e+10
1,30,1,7.225369e+10
1,30,2,7.225369e+10
1,30,3,7.225369e+10
1,30,5,4.645776e+10
1,30,1,1.085830e+11
1,30,2,1.085830e+11
1,30,3,1.085830e+11
1,30,5,1.085830e+11
1,30,1,7.434443e+10
1,30,2,7.434443e+10
1,30,3,7.434443e+10
1,30,5,7.434443e+10
1,30,1,1.350655e+11
1,30,2,1.350655e+11
1,30,3,1.350655e+11
1,30,5,1.350655e+11
1,30,1,6.745401e+10
1,30,2,6.745401e+10
1,30,3,6.745401e+10
1,30,5,6.745401e+10
1,30,1,8.244421e+10
1,30,2,8.244421e+10
1,30,3,8.244421e+10
1,30,5,8.244421e+10
1,30,1,9.930536e+10
1,30,2,9.930536e+10
1,30,3,9.930536e+10
1,30,5,9.930536e+10
1,30,1,1.347178e+11
1,30,2,1.347178e+11
1,30,3,1.347178e+11
1,30,5,1.347178e+11
1,30,1,1.197468e+11
1,30,2,1.197468e+11
1,30,3,1.197468e+11
1,30,5,1.197468e+11
1,30,1,8.533036e+10
1,30,2,8.533036e+10
1,30,3,8.533036e+10
1,30,5,8.533036e+10
1,30,1,8.434042e+10
1,30,2,8.434042e+10
1,30,3,8.434042e+10
1,30,5,8.434042e+10
1,30,1,1.376127e+11
1,30,2,1.376127e+11
1,30,3,1.376127e+11
1,30,5,1.376127e+11
1,30,1,1.035318e+11
1,30,2,1.035318e+11
1,30,3,1.035318e+11
1,30,5,1.035318e+11
1,30,1,1.221232e+11
1,30,2,1.221232e+11
1,30,3,1.221232e+11
1,30,5,1.221232e+11
1,30,1,1.027446e+11
1,30,2,1.027446e+11
1,30,3,1.027446e+11
1,30,5,1.027446e+11
1,30,1,1.044264e+11
1,30,2,1.044264e+11
1,30,3,1.044264e+11
1,30,5,1.044264e+11
1,30,1,7.523479e+10
1,30,2,7.523479e+10
1,30,3,7.523479e+10
1,30,5,7.523479e+10
1,30,1,5.469752e+10
1,30,2,5.469752e+10
1,30,3,5.469752e+10
1,30,5,5.469752e+10
1,30,1,1.677906e+11
1,30,2,1.677906e+11
1,30,3,1.677906e+11
1,30,5,1.677906e+11
1,30,1,6.098858e+10
1,30,2,6.098858e+10
1,30,3,6.098858e+10
1,30,5,6.098858e+10
1,30,1,1.774224e+11
1,30,2,1.774224e+11
1,30,3,1.774224e+11
1,30,5,1.774224e+11
1,30,1,1.255514e+11
1,30,2,1.255514e+11
1,30,3,1.255514e+11
1,30,5,6.415633e+10
1,30,1,7.892990e+10
1,30,2,7.892990e+10
1,30,3,7.892990e+10
1,30,5,7.892990e+10
1,30,1,4.896421e+10
1,30,2,4.896421e+10
1,30,3,4.896421e+10
1,30,5,4.896421e+10
1,30,1,1.410955e+11
1,30,2,1.410955e+11
1,30,3,1.410955e+11
1,30,5,1.410955e+11
1,30,1,1.165475e+11
1,30,2,1.165475e+11
1,30,3,1.165475e+11
1,30,5,7.766977e+10
1,30,1,7.211651e+10
1,30,2,7.211651e+10
1,30,3,7.211651e+10
1,30,5,7.211651e+10
1,30,1,1.215707e+11
1,30,2,1.215707e+11
1,30,3,1.215707e+11
1,30,5,4.341174e+10
1,30,1,1.091942e+11
1,30,2,1.091942e+11
1,30,3,1.091942e+11
1,30,5,1.091942e+11
1,30,1,1.237222e+11
1,30,2,1.237222e+11
1,30,3,1.237222e+11
1,30,5,1.237222e+11
1,30,1,1.417348e+11
1,30,2,1.417348e+11
1,30,3,1.417348e+11
1,30,5,1.417348e+11
1,30,1,7.007697e+10
1,30,2,7.007697e+10
1,30,3,7.007697e+10
1,30,5,7.007697e+10
1,30,1,1.111466e+11
1,30,2,1.111466e+11
1,30,3,1.111466e+11
1,30,5,1.111466e+11
1,30,1,7.986788e+10
1,30,2,7.986788e+10
1,30,3,7.986788e+10
1,30,5,6.295469e+10
1,30,1,1.199787e+11
1,30,2,1.199787e+11
1,30,3,1.199787e+11
1,30,5,1.199787e+11
1,30,1,8.827309e+10
1,30,2,5.901005e+10
1,30,3,5.901005e+10
1,30,5,5.901005e+10
1,30,1,1.092247e+11
1,30,2,1.092247e+11
1,30,3,1.092247e+11
1,30,5,1.092247e+11
1,30,1,6.081340e+10
1,30,2,6.081340e+10
1,30,3,6.081340e+10
1,30,5,6.081340e+10
1,30,1,8.344424e+10
1,30,2,6.681823e+10
1,30,3,6.681823e+10
1,30,5,6.681823e+10
1,30,1,6.348342e+10
1,30,2,6.348342e+10
1,30,3,6.348342e+10
1,30,5,6.348342e+10
1,30,1,1.003632e+11
1,30,2,1.003632e+11
1,30,3,1.003632e+11
1,30,5,1.003632e+11
1,30,1,7.063370e+10
1,30,2,6.887497e+10
1,30,3,6.887497e+10
1,30,5,6.887497e+10
1,30,1,7.139612e+10
1,30,2,7.139612e+10
1,30,3,7.139612e+10
1,30,5,7.139612e+10
1,30,1,7.335662e+10
1,30,2,7.335662e+10
1,30,3,7.335662e+10
1,30,5,7.335662e+10
1,30,1,9.721361e+10
1,30,2,7.600170e+10
1,30,3,7.600170e+10
1,30,5,5.144621e+10
1,30,1,4.665299e+10
1,30,2,4.665299e+10
1,30,3,4.665299e+10
1,30,5,4.665299e+10
1,30,1,9.487208e+10
1,30,2,9.487208e+10
1,30,3,9.487208e+10
1,30,5,6.203848e+10
1,30,1,7.909265e+10
1,30,2,7.909265e+10
1,30,3,7.909265e+10
1,30,5,7.909265e+10
1,30,1,1.450917e+11
1,30,2,1.450917e+11
1,30,3,1.450917e+11
1,30,5,1.450917e+11
1,30,1,8.623837e+10
1,30,2,8.623837e+10
1,30,3,8.623837e+10
1,30,5,8.623837e+10
1,30,1,1.668565e+11
1,30,2,1.668565e+11
1,30,3,1.668565e+11
1,30,5,1.668565e+11
1,30,1,5.533821e+10
1,30,2,5.533821e+10
1,30,3,5.533821e+10
1,30,5,5.533821e+10
1,30,1,7.092304e+10
1,30,2,7.092304e+10
1,30,3,7.092304e+10
1,30,5,7.092304e+10
1,30,1,1.022881e+11
1,30,2,1.022881e+11
1,30,3,1.022881e+11
1,30,5,1.022881e+11
1,30,1,6.740238e+10
1,30,2,6.740238e+10
1,30,3,6.740238e+10
1,30,5,6.084374e+10
1,30,1,1.257385e+11
1,30,2,1.257385e+11
1,30,3,1.257385e+11
1,30,5,1.257385e+11
1,30,1,5.914646e+10
1,30,2,5.914646e+10
1,30,3,5.914646e+10
1,30,5,5.914646e+10
1,30,1,6.538988e+10
1,30,2,6.538988e+10
1,30,3,6.538988e+10
1,30,5,5.733812e+10
1,30,1,1.123176e+11
1,30,2,1.123176e+11
1,30,3,1.123176e+11
1,30,5,6.159844e+10
1,30,1,1.384261e+11
1,30,2,1.384261e+11
1,30,3,1.384261e+11
1,30,5,1.384261e+11
1,30,1,1.050388e+11
1,30,2,1.050388e+11
1,30,3,1.050388e+11
1,30,5,1.050388e+11
1,30,1,1.240101e+11
1,30,2,1.240101e+11
1,30,3,1.240101e+11
1,30,5,1.240101e+11
1,30,1,9.304597e+10
1,30,2,9.304597e+10
1,30,3,9.304597e+10
1,30,5,6.979931e+10
1,30,1,8.478176e+10
1,30,2,8.478176e+10
1,30,3,8.478176e+10
1,30,5,8.478176e+10
1,30,1,6.577937e+10
1,30,2,6.577937e+10
1,30,3,6.577937e+10
1,30,5,6.577937e+10
1,30,1,7.125658e+10
1,30,2,7.125658e+10
1,30,3,5.804375e+10
1,30,5,5.440355e+10
1,30,1,1.230462e+11
1,30,2,8.526324e+10
1,30,3,8.526324e+10
1,30,5,4.177332e+10
1,30,1,1.404175e+11
1,30,2,1.404175e+11
1,30,3,1.404175e+11
1,30,5,1.404175e+11
1,30,1,1.215903e+11
1,30,2,1.215903e+11
1,30,3,1.215903e+11
1,30,5,1.215903e+11
1,30,1,8.145975e+10
1,30,2,8.145975e+10
1,30,3,8.145975e+10
1,30,5,8.145975e+10
1,30,1,1.417722e+11
1,30,2,1.417722e+11
1,30,3,1.417722e+11
1,30,5,1.417722e+11
1,30,1,1.010557e+11
1,30,2,1.010557e+11
1,30,3,1.010557e+11
1,30,5,6.694528e+10
1,30,1,6.330713e+10
1,30,2,6.330713e+10
1,30,3,6.330713e+10
1,30,5,6.330713e+10
1,30,1,7.294801e+10
1,30,2,7.294801e+10
1,30,3,7.294801e+10
1,30,5,7.294801e+10
1,30,1,6.755309e+10
1,30,2,6.755309e+10
1,30,3,6.755309e+10
1,30,5,6.755309e+10
1,30,1,1.296580e+11
1,30,2,1.296580e+11
1,30,3,1.296580e+11
1,30,5,1.296580e+11
1,30,1,5.634215e+10
1,30,2,5.634215e+10
1,30,3,5.634215e+10
1,30,5,5.634215e+10
1,30,1,9.960096e+10
1,30,2,9.960096e+10
1,30,3,9.960096e+10
1,30,5,9.960096e+10
1,30,1,8.889923e+10
1,30,2,8.889923e+10
1,30,3,8.889923e+10
1,30,5,8.889923e+10
1,30,1,9.946524e+10
1,30,2,9.946524e+10
1,30,3,9.946524e+10
1,30,5,9.946524e+10
1,30,1,7.459053e+10
1,30,2,7.459053e+10
1,30,3,7.459053e+10
1,30,5,7.459053e+10
1,30,1,6.064521e+10
1,30,2,6.064521e+10
1,30,3,6.064521e+10
1,30,5,6.064521e+10
1,30,1,1.041437e+11
1,30,2,1.041437e+11
1,30,3,1.041437e+11
1,30,5,1.041437e+11
1,30,1,1.349915e+11
1,30,2,1.349915e+11
1,30,3,1.349915e+11
1,30,5,1.349915e+11
1,30,1,8.531813e+10
1,30,2,8.531813e+10
1,30,3,8.531813e+10
1,30,5,8.531813e+10
1,30,1,8.789034e+10
1,30,2,8.789034e+10
1,30,3,8.789034e+10
1,30,5,8.789034e+10
1,30,1,6.387710e+10
1,30,2,6.387710e+10
1,30,3,6.387710e+10
1,30,5,6.387710e+10
1,30,1,1.500907e+11
1,30,2,1.500907e+11
1,30,3,1.500907e+11
1,30,5,1.500907e+11
1,30,1,9.087759e+10
1,30,2,9.087759e+10
1,30,3,9.087759e+10
1,30,5,9.087759e+10
1,30,1,6.356241e+10
1,30,2,6.356241e+10
1,30,3,6.356241e+10
1,30,5,6.267324e+10
1,30,1,8.599920e+10
1,30,2,8.599920e+10
1,30,3,8.599920e+10
1,30,5,6.637115e+10
1,30,1,1.247405e+11
1,30,2,1.247405e+11
1,30,3,1.247405e+11
1,30,5,1.247405e+11
1,30,1,1.131142e+11
1,30,2,1.131142e+11
1,30,3,1.131142e+11
1,30,5,1.131142e+11
1,30,1,7.263051e+10
1,30,2,7.263051e+10
1,30,3,7.263051e+10
1,30,5,7.263051e+10
1,30,1,7.919051e+10
1,30,2,6.378877e+10
1,30,3,6.378877e+10
1,30,5,6.378877e+10
1,30,1,8.292819e+10
1,30,2,8.292819e+10
1,30,3,8.292819e+10
1,30,5,8.292819e+10
1,30,1,1.281052e+11
1,30,2,1.281052e+11
1,30,3,1.281052e+11
1,30,5,1.281052e+11
1,30,1,1.389050e+11
1,30,2,8.229091e+10
1,30,3,8.229091e+10
1,30,5,8.229091e+10
1,30,1,7.915119e+10
1,30,2,7.915119e+10
1,30,3,7.291391e+10
1,30,5,6.502013e+10
1,30,1,1.643416e+11
1,30,2,8.416031e+10
1,30,3,6.688949e+10
1,30,5,5.525431e+10
1,30,1,1.119431e+11
1,30,2,1.119431e+11
1,30,3,1.119431e+11
1,30,5,5.954045e+10
1,30,1,6.800507e+10
1,30,2,6.800507e+10
1,30,3,6.800507e+10
1,30,5,6.800507e+10
1,30,1,6.038188e+10
1,30,2,6.038188e+10
1,30,3,6.038188e+10
1,30,5,6.038188e+10
1,30,1,7.031077e+10
1,30,2,7.031077e+10
1,30,3,7.031077e+10
1,30,5,7.031077e+10
1,30,1,9.085720e+10
1,30,2,9.085720e+10
1,30,3,9.085720e+10
1,30,5,7.959059e+10
1,30,1,1.211079e+11
1,30,2,9.806595e+10
1,30,3,9.806595e+10
1,30,5,5.516014e+10
1,30,1,7.492940e+10
1,30,2,7.492940e+10
1,30,3,7.492940e+10
1,30,5,7.492940e+10
1,30,1,1.345678e+11
1,30,2,1.345678e+11
1,30,3,1.345678e+11
1,30,5,1.345678e+11
1,30,1,1.337098e+11
1,30,2,1.337098e+11
1,30,3,1.337098e+11
1,30,5,1.337098e+11
1,30,1,9.529711e+10
1,30,2,9.529711e+10
1,30,3,9.529711e+10
1,30,5,9.529711e+10
1,30,1,7.859675e+10
1,30,2,7.859675e+10
1,30,3,7.859675e+10
1,30,5,7.859675e+10
1,30,1,1.318559e+11
1,30,2,1.318559e+11
1,30,3,1.318559e+11
1,30,5,1.318559e+11
1,30,1,7.651914e+10
1,30,2,7.651914e+10
1,30,3,7.651914e+10
1,30,5,7.651914e+10
1,30,1,1.194454e+11
1,30,2,1.194454e+11
1,30,3,1.194454e+11
1,30,5,1.194454e+11
1,30,1,1.432549e+11
1,30,2,1.432549e+11
1,30,3,1.432549e+11
1,30,5,1.432549e+11
1,30,1,6.419448e+10
1,30,2,6.419448e+10
1,30,3,6.419448e+10
1,30,5,6.419448e+10
1,30,1,1.657978e+11
1,30,2,1.657978e+11
1,30,3,1.657978e+11
1,30,5,5.162843e+10
1,30,1,7.053584e+10
1,30,2,7.053584e+10
1,30,3,7.053584e+10
1,30,5,7.053584e+10
1,30,1,1.246823e+11
1,30,2,1.246823e+11
1,30,3,7.811166e+10
1,30,5,5.239327e+10
1,30,1,1.418580e+11
1,30,2,1.418580e+11
1,30,3,1.418580e+11
1,30,5,1.418580e+11
1,30,1,1.065704e+11
1,30,2,1.032454e+11
1,30,3,1.032454e+11
1,30,5,1.032454e+11
1,30,1,1.096600e+11
1,30,2,1.096600e+11
1,30,3,1.096600e+11
1,30,5,1.096600e+11
1,30,1,7.911152e+10
1,30,2,7.911152e+10
1,30,3,7.911152e+10
1,30,5,7.911152e+10
1,30,1,5.830921e+10
1,30,2,5.830921e+10
1,30,3,5.830921e+10
1,30,5,5.675128e+10
1,30,1,1.148970e+11
1,30,2,1.148970e+11
1,30,3,1.148970e+11
1,30,5,1.148970e+11
1,30,1,5.852275e+10
1,30,2,5.843425e+10
1,30,3,5.843425e+10
1,30,5,5.828833e+10
1,30,1,1.312707e+11
1,30,2,1.312707e+11
1,30,3,1.312707e+11
1,30,5,1.312707e+11
1,30,1,8.921613e+10
1,30,2,8.921613e+10
1,30,3,8.921613e+10
1,30,5,8.921613e+10
1,30,1,9.333140e+10
1,30,2,9.333140e+10
1,30,3,9.333140e+10
1,30,5,9.333140e+10
1,30,1,7.705024e+10
1,30,2,7.275149e+10
1,30,3,7.275149e+10
1,30,5,7.275149e+10
1,30,1,6.715498e+10
1,30,2,6.109834e+10
1,30,3,6.109834e+10
1,30,5,6.109834e+10
1,30,1,1.341606e+11
1,30,2,1.341606e+11
1,30,3,1.341606e+11
1,30,5,1.341606e+11
1,30,1,6.309403e+10
1,30,2,6.309403e+10
1,30,3,6.309403e+10
1,30,5,6.309403e+10
1,30,1,7.069146e+10
1,30,2,7.069146e+10
1,30,3,7.069146e+10
1,30,5,7.069146e+10
1,30,1,1.167373e+11
1,30,2,1.167373e+11
1,30,3,1.167373e+11
1,30,5,1.167373e+11
1,30,1,1.432559e+11
1,30,2,1.432559e+11
1,30,3,1.432559e+11
1,30,5,1.432559e+11
1,30,1,1.432360e+11
1,30,2,1.432360e+11
1,30,3,1.432360e+11
1,30,5,6.701802e+10
1,30,1,1.071547e+11
1,30,2,1.071547e+11
1,30,3,1.071547e+11
1,30,5,1.071547e+11
1,30,1,1.282481e+11
1,30,2,1.282481e+11
1,30,3,1.282481e+11
1,30,5,1.282481e+11
1,30,1,1.201933e+11
1,30,2,1.201933e+11
1,30,3,1.201933e+11
1,30,5,1.201933e+11
1,30,1,1.208646e+11
1,30,2,1.208646e+11
1,30,3,1.208646e+11
1,30,5,1.208646e+11
1,30,1,1.420698e+11
1,30,2,1.420698e+11
1,30,3,1.420698e+11
1,30,5,1.420698e+11
1,30,1,1.277246e+11
1,30,2,1.277246e+11
1,30,3,1.277246e+11
1,30,5,1.277246e+11
1,30,1,6.849344e+10
1,30,2,6.849344e+10
1,30,3,6.849344e+10
1,30,5,6.849344e+10
1,30,1,1.013603e+11
1,30,2,1.013603e+11
1,30,3,1.013603e+11
1,30,5,1.013603e+11
1,30,1,1.047772e+11
1,30,2,1.047772e+11
1,30,3,1.047772e+11
1,30,5,1.047772e+11
1,30,1,9.456941e+10
1,30,2,9.456941e+10
1,30,3,9.456941e+10
1,30,5,9.456941e+10
1,30,1,9.503201e+10
1,30,2,8.143189e+10
1,30,3,8.143189e+10
1,30,5,8.143189e+10
1,30,1,1.355055e+11
1,30,2,1.355055e+11
1,30,3,1.355055e+11
1,30,5,1.355055e+11
1,30,1,5.575030e+10
1,30,2,5.575030e+10
1,30,3,5.575030e+10
1,30,5,5.575030e+10
1,30,1,7.332355e+10
1,30,2,7.332355e+10
1,30,3,7.332355e+10
1,30,5,7.332355e+10
1,30,1,1.281713e+11
1,30,2,1.281713e+11
1,30,3,1.281713e+11
1,30,5,1.281713e+11
1,30,1,7.756307e+10
1,30,2,7.756307e+10
1,30,3,7.756307e+10
1,30,5,7.756307e+10
1,30,1,9.980121e+10
1,30,2,9.980121e+10
1,30,3,9.980121e+10
1,30,5,9.980121e+10
1,30,1,9.472183e+10
1,30,2,9.472183e+10
1,30,3,9.472183e+10
1,30,5,9.472183e+10
1,30,1,6.303683e+10
1,30,2,6.303683e+10
1,30,3,6.303683e+10
1,30,5,6.303683e+10
1,30,1,7.090762e+10
1,30,2,7.090762e+10
1,30,3,7.090762e+10
1,30,5,7.090762e+10
1,30,1,1.552117e+11
1,30,2,1.066579e+11
1,30,3,1.066579e+11
1,30,5,6.360792e+10
1,30,1,7.372514e+10
1,30,2,7.372514e+10
1,30,3,7.372514e+10
1,30,5,6.063288e+10
1,30,1,1.070958e+11
1,30,2,1.070958e+11
1,30,3,1.070958e+11
1,30,5,1.070958e+11
1,30,1,7.843769e+10
1,30,2,7.843769e+10
1,30,3,7.843769e+10
1,30,5,7.843769e+10
1,30,1,7.791896e+10
1,30,2,7.791896e+10
1,30,3,7.791896e+10
1,30,5,7.791896e+10
1,30,1,8.159809e+10
1,30,2,8.159809e+10
1,30,3,8.159809e+10
1,30,5,6.904234e+10
1,30,1,7.255991e+10
1,30,2,7.255991e+10
1,30,3,7.255991e+10
1,30,5,7.255991e+10
1,30,1,7.469798e+10
1,30,2,6.573431e+10
1,30,3,6.573431e+10
1,30,5,6.573431e+10
1,30,1,1.039514e+11
1,30,2,1.039514e+11
1,30,3,1.039514e+11
1,30,5,4.866343e+10
1,30,1,1.399789e+11
1,30,2,1.399789e+11
1,30,3,1.399789e+11
1,30,5,1.399789e+11
1,30,1,7.332527e+10
1,30,2,7.332527e+10
1,30,3,7.332527e+10
1,30,5,7.332527e+10
1,30,1,1.437625e+11
1,30,2,1.437625e+11
1,30,3,1.437625e+11
1,30,5,1.437625e+11
1,30,1,7.195853e+10
1,30,2,7.195853e+10
1,30,3,7.195853e+10
1,30,5,7.195853e+10
1,30,1,8.030477e+10
1,30,2,8.030477e+10
1,30,3,8.030477e+10
1,30,5,8.030477e+10
1,30,1,7.886372e+10
1,30,2,7.886372e+10
1,30,3,7.886372e+10
1,30,5,7.886372e+10
1,30,1,7.012336e+10
1,30,2,7.012336e+10
1,30,3,7.012336e+10
1,30,5,7.012336e+10
1,30,1,7.096931e+10
1,30,2,6.704245e+10
1,30,3,6.231346e+10
1,30,5,6.231346e+10
1,30,1,7.267460e+10
1,30,2,7.267460e+10
1,30,3,7.267460e+10
1,30,5,7.267460e+10
1,30,1,8.129438e+10
1,30,2,8.129438e+10
1,30,3,8.129438e+10
1,30,5,7.933016e+10
1,30,1,7.907848e+10
1,30,2,7.907848e+10
1,30,3,7.907848e+10
1,30,5,7.907848e+10
1,30,1,6.954288e+10
1,30,2,6.954288e+10
1,30,3,6.954288e+10
1,30,5,6.339079e+10
1,30,1,7.556480e+10
1,30,2,6.190004e+10
1,30,3,6.190004e+10
1,30,5,6.190004e+10
1,30,1,6.731804e+10
1,30,2,6.731804e+10
1,30,3,6.731804e+10
1,30,5,6.731804e+10
1,30,1,7.959782e+10
1,30,2,7.959782e+10
1,30,3,7.959782e+10
1,30,5,7.959782e+10
1,30,1,8.659621e+10
1,30,2,8.438490e+10
1,30,3,6.846805e+10
1,30,5,5.936041e+10
1,30,1,8.432072e+10
1,30,2,6.819985e+10
1,30,3,6.819985e+10
1,30,5,6.819985e+10
1,30,1,7.381156e+10
1,30,2,7.381156e+10
1,30,3,7.381156e+10
1,30,5,7.381156e+10
1,30,1,1.036527e+11
1,30,2,1.036527e+11
1,30,3,1.036527e+11
1,30,5,1.036527e+11
1,30,1,6.750526e+10
1,30,2,6.750526e+10
1,30,3,6.750526e+10
1,30,5,6.750526e+10
1,30,1,7.104627e+10
1,30,2,7.104627e+10
1,30,3,7.104627e+10
1,30,5,7.104627e+10
1,30,1,1.463894e+11
1,30,2,1.190906e+11
1,30,3,1.190906e+11
1,30,5,1.190906e+11
1,30,1,8.185606e+10
1,30,2,8.185606e+10
1,30,3,8.185606e+10
1,30,5,8.185606e+10
1,30,1,1.462727e+11
1,30,2,1.462727e+11
1,30,3,1.462727e+11
1,30,5,1.462727e+11
1,30,1,7.024234e+10
1,30,2,7.024234e+10
1,30,3,7.024234e+10
1,30,5,7.024234e+10
1,30,1,7.410888e+10
1,30,2,7.410888e+10
1,30,3,7.410888e+10
1,30,5,7.410888e+10
1,30,1,1.432002e+11
1,30,2,1.432002e+11
1,30,3,1.432002e+11
1,30,5,1.432002e+11
1,30,1,7.939519e+10
1,30,2,7.939519e+10
1,30,3,7.939519e+10
1,30,5,7.939519e+10
1,30,1,1.379158e+11
1,30,2,1.379158e+11
1,30,3,1.379158e+11
1,30,5,1.379158e+11
1,30,1,7.819857e+10
1,30,2,7.819857e+10
1,30,3,7.819857e+10
1,30,5,5.964608e+10
1,30,1,6.334883e+10
1,30,2,6.334883e+10
1,30,3,6.334883e+10
1,30,5,6.334883e+10
1,30,1,7.920727e+10
1,30,2,7.585030e+10
1,30,3,7.585030e+10
1,30,5,5.050766e+10
1,30,1,1.344653e+11
1,30,2,1.344653e+11
1,30,3,1.344653e+11
1,30,5,1.344653e+11
1,30,1,7.257719e+10
1,30,2,7.257719e+10
1,30,3,7.257719e+10
1,30,5,7.257719e+10
1,30,1,6.531884e+10
1,30,2,6.531884e+10
1,30,3,6.531884e+10
1,30,5,6.531884e+10
1,30,1,1.282654e+11
1,30,2,1.282654e+11
1,30,3,1.282654e+11
1,30,5,1.282654e+11
1,30,1,1.658559e+11
1,30,2,1.658559e+11
1,30,3,1.658559e+11
1,30,5,1.658559e+11
1,30,1,1.166434e+11
1,30,2,1.166434e+11
1,30,3,1.166434e+11
1,30,5,8.965114e+10
1,30,1,8.922988e+10
1,30,2,7.901136e+10
1,30,3,7.901136e+10
1,30,5,7.797446e+10
1,30,1,8.564841e+10
1,30,2,8.564841e+10
1,30,3,8.564841e+10
1,30,5,8.564841e+10
1,30,1,7.888885e+10
1,30,2,7.888885e+10
1,30,3,7.397661e+10
1,30,5,5.632972e+10
1,30,1,5.654950e+10
1,30,2,5.654950e+10
1,30,3,5.654950e+10
1,30,5,5.654950e+10
1,30,1,7.666613e+10
1,30,2,7.666613e+10
1,30,3,7.666613e+10
1,30,5,7.666613e+10
1,30,1,8.264129e+10
1,30,2,8.264129e+10
1,30,3,8.264129e+10
1,30,5,8.264129e+10
1,30,1,6.839305e+10
1,30,2,5.119815e+10
1,30,3,5.119815e+10
1,30,5,5.089713e+10
1,30,1,6.721013e+10
1,30,2,6.721013e+10
1,30,3,6.721013e+10
1,30,5,6.721013e+10
1,30,1,8.202545e+10
1,30,2,8.202545e+10
1,30,3,8.202545e+10
1,30,1,9.157388e+10
1,30,2,9.157388e+10
1,30,3,9.157388e+10
1,30,5,7.875830e+10
1,30,1,7.831868e+10
1,30,2,7.831868e+10
1,30,3,7.831868e+10
1,30,5,7.831868e+10
1,30,1,1.210515e+11
1,30,2,1.210515e+11
1,30,3,1.210515e+11
1,30,5,1.210515e+11
1,30,1,1.212549e+11
1,30,2,1.212549e+11
1,30,3,1.212549e+11
1,30,5,1.212549e+11
1,30,1,6.307691e+10
1,30,2,6.307691e+10
1,30,3,6.307691e+10
1,30,5,6.307691e+10
1,30,1,8.771052e+10
1,30,2,8.771052e+10
1,30,3,8.771052e+10
1,30,5,8.771052e+10
1,30,1,1.591638e+11
1,30,2,1.591638e+11
1,30,3,1.591638e+11
1,30,5,1.591638e+11
1,30,1,1.108084e+11
1,30,2,1.108084e+11
1,30,3,1.108084e+11
1,30,5,1.108084e+11
1,30,1,7.163217e+10
1,30,2,7.163217e+10
1,30,3,7.163217e+10
1,30,5,7.163217e+10
1,30,1,1.231122e+11
1,30,2,1.231122e+11
1,30,3,1.231122e+11
1,30,5,1.231122e+11
1,30,1,1.660992e+11
1,30,2,1.660992e+11
1,30,3,1.660992e+11
1,30,5,1.660992e+11
1,30,1,8.215919e+10
1,30,2,8.215919e+10
1,30,3,8.215919e+10
1,30,5,8.215919e+10
1,30,1,7.449575e+10
1,30,2,7.449575e+10
1,30,3,7.449575e+10
1,30,5,7.449575e+10
1,30,1,1.027269e+11
1,30,2,1.027269e+11
1,30,3,1.027269e+11
1,30,5,1.027269e+11
1,30,1,7.179359e+10
1,30,2,6.646198e+10
1,30,3,6.646198e+10
1,30,5,6.604733e+10
1,30,1,1.360529e+11
1,30,2,1.360529e+11
1,30,3,1.360529e+11
1,30,5,7.115708e+10
1,30,1,1.430327e+11
1,30,2,1.430327e+11
1,30,3,1.430327e+11
1,30,5,1.109199e+11
1,30,1,1.407841e+11
1,30,2,1.407841e+11
1,30,3,1.407841e+11
1,30,5,1.407841e+11
1,30,1,6.581364e+10
1,30,2,6.581364e+10
1,30,3,6.581364e+10
1,30,5,6.581364e+10
1,30,1,1.404242e+11
1,30,2,1.404242e+11
1,30,3,1.404242e+11
1,30,5,1.404242e+11
1,30,1,6.274851e+10
1,30,2,6.274851e+10
1,30,3,6.274851e+10
1,30,5,6.274851e+10
1,30,1,7.500796e+10
1,30,2,7.500796e+10
1,30,3,7.500796e+10
1,30,5,7.500796e+10
1,30,1,6.997425e+10
1,30,2,6.997425e+10
1,30,3,6.997425e+10
1,30,5,6.997425e+10
1,30,1,1.327190e+11
1,30,2,1.327190e+11
1,30,3,1.327190e+11
1,30,5,1.327190e+11
1,30,1,1.571666e+11
1,30,2,1.571666e+11
1,30,3,1.571666e+11
1,30,5,1.571666e+11
1,30,1,1.167483e+11
1,30,2,1.167483e+11
1,30,3,1.167483e+11
1,30,5,1.167483e+11
1,30,1,1.375966e+11
1,30,2,1.375966e+11
1,30,3,1.375966e+11
1,30,5,7.479352e+10
1,30,1,8.032024e+10
1,30,2,8.032024e+10
1,30,3,8.032024e+10
1,30,5,6.015254e+10
1,30,1,6.034850e+10
1,30,2,6.034850e+10
1,30,3,6.034850e+10
1,30,5,6.034850e+10
1,30,1,8.473236e+10
1,30,2,8.222604e+10
1,30,3,7.691096e+10
1,30,5,7.691096e+10
1,30,1,1.242467e+11
1,30,2,1.242467e+11
1,30,3,1.242467e+11
1,30,5,1.242467e+11
1,30,1,1.281951e+11
1,30,2,1.281951e+11
1,30,3,1.281951e+11
1,30,5,1.281951e+11
1,30,1,8.282010e+10
1,30,2,8.282010e+10
1,30,3,8.282010e+10
1,30,5,8.282010e+10
1,30,1,8.070406e+10
1,30,2,8.070406e+10
1,30,3,8.070406e+10
1,30,5,8.070406e+10
1,30,1,1.172053e+11
1,30,2,1.172053e+11
1,30,3,1.172053e+11
1,30,5,8.040368e+10
1,30,1,1.269495e+11
1,30,2,1.269495e+11
1,30,3,1.269495e+11
1,30,5,1.269495e+11
1,30,1,7.774555e+10
1,30,2,7.774555e+10
1,30,3,7.774555e+10
1,30,5,7.774555e+10
1,30,1,8.672380e+10
1,30,2,8.672380e+10
1,30,3,8.672380e+10
1,30,5,8.672380e+10
1,30,1,6.886167e+10
1,30,2,6.886167e+10
1,30,3,6.886167e+10
1,30,5,6.886167e+10
1,30,1,8.153016e+10
1,30,2,8.153016e+10
1,30,3,8.153016e+10
1,30,5,8.153016e+10
1,30,1,9.131968e+10
1,30,2,9.131968e+10
1,30,3,9.131968e+10
1,30,5,9.131968e+10
1,30,1,1.014194e+11
1,30,2,1.014194e+11
1,30,3,1.014194e+11
1,30,5,6.163830e+10
1,30,1,6.241373e+10
1,30,2,6.241373e+10
1,30,3,6.241373e+10
1,30,5,6.241373e+10
1,30,1,8.491141e+10
1,30,2,7.319075e+10
1,30,3,6.797861e+10
1,30,5,6.797861e+10
1,30,1,8.141196e+10
1,30,2,8.141196e+10
1,30,3,8.141196e+10
1,30,5,8.141196e+10
1,30,1,7.412165e+10
1,30,2,7.412165e+10
1,30,3,7.412165e+10
1,30,5,7.412165e+10
1,30,1,8.634254e+10
1,30,2,8.634254e+10
1,30,3,8.634254e+10
1,30,5,6.816126e+10
1,30,1,1.049062e+11
1,30,2,8.034495e+10
1,30,3,8.034495e+10
1,30,5,8.034495e+10
1,30,1,6.988371e+10
1,30,2,6.988371e+10
1,30,3,6.988371e+10
1,30,5,6.861961e+10
1,30,1,8.129606e+10
1,30,2,8.129606e+10
1,30,3,8.129606e+10
1,30,5,8.129606e+10
1,30,1,5.989414e+10
1,30,2,5.989414e+10
1,30,3,5.989414e+10
1,30,5,5.989414e+10
1,30,1,6.800104e+10
1,30,2,6.800104e+10
1,30,3,6.800104e+10
1,30,5,6.800104e+10
1,30,1,6.268557e+10
1,30,2,6.268557e+10
1,30,3,6.268557e+10
1,30,5,6.268557e+10
1,30,1,1.221105e+11
1,30,2,1.221105e+11
1,30,3,1.221105e+11
1,30,5,1.221105e+11
1,30,1,1.184547e+11
1,30,2,1.184547e+11
1,30,3,1.184547e+11
1,30,5,1.184547e+11
1,30,1,7.502012e+10
1,30,2,7.502012e+10
1,30,3,7.502012e+10
1,30,5,7.502012e+10
1,30,1,7.916945e+10
1,30,2,7.916945e+10
1,30,3,7.916945e+10
1,30,5,4.438002e+10
1,30,1,7.100176e+10
1,30,2,7.100176e+10
1,30,3,7.100176e+10
1,30,5,7.100176e+10
1,30,1,7.891255e+10
1,30,2,7.534711e+10
1,30,3,7.534711e+10
1,30,5,7.534711e+10
1,30,1,9.670490e+10
1,30,2,9.670490e+10
1,30,3,9.670490e+10
1,30,5,9.670490e+10
1,30,1,1.636139e+11
1,30,2,1.636139e+11
1,30,3,1.636139e+11
1,30,5,1.636139e+11
1,30,1,1.581370e+11
1,30,2,1.581370e+11
1,30,3,1.581370e+11
1,30,5,1.581370e+11
1,30,1,7.198719e+10
1,30,2,7.198719e+10
1,30,3,7.198719e+10
1,30,5,7.198719e+10
1,30,1,1.415854e+11
1,30,2,1.015426e+11
1,30,3,1.015426e+11
1,30,5,1.015426e+11
1,30,1,1.407977e+11
1,30,2,1.407977e+11
1,30,3,1.407977e+11
1,30,5,1.407977e+11
1,30,1,1.316523e+11
1,30,2,1.316523e+11
1,30,3,1.316523e+11
1,30,5,1.316523e+11
1,30,1,7.526065e+10
1,30,2,7.526065e+10
1,30,3,7.526065e+10
1,30,5,7.526065e+10
1,30,1,1.383194e+11
1,30,2,1.383194e+11
1,30,3,1.383194e+11
1,30,5,1.383194e+11
1,30,1,1.207738e+11
1,30,2,1.207738e+11
1,30,3,1.207738e+11
1,30,5,7.945433e+10
1,30,1,1.281780e+11
1,30,2,1.281780e+11
1,30,3,7.493440e+10
1,30,5,6.897890e+10
1,30,1,1.144643e+11
1,30,2,1.144643e+11
1,30,3,1.144643e+11
1,30,5,1.144643e+11
1,30,1,1.479150e+11
1,30,2,1.479150e+11
1,30,3,1.479150e+11
1,30,5,1.479150e+11
1,30,1,1.029283e+11
1,30,2,1.029283e+11
1,30,3,9.131204e+10
1,30,5,7.544390e+10
1,30,1,7.413502e+10
1,30,2,7.413502e+10
1,30,3,7.413502e+10
1,30,5,7.413502e+10
1,30,1,8.683407e+10
1,30,2,8.683407e+10
1,30,3,8.683407e+10
1,30,5,8.683407e+10
1,30,1,9.081842e+10
1,30,2,9.081842e+10
1,30,3,9.081842e+10
1,30,5,9.081842e+10
1,30,1,7.292421e+10
1,30,2,7.292421e+10
1,30,3,7.292421e+10
1,30,5,7.292421e+10
1,30,1,1.412225e+11
1,30,2,1.412225e+11
1,30,3,1.397305e+11
1,30,5,4.783025e+10
1,30,1,7.143325e+10
1,30,2,7.143325e+10
1,30,3,6.024554e+10
1,30,5,2.920120e+10
1,30,1,8.194589e+10
1,30,2,8.194589e+10
1,30,3,8.194589e+10
1,30,5,8.194589e+10
1,30,1,8.018485e+10
1,30,2,8.018485e+10
1,30,3,8.018485e+10
1,30,5,8.018485e+10
1,30,1,9.972307e+10
1,30,2,9.972307e+10
1,30,3,9.972307e+10
1,30,5,9.972307e+10
1,30,1,1.257279e+11
1,30,2,1.257279e+11
1,30,3,1.257279e+11
1,30,5,1.257279e+11
1,30,1,8.505477e+10
1,30,2,8.456651e+10
1,30,3,8.456651e+10
1,30,5,8.456651e+10
1,30,1,5.756935e+10
1,30,2,5.756935e+10
1,30,3,5.756935e+10
1,30,5,5.756935e+10
1,30,1,6.944610e+10
1,30,2,6.944610e+10
1,30,3,6.944610e+10
1,30,5,6.944610e+10
1,30,1,7.042560e+10
1,30,2,7.042560e+10
1,30,3,7.042560e+10
1,30,5,7.042560e+10
1,30,1,1.296266e+11
1,30,2,1.296266e+11
1,30,3,1.296266e+11
1,30,5,1.296266e+11
1,30,1,1.144865e+11
1,30,2,1.144865e+11
1,30,3,1.144865e+11
1,30,5,1.144865e+11
1,30,1,1.334189e+11
1,30,2,1.334189e+11
1,30,3,1.334189e+11
1,30,5,5.025618e+10
1,30,1,6.510366e+10
1,30,2,6.510366e+10
1,30,3,6.510366e+10
1,30,5,6.510366e+10
1,30,1,6.510006e+10
1,30,2,6.510006e+10
1,30,3,6.510006e+10
1,30,5,6.510006e+10
1,30,1,9.063481e+10
1,30,2,9.063481e+10
1,30,3,7.562977e+10
1,30,5,5.810867e+10
1,30,1,1.440220e+11
1,30,2,1.440220e+11
1,30,3,1.440220e+11
1,30,5,1.440220e+11
1,30,1,1.052782e+11
1,30,2,1.052782e+11
1,30,3,1.052782e+11
1,30,5,7.137609e+10
1,30,1,8.330575e+10
1,30,2,8.330575e+10
1,30,3,8.330575e+10
1,30,5,5.938643e+10
1,30,1,9.191352e+10
1,30,2,9.191352e+10
1,30,3,9.191352e+10
1,30,5,8.425187e+10
1,30,1,1.513059e+11
1,30,2,1.513059e+11
1,30,3,1.513059e+11
1,30,5,7.939202e+10
1,30,1,7.755197e+10
1,30,2,7.755197e+10
1,30,3,7.755197e+10
1,30,5,7.755197e+10
1,30,1,1.570406e+11
1,30,2,9.083596e+10
1,30,3,7.674632e+10
1,30,5,7.674632e+10
1,30,1,6.466150e+10
1,30,2,6.466150e+10
1,30,3,6.466150e+10
1,30,5,6.466150e+10
1,30,1,7.889994e+10
1,30,2,7.889994e+10
1,30,3,7.889994e+10
1,30,5,7.889994e+10
1,30,1,6.653087e+10
1,30,2,6.653087e+10
1,30,3,6.653087e+10
1,30,5,6.653087e+10
1,30,1,5.691100e+10
1,30,2,5.170775e+10
1,30,3,4.997141e+10
1,30,5,4.997141e+10
1,30,1,1.488162e+11
1,30,2,7.374854e+10
1,30,3,7.374854e+10
1,30,5,7.374854e+10
1,30,1,6.735401e+10
1,30,2,6.735401e+10
1,30,3,6.735401e+10
1,30,5,6.735401e+10
1,30,1,6.529080e+10
1,30,2,6.529080e+10
1,30,3,6.529080e+10
1,30,5,6.529080e+10
1,30,1,6.912660e+10
1,30,2,6.912660e+10
1,30,3,6.912660e+10
1,30,5,6.912660e+10
1,30,1,7.352092e+10
1,30,2,7.322723e+10
1,30,3,7.015698e+10
1,30,5,7.015698e+10
1,30,1,9.793855e+10
1,30,2,9.793855e+10
1,30,3,9.793855e+10
1,30,5,7.746212e+10
1,30,1,5.290736e+10
1,30,2,4.582060e+10
1,30,3,4.582060e+10
1,30,5,4.582060e+10
1,30,1,3.693897e+10
1,30,2,3.693897e+10
1,30,3,3.693897e+10
1,30,5,3.693897e+10
1,30,1,6.206555e+10
1,30,2,6.206555e+10
1,30,3,6.206555e+10
1,30,5,6.206555e+10
1,30,1,9.768131e+10
1,30,2,8.310003e+10
1,30,3,6.299540e+10
1,30,5,5.589898e+10
1,30,1,8.639144e+10
1,30,2,6.636005e+10
1,30,3,6.636005e+10
1,30,5,6.537220e+10
1,30,1,1.090412e+11
1,30,2,9.586140e+10
1,30,3,9.586140e+10
1,30,5,7.879544e+10
1,30,1,5.419324e+10
1,30,2,4.725721e+10
1,30,3,4.725721e+10
1,30,5,4.725721e+10
1,30,1,8.494661e+10
1,30,2,8.494661e+10
1,30,3,8.494661e+10
1,30,5,8.494661e+10
1,30,1,7.581798e+10
1,30,2,7.431699e+10
1,30,3,7.431699e+10
1,30,5,7.431699e+10
1,30,1,7.328418e+10
1,30,2,7.199158e+10
1,30,3,6.302226e+10
1,30,5,5.144006e+10
1,30,1,1.170260e+11
1,30,2,6.892853e+10
1,30,3,6.429174e+10
1,30,5,5.965974e+10
1,30,1,8.638185e+10
1,30,2,8.638185e+10
1,30,3,8.638185e+10
1,30,5,8.638185e+10
1,30,1,1.247831e+11
1,30,2,1.139444e+11
1,30,3,1.139444e+11
1,30,5,7.607757e+10
1,30,1,8.383830e+10
1,30,2,8.155930e+10
1,30,3,7.081472e+10
1,30,5,7.041126e+10
1,30,1,8.081341e+10
1,30,2,7.705841e+10
1,30,3,7.003556e+10
1,30,5,4.398830e+10
1,30,1,1.535802e+11
1,30,2,1.535802e+11
1,30,3,1.535802e+11
1,30,5,1.535802e+11
1,30,1,5.900195e+10
1,30,2,5.725983e+10
1,30,3,5.480111e+10
1,30,5,5.310312e+10
1,30,1,5.691915e+10
1,30,2,5.691915e+10
1,30,3,5.691915e+10
1,30,5,5.691915e+10
1,30,1,7.106288e+10
1,30,2,7.106288e+10
1,30,3,7.106288e+10
1,30,5,7.106288e+10
1,30,1,7.323069e+10
1,30,2,7.188313e+10
1,30,3,6.731039e+10
1,30,5,5.496063e+10
1,30,1,7.333972e+10
1,30,2,7.333972e+10
1,30,3,7.333972e+10
1,30,5,7.333972e+10
1,30,1,8.412038e+10
1,30,2,7.399174e+10
1,30,3,6.058062e+10
1,30,5,3.721124e+10
1,30,1,7.284372e+10
1,30,2,7.284372e+10
1,30,3,7.284372e+10
1,30,5,7.284372e+10
1,30,1,7.472096e+10
1,30,2,7.472096e+10
1,30,3,7.472096e+10
1,30,5,7.472096e+10
1,30,1,6.534021e+10
1,30,2,6.045580e+10
1,30,3,5.035630e+10
1,30,5,4.637874e+10
1,30,1,5.909918e+10
1,30,2,5.633028e+10
1,30,3,5.633028e+10
1,30,5,5.633028e+10
1,30,1,8.312067e+10
1,30,2,6.682341e+10
1,30,3,6.682341e+10
1,30,5,6.682341e+10
1,30,1,6.844061e+10
1,30,2,6.293528e+10
1,30,3,6.107350e+10
1,30,5,5.001414e+10
1,30,1,6.366711e+10
1,30,2,5.936532e+10
1,30,3,5.936532e+10
1,30,5,4.836888e+10
1,30,1,8.449634e+10
1,30,2,8.449634e+10
1,30,3,8.449634e+10
1,30,5,8.449634e+10
1,30,1,7.444000e+10
1,30,2,6.472833e+10
1,30,3,6.472833e+10
1,30,5,6.472833e+10
1,30,1,5.897067e+10
1,30,2,5.897067e+10
1,30,3,5.897067e+10
1,30,5,5.839816e+10
1,30,1,5.953220e+10
1,30,2,5.953220e+10
1,30,3,4.620716e+10
1,30,5,4.620716e+10
1,30,1,5.592343e+10
1,30,2,5.592343e+10
1,30,3,5.592343e+10
1,30,5,5.478632e+10
1,30,1,8.654342e+10
1,30,2,7.640238e+10
1,30,3,7.463481e+10
1,30,5,7.463481e+10
1,30,1,6.661650e+10
1,30,2,6.284590e+10
1,30,3,6.284590e+10
1,30,5,6.284590e+10
1,30,1,8.067395e+10
1,30,2,7.668418e+10
1,30,3,7.668418e+10
1,30,5,7.668418e+10
1,30,1,5.151727e+10
1,30,2,4.968299e+10
1,30,3,4.968299e+10
1,30,5,4.968299e+10
1,30,1,4.970491e+10
1,30,2,4.465392e+10
1,30,3,4.465392e+10
1,30,5,4.465392e+10
1,30,1,9.391113e+10
1,30,2,9.391113e+10
1,30,3,9.391113e+10
1,30,5,7.199653e+10
1,30,1,7.722013e+10
1,30,2,7.722013e+10
1,30,3,7.722013e+10
1,30,5,7.722013e+10
1,30,1,1.236473e+11
1,30,2,1.215242e+11
1,30,3,6.805586e+10
1,30,5,6.805586e+10
1,30,1,6.094532e+10
1,30,2,6.094532e+10
1,30,3,5.844568e+10
1,30,5,5.722253e+10
1,30,1,7.393627e+10
1,30,2,7.290839e+10
1,30,1,5.788757e+10
1,30,2,5.788757e+10
1,30,1,5.912521e+10
1,30,2,5.689604e+10
1,30,1,1.062070e+11
1,30,2,7.646987e+10
1,30,1,1.417379e+11
1,30,2,1.315326e+11
1,30,1,9.117514e+10
1,30,2,6.712232e+10
1,30,1,7.017910e+10
1,30,2,7.017910e+10
1,30,1,7.531594e+10
1,30,2,7.531594e+10
1,30,1,8.043653e+10
1,30,2,8.043653e+10
1,30,1,1.023602e+11
1,30,2,1.023602e+11
1,30,1,7.988269e+10
1,30,2,6.550519e+10
1,30,1,7.968835e+10
1,30,2,7.402589e+10
1,30,1,5.971481e+10
1,30,2,5.444449e+10
1,30,1,1.480556e+11
1,30,2,1.480556e+11
1,30,1,7.282585e+10
1,30,2,6.897657e+10
1,30,1,1.027297e+11
1,30,2,1.027297e+11
1,30,1,6.455061e+10
1,30,2,6.209353e+10
1,30,1,7.269432e+10
1,30,2,6.615579e+10
1,30,1,7.674209e+10
1,30,2,6.264787e+10
1,30,1,5.405362e+10
1,30,2,5.400095e+10
1,30,1,1.352663e+11
1,30,2,5.883260e+10
1,30,1,1.086954e+11
1,30,2,1.077903e+11
1,30,1,7.858061e+10
1,30,2,7.858061e+10
1,30,1,5.893613e+10
1,30,2,5.893613e+10
1,30,1,1.203663e+11
1,30,2,1.199508e+11
1,30,1,5.644225e+10
1,30,2,5.636630e+10
1,30,1,5.726499e+10
1,30,2,5.316773e+10
1,30,1,8.071625e+10
1,30,2,8.071625e+10
1,30,1,7.017166e+10
1,30,2,7.017166e+10
1,30,1,1.024285e+11
1,30,2,5.404987e+10
1,30,1,5.794859e+10
1,30,2,5.665723e+10
1,30,1,6.771151e+10
1,30,2,6.771151e+10
1,30,1,5.080603e+10
1,30,2,5.080603e+10
1,30,1,7.090626e+10
1,30,2,6.175462e+10
1,30,1,4.885060e+10
1,30,2,4.885060e+10
1,30,1,6.347734e+10
1,30,2,6.042832e+10
1,30,1,5.954985e+10
1,30,2,5.954985e+10
1,30,1,6.116993e+10
1,30,2,6.116993e+10
1,30,1,7.356549e+10
1,30,2,6.296023e+10
1,30,1,8.386302e+10
1,30,2,8.386302e+10
1,30,1,6.751289e+10
1,30,2,6.604974e+10
1,30,1,5.469092e+10
1,30,2,4.422679e+10
1,30,1,5.854990e+10
1,30,2,5.854990e+10
1,30,1,7.190011e+10
1,30,2,6.188377e+10
1,30,1,8.214665e+10
1,30,2,8.214665e+10
1,30,1,9.056138e+10
1,30,2,9.056138e+10
1,30,1,7.183289e+10
1,30,2,6.770292e+10
1,30,1,6.987167e+10
1,30,2,6.987167e+10
1,30,1,7.899886e+10
1,30,2,6.728895e+10
1,30,1,7.003711e+10
1,30,2,6.445784e+10
1,30,1,8.521176e+10
1,30,2,8.521176e+10
1,30,1,7.477943e+10
1,30,2,7.434195e+10
1,30,3,7.434195e+10
1,30,5,7.434195e+10
1,30,10,7.434195e+10
1,30,20,7.089575e+10
1,30,30,7.089575e+10
1,30,1,6.388757e+10
1,30,2,6.357327e+10
1,30,3,6.357327e+10
1,30,5,6.357327e+10
1,30,10,6.357327e+10
1,30,20,2.888368e+10
1,30,30,1.954656e+10
1,30,1,7.386060e+10
1,30,2,7.386060e+10
1,30,3,7.386060e+10
1,30,5,7.386060e+10
1,30,10,6.518315e+10
1,30,20,6.518315e+10
1,30,30,6.518315e+10
1,30,1,5.293102e+10
1,30,2,5.220809e+10
1,30,3,5.220809e+10
1,30,5,5.220809e+10
1,30,10,5.220809e+10
1,30,20,5.220809e+10
1,30,30,5.220809e+10
1,30,1,5.649592e+10
1,30,2,5.596341e+10
1,30,3,5.596341e+10
1,30,5,5.596341e+10
1,30,10,5.596341e+10
1,30,20,5.596341e+10
1,30,30,5.596341e+10
1,30,1,9.517716e+10
1,30,2,7.521109e+10
1,30,3,7.521109e+10
1,30,5,7.455569e+10
1,30,10,7.455569e+10
1,30,20,7.455569e+10
1,30,30,7.455569e+10
1,30,1,6.614714e+10
1,30,2,5.679929e+10
1,30,3,5.679929e+10
1,30,5,5.679929e+10
1,30,10,5.679929e+10
1,30,20,5.679929e+10
1,30,30,5.679929e+10
1,30,1,6.605530e+10
1,30,2,6.055292e+10
1,30,3,5.960854e+10
1,30,5,5.107258e+10
1,30,10,4.494724e+10
1,30,20,4.494724e+10
1,30,30,4.494724e+10
1,30,1,7.339632e+10
1,30,2,7.339632e+10
1,30,3,7.339632e+10
1,30,5,7.339632e+10
1,30,10,7.339632e+10
1,30,20,7.339632e+10
1,30,30,7.339632e+10
1,30,1,7.770514e+10
1,30,2,7.121689e+10
1,30,3,7.121689e+10
1,30,5,7.121689e+10
1,30,10,7.121689e+10
1,30,20,7.121689e+10
1,30,30,7.121689e+10
1,30,1,1.026723e+11
1,30,2,8.224664e+10
1,30,3,8.224664e+10
1,30,5,8.224664e+10
1,30,10,6.145004e+10
1,30,20,6.145004e+10
1,30,30,6.145004e+10
1,30,1,7.159961e+10
1,30,2,7.159961e+10
1,30,3,7.159961e+10
1,30,5,7.159961e+10
1,30,10,7.159961e+10
1,30,20,7.159961e+10
1,30,30,7.159961e+10
1,30,1,8.260011e+10
1,30,2,8.260011e+10
1,30,3,8.260011e+10
1,30,5,8.260011e+10
1,30,10,5.142934e+10
1,30,20,1.227817e+10
1,30,30,1.227817e+10
1,30,1,7.865180e+10
1,30,2,7.865180e+10
1,30,3,7.865180e+10
1,30,5,7.865180e+10
1,30,10,6.342031e+10
1,30,20,6.342031e+10
1,30,30,6.342031e+10
1,30,1,8.453872e+10
1,30,2,8.135216e+10
1,30,3,8.135216e+10
1,30,5,7.130524e+10
1,30,10,7.130524e+10
1,30,20,7.130524e+10
1,30,30,7.130524e+10
1,30,1,6.781189e+10
1,30,2,6.781189e+10
1,30,3,6.781189e+10
1,30,5,6.781189e+10
1,30,10,6.781189e+10
1,30,20,6.781189e+10
1,30,30,6.781189e+10
1,30,1,7.513499e+10
1,30,2,7.172748e+10
1,30,3,6.763838e+10
1,30,5,6.156614e+10
1,30,10,6.156614e+10
1,30,20,6.156614e+10
1,30,30,6.156614e+10
1,30,1,1.294985e+11
1,30,2,6.285631e+10
1,30,3,6.046906e+10
1,30,5,6.046906e+10
1,30,10,5.980900e+10
1,30,20,5.980900e+10
1,30,30,5.980900e+10
1,30,1,8.374831e+10
1,30,2,6.768667e+10
1,30,3,6.768667e+10
1,30,5,6.768667e+10
1,30,10,6.768667e+10
1,30,20,6.768667e+10
1,30,30,6.768667e+10
1,30,1,7.762202e+10
1,30,2,7.143522e+10
1,30,3,7.143522e+10
1,30,5,6.817207e+10
1,30,10,6.817207e+10
1,30,20,5.957710e+10
1,30,30,5.957710e+10
1,30,1,7.607544e+10
1,30,2,7.607544e+10
1,30,3,7.607544e+10
1,30,5,7.607544e+10
1,30,10,7.607544e+10
1,30,20,7.607544e+10
1,30,30,7.607544e+10
1,30,1,9.726009e+10
1,30,2,8.033282e+10
1,30,3,8.033282e+10
1,30,5,7.081788e+10
1,30,10,6.648309e+10
1,30,20,6.648309e+10
1,30,30,6.648309e+10
1,30,1,8.624406e+10
1,30,2,7.745653e+10
1,30,3,7.745653e+10
1,30,5,6.104496e+10
1,30,10,5.656299e+10
1,30,20,5.656299e+10
1,30,30,5.656299e+10
1,30,1,8.600711e+10
1,30,2,7.082311e+10
1,30,3,7.082311e+10
1,30,5,7.082311e+10
1,30,10,7.082311e+10
1,30,20,7.082311e+10
1,30,30,7.082311e+10
1,30,1,1.140921e+11
1,30,2,6.514085e+10
1,30,3,6.514085e+10
1,30,5,6.514085e+10
1,30,10,6.514085e+10
1,30,20,6.514085e+10
1,30,30,6.514085e+10
1,30,1,1.034403e+11
1,30,2,7.810997e+10
1,30,3,7.550729e+10
1,30,5,7.047115e+10
1,30,10,6.063388e+10
1,30,20,6.063388e+10
1,30,30,6.063388e+10
1,30,1,1.038314e+11
1,30,2,7.373465e+10
1,30,3,7.373465e+10
1,30,5,7.373465e+10
1,30,10,7.373465e+10
1,30,20,7.350612e+10
1,30,30,7.350612e+10
1,30,1,8.730939e+10
1,30,2,5.326837e+10
1,30,3,5.326837e+10
1,30,5,5.326837e+10
1,30,10,5.326837e+10
1,30,20,5.326837e+10
1,30,30,5.326837e+10
1,30,1,1.177293e+11
1,30,2,7.037041e+10
1,30,3,6.117673e+10
1,30,5,6.117673e+10
1,30,10,6.117673e+10
1,30,20,6.117673e+10
1,30,30,6.117673e+10
1,30,1,6.464541e+10
1,30,2,6.316990e+10
1,30,3,6.316990e+10
1,30,5,6.316990e+10
1,30,10,6.316990e+10
1,30,20,6.316990e+10
1,30,30,6.316990e+10
1,30,1,5.778456e+10
1,30,2,5.778456e+10
1,30,3,5.778456e+10
1,30,5,5.778456e+10
1,30,10,5.778456e+10
1,30,20,5.778456e+10
1,30,30,5.778456e+10
1,30,1,7.374473e+10
1,30,2,7.374473e+10
1,30,3,7.374473e+10
1,30,5,7.374473e+10
1,30,10,7.374473e+10
1,30,20,7.374473e+10
1,30,30,7.374473e+10
1,30,1,1.314900e+11
1,30,2,8.401368e+10
1,30,3,8.088920e+10
1,30,5,5.539148e+10
1,30,10,3.012720e+10
1,30,20,3.012720e+10
1,30,30,3.012720e+10
1,30,1,1.227951e+11
1,30,2,6.689019e+10
1,30,3,6.266008e+10
1,30,5,6.266008e+10
1,30,10,6.266008e+10
1,30,20,6.266008e+10
1,30,30,6.266008e+10
1,30,1,7.116489e+10
1,30,2,7.116489e+10
1,30,3,7.116489e+10
1,30,5,7.116489e+10
1,30,10,7.116489e+10
1,30,20,1.936956e+10
1,30,30,9.962569e+09
1,30,1,5.981568e+10
1,30,2,5.403401e+10
1,30,3,5.280634e+10
1,30,5,4.958943e+10
1,30,10,4.958943e+10
1,30,20,4.958943e+10
1,30,30,4.958943e+10
1,30,1,5.947772e+10
1,30,2,5.947772e+10
1,30,3,5.947772e+10
1,30,5,5.947772e+10
1,30,10,5.947772e+10
1,30,20,5.947772e+10
1,30,30,5.947772e+10
1,30,1,6.231228e+10
1,30,2,6.231228e+10
1,30,3,6.231228e+10
1,30,5,6.231228e+10
1,30,10,6.231228e+10
1,30,20,6.231228e+10
1,30,30,6.231228e+10
1,30,1,9.437665e+10
1,30,2,5.733712e+10
1,30,3,5.733712e+10
1,30,5,5.733712e+10
1,30,10,5.733712e+10
1,30,20,5.733712e+10
1,30,30,5.733712e+10
1,30,1,1.261867e+11
1,30,2,1.223346e+11
1,30,3,8.015974e+10
1,30,5,7.156789e+10
1,30,10,5.190437e+10
1,30,20,5.190437e+10
1,30,30,5.190437e+10
1,30,1,1.216106e+11
1,30,2,1.216106e+11
1,30,3,1.216106e+11
1,30,5,1.216106e+11
1,30,10,7.433824e+10
1,30,20,7.433824e+10
1,30,30,7.433824e+10
1,30,1,1.372533e+11
1,30,2,1.372533e+11
1,30,3,9.414392e+10
1,30,5,8.928146e+10
1,30,10,6.878397e+10
1,30,20,1.590089e+10
1,30,30,1.350956e+10
1,30,1,8.104523e+10
1,30,2,7.896861e+10
1,30,3,7.896861e+10
1,30,5,7.896861e+10
1,30,10,7.896861e+10
1,30,20,7.896861e+10
1,30,30,7.896861e+10
1,30,1,5.376643e+10
1,30,2,5.376643e+10
1,30,3,5.376643e+10
1,30,5,5.376643e+10
1,30,10,5.376643e+10
1,30,20,3.172859e+10
1,30,30,3.172859e+10
1,30,1,1.031878e+11
1,30,2,6.398645e+10
1,30,3,6.398645e+10
1,30,5,6.398645e+10
1,30,10,6.398645e+10
1,30,20,6.137513e+10
1,30,30,6.137513e+10
1,30,1,5.753681e+10
1,30,2,5.753681e+10
1,30,3,5.650038e+10
1,30,5,5.035838e+10
1,30,10,5.035838e+10
1,30,20,5.035838e+10
1,30,30,5.035838e+10
1,30,1,8.185994e+10
1,30,2,8.185994e+10
1,30,3,7.517720e+10
1,30,5,6.364721e+10
1,30,10,6.364721e+10
1,30,20,6.364721e+10
1,30,30,6.364721e+10
1,30,1,3.273181e+10
1,30,2,3.273181e+10
1,30,3,3.030579e+10
1,30,5,3.030579e+10
1,30,10,2.828537e+10
1,30,20,2.828537e+10
1,30,30,2.828537e+10
1,30,1,6.645511e+10
1,30,2,6.645511e+10
1,30,3,6.645511e+10
1,30,5,6.645511e+10
1,30,10,6.645511e+10
1,30,20,6.645511e+10
1,30,30,6.645511e+10
1,30,1,1.366472e+11
1,30,2,8.796012e+10
1,30,3,8.100244e+10
1,30,5,8.100244e+10
1,30,10,6.898925e+10
1,30,20,6.898925e+10
1,30,30,6.898925e+10
1,30,1,6.967385e+10
1,30,2,6.279516e+10
1,30,3,6.279516e+10
1,30,5,6.232849e+10
1,30,10,6.232849e+10
1,30,20,6.232849e+10
1,30,30,6.232849e+10
1,30,1,1.018933e+11
1,30,2,1.018933e+11
1,30,3,1.018933e+11
1,30,5,1.018933e+11
1,30,1,6.125682e+10
1,30,2,6.125682e+10
1,30,3,6.125682e+10
1,30,5,6.125682e+10
1,30,1,5.801314e+10
1,30,2,5.801314e+10
1,30,3,5.801314e+10
1,30,5,5.801314e+10
1,30,1,7.897813e+10
1,30,2,7.897813e+10
1,30,3,7.897813e+10
1,30,5,7.897813e+10
1,30,1,1.132151e+11
1,30,2,1.132151e+11
1,30,3,1.132151e+11
1,30,5,1.132151e+11
1,30,1,1.273855e+11
1,30,2,1.273855e+11
1,30,3,1.273855e+11
1,30,5,5.633592e+10
1,30,1,7.682182e+10
1,30,2,7.682182e+10
1,30,3,7.682182e+10
1,30,5,7.682182e+10
1,30,1,9.830187e+10
1,30,2,9.830187e+10
1,30,3,9.830187e+10
1,30,5,9.830187e+10
1,30,1,1.049511e+11
1,30,2,1.049511e+11
1,30,3,1.049511e+11
1,30,5,1.049511e+11
1,30,1,6.712954e+10
1,30,2,6.712954e+10
1,30,3,6.712954e+10
1,30,5,6.712954e+10
1,30,1,1.391550e+11
1,30,2,1.391550e+11
1,30,3,1.391550e+11
1,30,5,1.391550e+11
1,30,1,9.122947e+10
1,30,2,9.122947e+10
1,30,3,9.122947e+10
1,30,5,9.122947e+10
1,30,1,8.917667e+10
1,30,2,8.917667e+10
1,30,3,8.917667e+10
1,30,5,5.139980e+10
1,30,1,6.996541e+10
1,30,2,6.996541e+10
1,30,3,6.996541e+10
1,30,5,6.660983e+10
1,30,1,1.521892e+11
1,30,2,1.521892e+11
1,30,3,1.521892e+11
1,30,5,1.521892e+11
1,30,1,1.360377e+11
1,30,2,1.360377e+11
1,30,3,1.360377e+11
1,30,5,1.360377e+11
1,30,1,7.302900e+10
1,30,2,7.302900e+10
1,30,3,7.302900e+10
1,30,5,7.302900e+10
1,30,1,8.905970e+10
1,30,2,8.905970e+10
1,30,3,8.905970e+10
1,30,5,8.905970e+10
1,30,1,1.445502e+11
1,30,2,1.445502e+11
1,30,3,1.445502e+11
1,30,5,6.490736e+10
1,30,1,6.367562e+10
1,30,2,6.367562e+10
1,30,3,6.367562e+10
1,30,5,6.367562e+10
1,30,1,6.348572e+10
1,30,2,6.348572e+10
1,30,3,6.348572e+10
1,30,5,6.348572e+10
1,30,1,1.191874e+11
1,30,2,1.191874e+11
1,30,3,1.191874e+11
1,30,5,1.191874e+11
1,30,1,5.067452e+10
1,30,2,5.067452e+10
1,30,3,5.067452e+10
1,30,5,5.067452e+10
1,30,1,8.518598e+10
1,30,2,8.518598e+10
1,30,3,8.518598e+10
1,30,5,8.518598e+10
1,30,1,7.850115e+10
1,30,2,7.850115e+10
1,30,3,7.850115e+10
1,30,5,7.850115e+10
1,30,1,7.515298e+10
1,30,2,7.515298e+10
1,30,3,7.515298e+10
1,30,5,7.515298e+10
1,30,1,6.300021e+10
1,30,2,6.300021e+10
1,30,3,6.300021e+10
1,30,5,6.300021e+10
1,30,1,1.127963e+11
1,30,2,1.127963e+11
1,30,3,1.127963e+11
1,30,5,1.127963e+11
1,30,1,1.181331e+11
1,30,2,1.181331e+11
1,30,3,1.181331e+11
1,30,5,1.181331e+11
1,30,1,8.134122e+10
1,30,2,8.134122e+10
1,30,3,8.134122e+10
1,30,5,8.134122e+10
1,30,1,6.110505e+10
1,30,2,6.110505e+10
1,30,3,6.110505e+10
1,30,5,6.110505e+10
1,30,1,1.501987e+11
1,30,2,1.501987e+11
1,30,3,1.501987e+11
1,30,5,7.643053e+10
1,30,1,1.195901e+11
1,30,2,1.195901e+11
1,30,3,1.195901e+11
1,30,5,1.195901e+11
1,30,1,1.467545e+11
1,30,2,1.467545e+11
1,30,3,1.467545e+11
1,30,5,1.467545e+11
1,30,1,7.698475e+10
1,30,2,7.698475e+10
1,30,3,7.698475e+10
1,30,5,7.698475e+10
1,30,1,1.371126e+11
1,30,2,1.371126e+11
1,30,3,1.371126e+11
1,30,5,1.371126e+11
1,30,1,7.883122e+10
1,30,2,7.883122e+10
1,30,3,7.883122e+10
1,30,5,7.883122e+10
1,30,1,1.045021e+11
1,30,2,1.045021e+11
1,30,3,1.045021e+11
1,30,5,1.045021e+11
1,30,1,1.007171e+11
1,30,2,1.007171e+11
1,30,3,1.007171e+11
1,30,5,1.007171e+11
1,30,1,8.240484e+10
1,30,2,8.240484e+10
1,30,3,8.240484e+10
1,30,5,6.854087e+10
1,30,1,8.822201e+10
1,30,2,8.822201e+10
1,30,3,8.822201e+10
1,30,5,8.822201e+10
1,30,1,1.110844e+11
1,30,2,1.110844e+11
1,30,3,1.110844e+11
1,30,5,8.905077e+10
1,30,1,1.344089e+11
1,30,2,1.344089e+11
1,30,3,1.344089e+11
1,30,5,1.344089e+11
1,30,1,1.117133e+11
1,30,2,1.117133e+11
1,30,3,1.117133e+11
1,30,5,1.117133e+11
1,30,1,7.452165e+10
1,30,2,7.452165e+10
1,30,3,7.452165e+10
1,30,5,7.452165e+10
1,30,1,9.937336e+10
1,30,2,9.937336e+10
1,30,3,9.937336e+10
1,30,5,9.937336e+10
1,30,1,7.160898e+10
1,30,2,7.160898e+10
1,30,3,7.160898e+10
1,30,5,6.845700e+10
1,30,1,6.637707e+10
1,30,2,6.637707e+10
1,30,3,6.637707e+10
1,30,5,6.637707e+10
1,30,1,8.051022e+10
1,30,2,8.051022e+10
1,30,3,8.051022e+10
1,30,5,8.051022e+10
1,30,1,1.020501e+11
1,30,2,1.020501e+11
1,30,3,1.020501e+11
1,30,5,1.020501e+11
1,30,1,7.296145e+10
1,30,2,7.296145e+10
1,30,3,7.296145e+10
1,30,5,7.296145e+10
