funcid,dim,milestone,error
11,30,1,5.463016e+04
11,30,2,5.463016e+04
11,30,3,5.463016e+04
11,30,5,5.463016e+04
11,30,1,4.889120e+04
11,30,2,4.889120e+04
11,30,3,4.889120e+04
11,30,5,4.889120e+04
11,30,1,3.134086e+04
11,30,2,1.479454e+04
11,30,3,1.479454e+04
11,30,5,9.520049e+03
11,30,1,1.639693e+04
11,30,2,1.639693e+04
11,30,3,1.639693e+04
11,30,5,1.639693e+04
11,30,1,3.335980e+04
11,30,2,3.335980e+04
11,30,3,3.335980e+04
11,30,5,3.335980e+04
11,30,1,5.085673e+04
11,30,2,5.085673e+04
11,30,3,5.085673e+04
11,30,5,5.085673e+04
11,30,1,2.655016e+04
11,30,2,2.655016e+04
11,30,3,2.655016e+04
11,30,5,2.655016e+04
11,30,1,3.323007e+04
11,30,2,3.323007e+04
11,30,3,3.323007e+04
11,30,5,3.323007e+04
11,30,1,4.020057e+04
11,30,2,4.020057e+04
11,30,3,4.020057e+04
11,30,5,4.020057e+04
11,30,1,5.723897e+04
11,30,2,5.723897e+04
11,30,3,5.723897e+04
11,30,5,9.314745e+03
11,30,1,2.104521e+04
11,30,2,2.104521e+04
11,30,3,2.104521e+04
11,30,5,2.104521e+04
11,30,1,3.584763e+04
11,30,2,3.584763e+04
11,30,3,3.584763e+04
11,30,5,3.584763e+04
11,30,1,4.690477e+04
11,30,2,4.690477e+04
11,30,3,4.690477e+04
11,30,5,4.690477e+04
11,30,1,1.294607e+04
11,30,2,1.294607e+04
11,30,3,1.294607e+04
11,30,5,1.294607e+04
11,30,1,1.694816e+04
11,30,2,1.694816e+04
11,30,3,1.694816e+04
11,30,5,1.694816e+04
11,30,1,2.871941e+04
11,30,2,2.871941e+04
11,30,3,2.871941e+04
11,30,5,2.871941e+04
11,30,1,2.954250e+04
11,30,2,2.954250e+04
11,30,3,2.954250e+04
11,30,5,2.954250e+04
11,30,1,1.551555e+04
11,30,2,1.551555e+04
11,30,3,1.551555e+04
11,30,5,1.551555e+04
11,30,1,3.937035e+04
11,30,2,3.937035e+04
11,30,3,3.937035e+04
11,30,5,3.937035e+04
11,30,1,2.529095e+04
11,30,2,2.529095e+04
11,30,3,2.529095e+04
11,30,5,2.529095e+04
11,30,1,1.150337e+04
11,30,2,1.150337e+04
11,30,3,1.150337e+04
11,30,5,1.150337e+04
11,30,1,2.945142e+04
11,30,2,2.945142e+04
11,30,3,2.945142e+04
11,30,5,2.945142e+04
11,30,1,8.284834e+04
11,30,2,8.284834e+04
11,30,3,8.284834e+04
11,30,5,8.284834e+04
11,30,1,3.549767e+04
11,30,2,3.549767e+04
11,30,3,3.549767e+04
11,30,5,3.549767e+04
11,30,1,3.102951e+04
11,30,2,3.102951e+04
11,30,3,3.102951e+04
11,30,5,3.102951e+04
11,30,1,4.922888e+04
11,30,2,4.922888e+04
11,30,3,3.321889e+04
11,30,5,2.271804e+04
11,30,1,6.109531e+05
11,30,2,6.109531e+05
11,30,3,6.109531e+05
11,30,5,6.109531e+05
11,30,1,5.810562e+04
11,30,2,5.810562e+04
11,30,3,5.810562e+04
11,30,5,1.278655e+04
11,30,1,3.110790e+04
11,30,2,3.110790e+04
11,30,3,2.975118e+04
11,30,5,1.865999e+04
11,30,1,1.221008e+04
11,30,2,1.221008e+04
11,30,3,1.221008e+04
11,30,5,1.221008e+04
11,30,1,2.828447e+04
11,30,2,2.828447e+04
11,30,3,2.828447e+04
11,30,5,2.828447e+04
11,30,1,1.271084e+04
11,30,2,1.271084e+04
11,30,3,1.271084e+04
11,30,5,1.271084e+04
11,30,1,4.593174e+04
11,30,2,4.593174e+04
11,30,3,4.593174e+04
11,30,5,4.593174e+04
11,30,1,1.825301e+04
11,30,2,1.825301e+04
11,30,3,1.825301e+04
11,30,5,1.825301e+04
11,30,1,2.425926e+04
11,30,2,2.425926e+04
11,30,3,2.425926e+04
11,30,5,2.425926e+04
11,30,1,3.636889e+04
11,30,2,3.636889e+04
11,30,3,3.636889e+04
11,30,5,3.636889e+04
11,30,1,5.616725e+04
11,30,2,5.616725e+04
11,30,3,5.616725e+04
11,30,5,5.616725e+04
11,30,1,4.417469e+04
11,30,2,4.417469e+04
11,30,3,4.417469e+04
11,30,5,4.417469e+04
11,30,1,9.427060e+04
11,30,2,9.427060e+04
11,30,3,9.427060e+04
11,30,5,9.427060e+04
11,30,1,1.451931e+05
11,30,2,1.451931e+05
11,30,3,1.451931e+05
11,30,5,1.451931e+05
11,30,1,1.072465e+05
11,30,2,1.072465e+05
11,30,3,1.072465e+05
11,30,5,1.072465e+05
11,30,1,1.873054e+05
11,30,2,1.873054e+05
11,30,3,1.873054e+05
11,30,5,1.873054e+05
11,30,1,3.915340e+04
11,30,2,3.915340e+04
11,30,3,3.915340e+04
11,30,5,3.915340e+04
11,30,1,3.832206e+04
11,30,2,3.832206e+04
11,30,3,3.832206e+04
11,30,5,3.832206e+04
11,30,1,3.169929e+04
11,30,2,3.169929e+04
11,30,3,3.169929e+04
11,30,5,3.169929e+04
11,30,1,2.242392e+04
11,30,2,1.997471e+04
11,30,3,1.454107e+04
11,30,5,1.367642e+04
11,30,1,4.733447e+04
11,30,2,4.733447e+04
11,30,3,4.733447e+04
11,30,5,4.733447e+04
11,30,1,3.523322e+04
11,30,2,3.523322e+04
11,30,3,3.523322e+04
11,30,5,3.523322e+04
11,30,1,3.341265e+04
11,30,2,3.341265e+04
11,30,3,3.341265e+04
11,30,5,1.623893e+04
11,30,1,1.188158e+04
11,30,2,1.188158e+04
11,30,3,1.188158e+04
11,30,5,1.188158e+04
11,30,1,3.494590e+04
11,30,2,3.494590e+04
11,30,3,3.494590e+04
11,30,5,2.053488e+04
11,30,1,9.524782e+04
11,30,2,9.524782e+04
11,30,3,9.524782e+04
11,30,5,9.524782e+04
11,30,1,4.300133e+04
11,30,2,4.300133e+04
11,30,3,4.300133e+04
11,30,5,4.300133e+04
11,30,1,3.525496e+04
11,30,2,3.525496e+04
11,30,3,3.525496e+04
11,30,5,3.525496e+04
11,30,1,2.433859e+04
11,30,2,2.433859e+04
11,30,3,2.433859e+04
11,30,5,2.433859e+04
11,30,1,6.419273e+04
11,30,2,6.419273e+04
11,30,3,6.419273e+04
11,30,5,6.419273e+04
11,30,1,4.701677e+04
11,30,2,4.701677e+04
11,30,3,4.701677e+04
11,30,5,4.701677e+04
11,30,1,3.060679e+04
11,30,2,3.060679e+04
11,30,3,3.060679e+04
11,30,5,3.060679e+04
11,30,1,1.856229e+04
11,30,2,1.856229e+04
11,30,3,1.856229e+04
11,30,5,1.856229e+04
11,30,1,1.083907e+05
11,30,2,1.083907e+05
11,30,3,1.083907e+05
11,30,5,1.083907e+05
11,30,1,3.718897e+04
11,30,2,3.718897e+04
11,30,3,3.718897e+04
11,30,5,3.718897e+04
11,30,1,5.953840e+04
11,30,2,5.953840e+04
11,30,3,5.953840e+04
11,30,5,5.953840e+04
11,30,1,4.306241e+04
11,30,2,4.306241e+04
11,30,3,4.306241e+04
11,30,5,4.306241e+04
11,30,1,1.969821e+04
11,30,2,1.969821e+04
11,30,3,1.969821e+04
11,30,5,1.969821e+04
11,30,1,1.387688e+04
11,30,2,1.387688e+04
11,30,3,1.387688e+04
11,30,5,1.387688e+04
11,30,1,6.126976e+04
11,30,2,6.126976e+04
11,30,3,6.126976e+04
11,30,5,6.126976e+04
11,30,1,4.091688e+04
11,30,2,4.091688e+04
11,30,3,4.091688e+04
11,30,5,4.091688e+04
11,30,1,2.190666e+05
11,30,2,2.190666e+05
11,30,3,2.190666e+05
11,30,5,1.400681e+04
11,30,1,2.940931e+06
11,30,2,2.940931e+06
11,30,3,2.940931e+06
11,30,5,8.848809e+03
11,30,1,1.075133e+04
11,30,2,1.075133e+04
11,30,3,1.075133e+04
11,30,5,1.075133e+04
11,30,1,1.662187e+04
11,30,2,1.662187e+04
11,30,3,1.662187e+04
11,30,5,1.662187e+04
11,30,1,9.184026e+04
11,30,2,9.184026e+04
11,30,3,9.184026e+04
11,30,5,9.184026e+04
11,30,1,1.040891e+05
11,30,2,4.048763e+04
11,30,3,4.048763e+04
11,30,5,1.820587e+04
11,30,1,5.769266e+04
11,30,2,5.769266e+04
11,30,3,5.769266e+04
11,30,5,5.769266e+04
11,30,1,1.664327e+04
11,30,2,1.664327e+04
11,30,3,1.664327e+04
11,30,5,1.664327e+04
11,30,1,4.508557e+04
11,30,2,4.508557e+04
11,30,3,4.508557e+04
11,30,5,4.508557e+04
11,30,1,2.469119e+04
11,30,2,2.469119e+04
11,30,3,2.469119e+04
11,30,5,2.469119e+04
11,30,1,6.926747e+04
11,30,2,6.926747e+04
11,30,3,6.926747e+04
11,30,5,6.926747e+04
11,30,1,1.701528e+04
11,30,2,1.701528e+04
11,30,3,1.701528e+04
11,30,5,1.701528e+04
11,30,1,3.608281e+04
11,30,2,3.608281e+04
11,30,3,3.608281e+04
11,30,5,3.505579e+04
11,30,1,4.456072e+04
11,30,2,4.456072e+04
11,30,3,4.456072e+04
11,30,5,4.456072e+04
11,30,1,2.082435e+04
11,30,2,2.082435e+04
11,30,3,2.082435e+04
11,30,5,2.082435e+04
11,30,1,2.622075e+04
11,30,2,2.622075e+04
11,30,3,2.622075e+04
11,30,5,2.622075e+04
11,30,1,7.522309e+04
11,30,2,7.522309e+04
11,30,3,7.522309e+04
11,30,5,7.522309e+04
11,30,1,1.861795e+04
11,30,2,1.861795e+04
11,30,3,1.861795e+04
11,30,5,1.861795e+04
11,30,1,1.605201e+04
11,30,2,1.605201e+04
11,30,3,1.605201e+04
11,30,5,1.605201e+04
11,30,1,5.017303e+04
11,30,2,5.017303e+04
11,30,3,5.017303e+04
11,30,5,9.486949e+03
11,30,1,3.562776e+04
11,30,2,3.562776e+04
11,30,3,3.562776e+04
11,30,5,3.562776e+04
11,30,1,4.667785e+04
11,30,2,4.667785e+04
11,30,3,4.667785e+04
11,30,5,4.667785e+04
11,30,1,2.163659e+04
11,30,2,2.163659e+04
11,30,3,2.163659e+04
11,30,5,7.621966e+03
11,30,1,5.103597e+04
11,30,2,5.103597e+04
11,30,3,5.103597e+04
11,30,5,5.103597e+04
11,30,1,5.028455e+04
11,30,2,5.028455e+04
11,30,3,5.028455e+04
11,30,5,1.467917e+04
11,30,1,3.749481e+04
11,30,2,3.749481e+04
11,30,3,3.749481e+04
11,30,5,3.749481e+04
11,30,1,2.528171e+04
11,30,2,2.528171e+04
11,30,3,2.528171e+04
11,30,5,2.528171e+04
11,30,1,5.276083e+04
11,30,2,5.276083e+04
11,30,3,5.276083e+04
11,30,5,5.276083e+04
11,30,1,1.026644e+05
11,30,2,1.026644e+05
11,30,3,1.026644e+05
11,30,5,1.026644e+05
11,30,1,5.288726e+04
11,30,2,5.288726e+04
11,30,3,5.288726e+04
11,30,5,5.288726e+04
11,30,1,1.979988e+04
11,30,2,1.979988e+04
11,30,3,1.979988e+04
11,30,5,1.979988e+04
11,30,1,3.258456e+05
11,30,2,3.258456e+05
11,30,3,3.258456e+05
11,30,5,3.258456e+05
11,30,1,9.176703e+03
11,30,2,8.146688e+03
11,30,3,8.146688e+03
11,30,5,8.146688e+03
11,30,1,3.269619e+04
11,30,2,3.269619e+04
11,30,3,3.269619e+04
11,30,5,3.269619e+04
11,30,1,2.806581e+04
11,30,2,2.806581e+04
11,30,3,2.806581e+04
11,30,5,2.806581e+04
11,30,1,1.176213e+04
11,30,2,1.176213e+04
11,30,3,1.176213e+04
11,30,5,1.176213e+04
11,30,1,4.387578e+04
11,30,2,4.387578e+04
11,30,3,4.387578e+04
11,30,5,4.387578e+04
11,30,1,7.967075e+04
11,30,2,7.967075e+04
11,30,3,7.967075e+04
11,30,5,7.967075e+04
11,30,1,2.780163e+04
11,30,2,2.780163e+04
11,30,3,2.780163e+04
11,30,5,2.780163e+04
11,30,1,1.636960e+04
11,30,2,1.636960e+04
11,30,3,1.636960e+04
11,30,5,9.788219e+03
11,30,1,2.478539e+05
11,30,2,2.478539e+05
11,30,3,2.478539e+05
11,30,5,2.478539e+05
11,30,1,3.082074e+04
11,30,2,3.082074e+04
11,30,3,3.082074e+04
11,30,5,3.082074e+04
11,30,1,3.556483e+04
11,30,2,3.556483e+04
11,30,3,3.556483e+04
11,30,5,3.556483e+04
11,30,1,1.465065e+04
11,30,2,1.465065e+04
11,30,3,1.465065e+04
11,30,5,1.465065e+04
11,30,1,1.014157e+04
11,30,2,1.014157e+04
11,30,3,1.014157e+04
11,30,5,1.014157e+04
11,30,1,1.691543e+04
11,30,2,1.691543e+04
11,30,3,1.691543e+04
11,30,5,1.691543e+04
11,30,1,4.778765e+04
11,30,2,4.778765e+04
11,30,3,4.778765e+04
11,30,5,4.778765e+04
11,30,1,1.558004e+04
11,30,2,1.558004e+04
11,30,3,1.558004e+04
11,30,5,1.558004e+04
11,30,1,6.353602e+04
11,30,2,6.353602e+04
11,30,3,6.353602e+04
11,30,5,6.353602e+04
11,30,1,2.088794e+04
11,30,2,2.088794e+04
11,30,3,2.088794e+04
11,30,5,2.088794e+04
11,30,1,2.629433e+05
11,30,2,2.629433e+05
11,30,3,2.629433e+05
11,30,5,2.349093e+04
11,30,1,1.326055e+04
11,30,2,1.326055e+04
11,30,3,1.326055e+04
11,30,5,1.326055e+04
11,30,1,3.464566e+04
11,30,2,3.464566e+04
11,30,3,3.464566e+04
11,30,5,1.985562e+04
11,30,1,1.280505e+04
11,30,2,1.280505e+04
11,30,3,1.280505e+04
11,30,5,1.280505e+04
11,30,1,3.284618e+04
11,30,2,2.770636e+04
11,30,3,2.770636e+04
11,30,5,1.441585e+04
11,30,1,4.382244e+04
11,30,2,4.382244e+04
11,30,3,4.382244e+04
11,30,5,4.382244e+04
11,30,1,4.028585e+04
11,30,2,4.028585e+04
11,30,3,4.028585e+04
11,30,5,4.028585e+04
11,30,1,3.296515e+04
11,30,2,2.753438e+04
11,30,3,2.753438e+04
11,30,5,1.615482e+04
11,30,1,4.357509e+04
11,30,2,4.357509e+04
11,30,3,4.357509e+04
11,30,5,4.357509e+04
11,30,1,4.400026e+04
11,30,2,4.400026e+04
11,30,3,4.400026e+04
11,30,5,4.400026e+04
11,30,1,2.947584e+04
11,30,2,2.947584e+04
11,30,3,2.947584e+04
11,30,5,2.947584e+04
11,30,1,4.747133e+04
11,30,2,4.747133e+04
11,30,3,4.747133e+04
11,30,5,1.569429e+04
11,30,1,3.417643e+04
11,30,2,3.417643e+04
11,30,3,3.417643e+04
11,30,5,2.191079e+04
11,30,1,4.402018e+04
11,30,2,4.402018e+04
11,30,3,4.402018e+04
11,30,5,4.402018e+04
11,30,1,1.633244e+04
11,30,2,1.633244e+04
11,30,3,1.633244e+04
11,30,5,1.633244e+04
11,30,1,2.792446e+04
11,30,2,2.792446e+04
11,30,3,2.792446e+04
11,30,5,2.792446e+04
11,30,1,2.535451e+04
11,30,2,2.077701e+04
11,30,3,2.077701e+04
11,30,5,2.077701e+04
11,30,1,2.787784e+04
11,30,2,2.787784e+04
11,30,3,2.787784e+04
11,30,5,2.787784e+04
11,30,1,3.911888e+04
11,30,2,3.911888e+04
11,30,3,3.911888e+04
11,30,5,3.911888e+04
11,30,1,3.249078e+05
11,30,2,3.249078e+05
11,30,3,3.249078e+05
11,30,5,2.346361e+04
11,30,1,1.915458e+04
11,30,2,1.915458e+04
11,30,3,1.599489e+04
11,30,5,1.276787e+04
11,30,1,6.110767e+04
11,30,2,6.110767e+04
11,30,3,6.110767e+04
11,30,5,1.263576e+04
11,30,1,4.385672e+04
11,30,2,4.385672e+04
11,30,3,4.385672e+04
11,30,5,4.385672e+04
11,30,1,1.351035e+04
11,30,2,1.351035e+04
11,30,3,1.351035e+04
11,30,5,1.351035e+04
11,30,1,4.344336e+04
11,30,2,4.344336e+04
11,30,3,4.344336e+04
11,30,5,4.344336e+04
11,30,1,3.079295e+04
11,30,2,3.079295e+04
11,30,3,3.079295e+04
11,30,5,3.079295e+04
11,30,1,9.355170e+03
11,30,2,9.355170e+03
11,30,3,9.355170e+03
11,30,5,9.355170e+03
11,30,1,2.356194e+04
11,30,2,2.356194e+04
11,30,3,2.356194e+04
11,30,5,2.356194e+04
11,30,1,1.155129e+04
11,30,2,1.155129e+04
11,30,3,1.155129e+04
11,30,5,1.155129e+04
11,30,1,1.681357e+04
11,30,2,1.681357e+04
11,30,3,1.681357e+04
11,30,5,1.681357e+04
11,30,1,3.326395e+04
11,30,2,3.326395e+04
11,30,3,3.326395e+04
11,30,5,2.762859e+04
11,30,1,3.495066e+04
11,30,2,3.495066e+04
11,30,3,3.495066e+04
11,30,5,3.495066e+04
11,30,1,1.605089e+05
11,30,2,1.605089e+05
11,30,3,1.605089e+05
11,30,5,1.605089e+05
11,30,1,4.895334e+04
11,30,2,4.895334e+04
11,30,3,4.895334e+04
11,30,5,4.895334e+04
11,30,1,1.976779e+05
11,30,2,3.252252e+04
11,30,3,3.252252e+04
11,30,5,3.252252e+04
11,30,1,2.057470e+05
11,30,2,2.057470e+05
11,30,3,2.057470e+05
11,30,5,2.057470e+05
11,30,1,5.455763e+04
11,30,2,5.455763e+04
11,30,3,5.455763e+04
11,30,5,5.455763e+04
11,30,1,1.569482e+04
11,30,2,1.569482e+04
11,30,3,1.569482e+04
11,30,5,1.569482e+04
11,30,1,1.378424e+05
11,30,2,1.378424e+05
11,30,3,1.378424e+05
11,30,5,1.378424e+05
11,30,1,5.796909e+05
11,30,2,5.796909e+05
11,30,3,5.796909e+05
11,30,5,5.796909e+05
11,30,1,4.938582e+04
11,30,2,4.938582e+04
11,30,3,4.938582e+04
11,30,5,4.938582e+04
11,30,1,3.948750e+04
11,30,2,3.948750e+04
11,30,3,3.948750e+04
11,30,5,3.948750e+04
11,30,1,4.313860e+04
11,30,2,4.313860e+04
11,30,3,4.313860e+04
11,30,5,4.313860e+04
11,30,1,4.819697e+04
11,30,2,4.819697e+04
11,30,3,4.819697e+04
11,30,5,4.819697e+04
11,30,1,6.339246e+04
11,30,2,6.339246e+04
11,30,3,6.339246e+04
11,30,5,6.339246e+04
11,30,1,7.423533e+04
11,30,2,7.423533e+04
11,30,3,7.423533e+04
11,30,5,7.423533e+04
11,30,1,3.033435e+04
11,30,2,3.033435e+04
11,30,3,3.033435e+04
11,30,5,3.033435e+04
11,30,1,1.060301e+04
11,30,2,1.060301e+04
11,30,3,1.060301e+04
11,30,5,1.060301e+04
11,30,1,2.083212e+05
11,30,2,2.083212e+05
11,30,3,2.083212e+05
11,30,5,2.478656e+04
11,30,1,2.153832e+04
11,30,2,2.153832e+04
11,30,3,2.153832e+04
11,30,5,2.153832e+04
11,30,1,6.862056e+04
11,30,2,6.862056e+04
11,30,3,6.862056e+04
11,30,5,6.862056e+04
11,30,1,1.389614e+04
11,30,2,1.389614e+04
11,30,3,1.389614e+04
11,30,5,1.389614e+04
11,30,1,3.245814e+04
11,30,2,3.245814e+04
11,30,3,3.245814e+04
11,30,5,3.245814e+04
11,30,1,5.115188e+04
11,30,2,5.115188e+04
11,30,3,5.115188e+04
11,30,5,5.115188e+04
11,30,1,8.427863e+03
11,30,2,8.427863e+03
11,30,3,8.427863e+03
11,30,5,8.427863e+03
11,30,1,1.825583e+04
11,30,2,1.825583e+04
11,30,3,1.825583e+04
11,30,5,1.825583e+04
11,30,1,4.614515e+04
11,30,2,4.614515e+04
11,30,3,4.614515e+04
11,30,5,4.614515e+04
11,30,1,6.887044e+04
11,30,2,6.887044e+04
11,30,3,6.887044e+04
11,30,5,6.887044e+04
11,30,1,5.027859e+04
11,30,2,5.027859e+04
11,30,3,5.027859e+04
11,30,5,5.027859e+04
11,30,1,1.907788e+04
11,30,2,1.907788e+04
11,30,3,1.907788e+04
11,30,5,1.907788e+04
11,30,1,2.480039e+04
11,30,2,2.480039e+04
11,30,3,2.480039e+04
11,30,5,2.480039e+04
11,30,1,3.712521e+04
11,30,2,3.712521e+04
11,30,3,3.712521e+04
11,30,5,1.836262e+04
11,30,1,3.710495e+04
11,30,2,3.710495e+04
11,30,3,3.710495e+04
11,30,5,3.710495e+04
11,30,1,9.720570e+04
11,30,2,9.720570e+04
11,30,3,9.720570e+04
11,30,5,9.720570e+04
11,30,1,2.246528e+04
11,30,2,2.246528e+04
11,30,3,2.246528e+04
11,30,5,2.246528e+04
11,30,1,3.567831e+04
11,30,2,3.567831e+04
11,30,3,3.567831e+04
11,30,5,3.567831e+04
11,30,1,2.425041e+04
11,30,2,2.425041e+04
11,30,3,2.425041e+04
11,30,5,2.425041e+04
11,30,1,6.092821e+05
11,30,2,6.092821e+05
11,30,3,6.092821e+05
11,30,5,6.092821e+05
11,30,1,1.142724e+04
11,30,2,1.142724e+04
11,30,3,1.142724e+04
11,30,5,1.142724e+04
11,30,1,2.969824e+04
11,30,2,2.275845e+04
11,30,3,2.275845e+04
11,30,5,2.275845e+04
11,30,1,3.110345e+04
11,30,2,3.110345e+04
11,30,3,3.110345e+04
11,30,5,3.110345e+04
11,30,1,3.006780e+04
11,30,2,3.006780e+04
11,30,3,3.006780e+04
11,30,5,1.883025e+04
11,30,1,4.428125e+04
11,30,2,4.428125e+04
11,30,3,4.428125e+04
11,30,5,4.428125e+04
11,30,1,1.786371e+05
11,30,2,1.786371e+05
11,30,3,1.786371e+05
11,30,5,1.786371e+05
11,30,1,2.965369e+04
11,30,2,2.965369e+04
11,30,3,2.965369e+04
11,30,5,1.954925e+04
11,30,1,2.314132e+04
11,30,2,2.314132e+04
11,30,3,2.314132e+04
11,30,5,2.314132e+04
11,30,1,8.758690e+04
11,30,2,8.758690e+04
11,30,3,8.758690e+04
11,30,5,8.758690e+04
11,30,1,4.263497e+04
11,30,2,4.263497e+04
11,30,3,4.263497e+04
11,30,5,1.242489e+04
11,30,1,3.138293e+04
11,30,2,3.138293e+04
11,30,3,3.138293e+04
11,30,5,3.138293e+04
11,30,1,2.322517e+04
11,30,2,2.322517e+04
11,30,3,2.322517e+04
11,30,5,2.322517e+04
11,30,1,2.388361e+04
11,30,2,2.388361e+04
11,30,3,2.388361e+04
11,30,5,2.388361e+04
11,30,1,5.271003e+04
11,30,2,5.271003e+04
11,30,3,5.271003e+04
11,30,5,5.271003e+04
11,30,1,3.867190e+04
11,30,2,3.867190e+04
11,30,3,3.867190e+04
11,30,5,3.867190e+04
11,30,1,2.696046e+04
11,30,2,2.696046e+04
11,30,3,2.696046e+04
11,30,5,2.696046e+04
11,30,1,6.179876e+04
11,30,2,6.179876e+04
11,30,3,6.179876e+04
11,30,5,6.179876e+04
11,30,1,3.306270e+04
11,30,2,3.306270e+04
11,30,3,3.306270e+04
11,30,5,3.306270e+04
11,30,1,2.446949e+04
11,30,2,2.446949e+04
11,30,3,2.446949e+04
11,30,5,2.446949e+04
11,30,1,6.475788e+04
11,30,2,6.475788e+04
11,30,3,4.285493e+04
11,30,5,3.323661e+04
11,30,1,1.526613e+04
11,30,2,1.105890e+04
11,30,3,1.105890e+04
11,30,5,1.015695e+04
11,30,1,3.725978e+04
11,30,2,3.428779e+04
11,30,3,3.329859e+04
11,30,5,2.147207e+04
11,30,1,2.975169e+04
11,30,2,2.975169e+04
11,30,3,2.435813e+04
11,30,5,1.575902e+04
11,30,1,1.729013e+04
11,30,2,1.603623e+04
11,30,3,1.587790e+04
11,30,5,1.540890e+04
11,30,1,1.712861e+04
11,30,2,1.628556e+04
11,30,3,1.628556e+04
11,30,5,1.628556e+04
11,30,1,3.231311e+04
11,30,2,2.841745e+04
11,30,3,2.266172e+04
11,30,5,1.886086e+04
11,30,1,5.112508e+04
11,30,2,3.024982e+04
11,30,3,1.222068e+04
11,30,5,1.024700e+04
11,30,1,1.834054e+04
11,30,2,1.834054e+04
11,30,3,1.834054e+04
11,30,5,1.179406e+04
11,30,1,2.177296e+04
11,30,2,1.786549e+04
11,30,3,1.786549e+04
11,30,5,1.595636e+04
11,30,1,2.266916e+04
11,30,2,2.078004e+04
11,30,3,1.861133e+04
11,30,5,1.861133e+04
11,30,1,3.426303e+04
11,30,2,3.426303e+04
11,30,3,2.162998e+04
11,30,5,1.643037e+04
11,30,1,1.160617e+04
11,30,2,1.160617e+04
11,30,3,1.144410e+04
11,30,5,1.111596e+04
11,30,1,2.780135e+04
11,30,2,2.684153e+04
11,30,3,2.684153e+04
11,30,5,2.684153e+04
11,30,1,1.206869e+04
11,30,2,1.183210e+04
11,30,3,1.138932e+04
11,30,5,1.138932e+04
11,30,1,4.521405e+04
11,30,2,4.521405e+04
11,30,3,3.010470e+04
11,30,5,1.727561e+04
11,30,1,1.108798e+04
11,30,2,9.630660e+03
11,30,3,9.630660e+03
11,30,5,9.630660e+03
11,30,1,2.448871e+04
11,30,2,2.448871e+04
11,30,3,2.448871e+04
11,30,5,2.448871e+04
11,30,1,2.571919e+04
11,30,2,2.125103e+04
11,30,3,1.996119e+04
11,30,5,1.971621e+04
11,30,1,3.497200e+04
11,30,2,3.497200e+04
11,30,3,1.729352e+04
11,30,5,1.532150e+04
11,30,1,4.318541e+04
11,30,2,2.851934e+04
11,30,3,2.066237e+04
11,30,5,2.066237e+04
11,30,1,1.074643e+04
11,30,2,1.074643e+04
11,30,3,1.074643e+04
11,30,5,1.074643e+04
11,30,1,1.385046e+04
11,30,2,1.385046e+04
11,30,3,1.385046e+04
11,30,5,1.212584e+04
11,30,1,4.250826e+04
11,30,2,2.827275e+04
11,30,3,2.827275e+04
11,30,5,2.827275e+04
11,30,1,1.955299e+04
11,30,2,1.483721e+04
11,30,3,1.350117e+04
11,30,5,1.247839e+04
11,30,1,5.824173e+04
11,30,2,5.824173e+04
11,30,3,1.839119e+04
11,30,5,1.439680e+04
11,30,1,2.177849e+04
11,30,2,2.177849e+04
11,30,3,2.177849e+04
11,30,5,1.377746e+04
11,30,1,2.473238e+04
11,30,2,1.094647e+04
11,30,3,1.094647e+04
11,30,5,1.094647e+04
11,30,1,2.215421e+04
11,30,2,2.195008e+04
11,30,3,2.066236e+04
11,30,5,1.127345e+04
11,30,1,9.694033e+03
11,30,2,9.694033e+03
11,30,3,9.694033e+03
11,30,5,9.694033e+03
11,30,1,1.443397e+04
11,30,2,1.040161e+04
11,30,3,1.040161e+04
11,30,5,1.040161e+04
11,30,1,3.131878e+04
11,30,2,3.131878e+04
11,30,3,3.131878e+04
11,30,5,3.131878e+04
11,30,1,1.247570e+04
11,30,2,1.247570e+04
11,30,3,1.103191e+04
11,30,5,5.331169e+03
11,30,1,4.062300e+04
11,30,2,4.062300e+04
11,30,3,4.062300e+04
11,30,5,4.062300e+04
11,30,1,1.380524e+04
11,30,2,1.119920e+04
11,30,3,1.025631e+04
11,30,5,9.715001e+03
11,30,1,2.983129e+04
11,30,2,2.983129e+04
11,30,3,2.983129e+04
11,30,5,2.983129e+04
11,30,1,3.467534e+04
11,30,2,3.467534e+04
11,30,3,1.325228e+04
11,30,5,1.325228e+04
11,30,1,1.214383e+04
11,30,2,1.214383e+04
11,30,3,1.214383e+04
11,30,5,1.066036e+04
11,30,1,1.189589e+04
11,30,2,1.017233e+04
11,30,3,1.017233e+04
11,30,5,1.017233e+04
11,30,1,1.593036e+04
11,30,2,1.593036e+04
11,30,3,1.192453e+04
11,30,5,1.011698e+04
11,30,1,1.953893e+04
11,30,2,1.953893e+04
11,30,3,1.953893e+04
11,30,5,1.953893e+04
11,30,1,2.739797e+04
11,30,2,1.652566e+04
11,30,3,1.516569e+04
11,30,5,1.307744e+04
11,30,1,2.307411e+04
11,30,2,1.284225e+04
11,30,3,1.284225e+04
11,30,5,1.284225e+04
11,30,1,2.549969e+04
11,30,2,1.147866e+04
11,30,3,1.147866e+04
11,30,5,1.147866e+04
11,30,1,1.541818e+04
11,30,2,9.701767e+03
11,30,3,9.701767e+03
11,30,5,9.701767e+03
11,30,1,1.960039e+04
11,30,2,1.538191e+04
11,30,3,1.538191e+04
11,30,5,1.538191e+04
11,30,1,4.773299e+04
11,30,2,4.773299e+04
11,30,3,1.697178e+04
11,30,5,1.697178e+04
11,30,1,1.889086e+04
11,30,2,1.889086e+04
11,30,3,1.719925e+04
11,30,5,1.597083e+04
11,30,1,1.667180e+04
11,30,2,1.464460e+04
11,30,3,1.464460e+04
11,30,5,1.464460e+04
11,30,1,1.108744e+04
11,30,2,1.108744e+04
11,30,3,8.850499e+03
11,30,5,7.588383e+03
11,30,1,2.632196e+04
11,30,2,2.632196e+04
11,30,3,2.632196e+04
11,30,5,2.632196e+04
11,30,1,1.422386e+04
11,30,2,1.257816e+04
11,30,1,1.698123e+04
11,30,2,1.698123e+04
11,30,1,3.481530e+04
11,30,2,3.481530e+04
11,30,1,1.497831e+04
11,30,2,1.497831e+04
11,30,1,6.893287e+04
11,30,2,6.893287e+04
11,30,1,2.104234e+04
11,30,2,2.104234e+04
11,30,1,3.357403e+04
11,30,2,3.357403e+04
11,30,1,3.974845e+04
11,30,2,3.974845e+04
11,30,1,3.160593e+04
11,30,2,3.160593e+04
11,30,1,1.308417e+04
11,30,2,1.308417e+04
11,30,1,3.351508e+04
11,30,2,3.351508e+04
11,30,1,2.399619e+04
11,30,2,2.399619e+04
11,30,1,4.908060e+04
11,30,2,4.908060e+04
11,30,1,1.105634e+04
11,30,2,1.095208e+04
11,30,1,1.556226e+04
11,30,2,1.556226e+04
11,30,1,3.443076e+04
11,30,2,3.443076e+04
11,30,1,3.604824e+04
11,30,2,2.696877e+04
11,30,1,1.626209e+04
11,30,2,1.626209e+04
11,30,1,1.700731e+04
11,30,2,1.700731e+04
11,30,1,7.858973e+03
11,30,2,7.858973e+03
11,30,1,2.582476e+04
11,30,2,2.582476e+04
11,30,1,7.118626e+04
11,30,2,7.118626e+04
11,30,1,1.535744e+04
11,30,2,3.681856e+03
11,30,1,3.977377e+04
11,30,2,3.977377e+04
11,30,1,1.630944e+04
11,30,2,1.630944e+04
11,30,1,4.592654e+04
11,30,2,4.092320e+04
11,30,1,1.859153e+04
11,30,2,1.756834e+04
11,30,1,2.123027e+04
11,30,2,2.123027e+04
11,30,1,1.905098e+04
11,30,2,1.905098e+04
11,30,1,2.189203e+04
11,30,2,2.069625e+04
11,30,1,2.653752e+04
11,30,2,2.614985e+04
11,30,1,2.157448e+04
11,30,2,2.157448e+04
11,30,1,2.660991e+04
11,30,2,1.817648e+04
11,30,1,3.820026e+04
11,30,2,3.820026e+04
11,30,1,2.088650e+04
11,30,2,2.088650e+04
11,30,1,1.529019e+04
11,30,2,1.489683e+04
11,30,1,1.938783e+04
11,30,2,1.938783e+04
11,30,1,7.439527e+03
11,30,2,7.439527e+03
11,30,1,1.837075e+04
11,30,2,1.837075e+04
11,30,1,1.489513e+04
11,30,2,1.489513e+04
11,30,1,2.450412e+04
11,30,2,2.450412e+04
11,30,1,3.480359e+04
11,30,2,3.480359e+04
11,30,1,2.405152e+04
11,30,2,2.405152e+04
11,30,1,5.159809e+04
11,30,2,5.159809e+04
11,30,1,2.258530e+04
11,30,2,2.258530e+04
11,30,1,1.731287e+04
11,30,2,1.731287e+04
11,30,1,1.399577e+04
11,30,2,1.362800e+04
11,30,1,3.561614e+04
11,30,2,3.561614e+04
11,30,1,1.958083e+04
11,30,2,1.958083e+04
11,30,1,1.359382e+04
11,30,2,1.359382e+04
11,30,1,5.038125e+04
11,30,2,4.545303e+04
11,30,1,2.582671e+04
11,30,2,2.582671e+04
11,30,3,2.582671e+04
11,30,5,2.582671e+04
11,30,10,1.532186e+04
11,30,20,1.181323e+04
11,30,30,1.181323e+04
11,30,1,4.979679e+04
11,30,2,3.027557e+04
11,30,3,1.785716e+04
11,30,5,1.195386e+04
11,30,10,1.195386e+04
11,30,20,1.195386e+04
11,30,30,1.195386e+04
11,30,1,2.638314e+04
11,30,2,2.638314e+04
11,30,3,1.636914e+04
11,30,5,1.199335e+04
11,30,10,1.035253e+04
11,30,20,1.035253e+04
11,30,30,1.035253e+04
11,30,1,2.403946e+04
11,30,2,1.676730e+04
11,30,3,1.676730e+04
11,30,5,1.676730e+04
11,30,10,1.676730e+04
11,30,20,1.010470e+04
11,30,30,1.010470e+04
11,30,1,4.385556e+04
11,30,2,3.596370e+04
11,30,3,3.596370e+04
11,30,5,1.533331e+04
11,30,10,1.506769e+04
11,30,20,1.013986e+04
11,30,30,8.575218e+02
11,30,1,1.237470e+04
11,30,2,1.237470e+04
11,30,3,1.237470e+04
11,30,5,1.193710e+04
11,30,10,1.158040e+04
11,30,20,1.158040e+04
11,30,30,1.158040e+04
11,30,1,2.849993e+04
11,30,2,1.942637e+04
11,30,3,1.942637e+04
11,30,5,9.048821e+03
11,30,10,9.048821e+03
11,30,20,9.048821e+03
11,30,30,9.048821e+03
11,30,1,3.910022e+04
11,30,2,3.910022e+04
11,30,3,3.910022e+04
11,30,5,3.539113e+04
11,30,10,2.059036e+04
11,30,20,1.263123e+04
11,30,30,1.263123e+04
11,30,1,2.839898e+04
11,30,2,2.839898e+04
11,30,3,2.839898e+04
11,30,5,2.839898e+04
11,30,10,2.037400e+04
11,30,20,2.037400e+04
11,30,30,2.037400e+04
11,30,1,4.448232e+04
11,30,2,3.051390e+04
11,30,3,1.726831e+04
11,30,5,1.578008e+04
11,30,10,1.516769e+04
11,30,20,1.449549e+04
11,30,30,1.449549e+04
11,30,1,4.646734e+04
11,30,2,4.646734e+04
11,30,3,1.985157e+04
11,30,5,1.514700e+04
11,30,10,1.514700e+04
11,30,20,6.678649e+03
11,30,30,6.672307e+03
11,30,1,2.885506e+04
11,30,2,2.260813e+04
11,30,3,2.152150e+04
11,30,5,1.621751e+04
11,30,10,1.621751e+04
11,30,20,5.442810e+03
11,30,30,4.894171e+03
11,30,1,3.034985e+04
11,30,2,2.341544e+04
11,30,3,2.341544e+04
11,30,5,2.185074e+04
11,30,10,1.249398e+04
11,30,20,1.249398e+04
11,30,30,1.249398e+04
11,30,1,1.742525e+04
11,30,2,1.742525e+04
11,30,3,1.742525e+04
11,30,5,1.742525e+04
11,30,10,9.292572e+03
11,30,20,9.292572e+03
11,30,30,9.292572e+03
11,30,1,3.908042e+04
11,30,2,1.569048e+04
11,30,3,1.268446e+04
11,30,5,1.268446e+04
11,30,10,1.224062e+04
11,30,20,1.224062e+04
11,30,30,1.224062e+04
11,30,1,1.862655e+04
11,30,2,1.693426e+04
11,30,3,1.679203e+04
11,30,5,1.608623e+04
11,30,10,1.372279e+04
11,30,20,6.532936e+03
11,30,30,6.532936e+03
11,30,1,1.997140e+04
11,30,2,1.997140e+04
11,30,3,1.948082e+04
11,30,5,1.948082e+04
11,30,10,1.443418e+04
11,30,20,1.443418e+04
11,30,30,1.443418e+04
11,30,1,7.401573e+04
11,30,2,2.736823e+04
11,30,3,2.235920e+04
11,30,5,1.706030e+04
11,30,10,1.466623e+04
11,30,20,1.466623e+04
11,30,30,1.466623e+04
11,30,1,1.116960e+04
11,30,2,1.098930e+04
11,30,3,1.098930e+04
11,30,5,1.010891e+04
11,30,10,1.010891e+04
11,30,20,7.148521e+03
11,30,30,7.148521e+03
11,30,1,1.142813e+04
11,30,2,1.112594e+04
11,30,3,9.728179e+03
11,30,5,8.768118e+03
11,30,10,8.768118e+03
11,30,20,8.768118e+03
11,30,30,8.768118e+03
11,30,1,2.543652e+04
11,30,2,2.543652e+04
11,30,3,2.543652e+04
11,30,5,2.543652e+04
11,30,10,2.543652e+04
11,30,20,2.543652e+04
11,30,30,2.543652e+04
11,30,1,1.295054e+04
11,30,2,1.295030e+04
11,30,3,1.291433e+04
11,30,5,1.286528e+04
11,30,10,1.220967e+04
11,30,20,1.220967e+04
11,30,30,1.220967e+04
11,30,1,3.031167e+04
11,30,2,2.571458e+04
11,30,3,2.571458e+04
11,30,5,2.521038e+04
11,30,10,9.739325e+03
11,30,20,4.569123e+03
11,30,30,4.569123e+03
11,30,1,1.121740e+04
11,30,2,1.121740e+04
11,30,3,1.121740e+04
11,30,5,1.121740e+04
11,30,10,1.121740e+04
11,30,20,1.121740e+04
11,30,30,1.121740e+04
11,30,1,2.506174e+04
11,30,2,2.506174e+04
11,30,3,2.506174e+04
11,30,5,1.383229e+04
11,30,10,1.130724e+04
11,30,20,1.130724e+04
11,30,30,1.130724e+04
11,30,1,3.616691e+04
11,30,2,2.814170e+04
11,30,3,2.438084e+04
11,30,5,1.090252e+04
11,30,10,1.033388e+04
11,30,20,5.343556e+03
11,30,30,4.165322e+02
11,30,1,3.244760e+04
11,30,2,3.244760e+04
11,30,3,3.244760e+04
11,30,5,3.244760e+04
11,30,10,3.244760e+04
11,30,20,3.244760e+04
11,30,30,3.244760e+04
11,30,1,4.560333e+04
11,30,2,1.336144e+04
11,30,3,1.336144e+04
11,30,5,1.336144e+04
11,30,10,1.336144e+04
11,30,20,1.336144e+04
11,30,30,1.336144e+04
11,30,1,3.257835e+04
11,30,2,3.257835e+04
11,30,3,3.257835e+04
11,30,5,1.907166e+04
11,30,10,1.316657e+04
11,30,20,6.398522e+03
11,30,30,9.864204e+02
11,30,1,4.548539e+04
11,30,2,4.548539e+04
11,30,3,2.940730e+04
11,30,5,2.940730e+04
11,30,10,1.364169e+04
11,30,20,1.364169e+04
11,30,30,1.364169e+04
11,30,1,2.636475e+04
11,30,2,1.686213e+04
11,30,3,1.686213e+04
11,30,5,1.291083e+04
11,30,10,1.291083e+04
11,30,20,1.291083e+04
11,30,30,1.291083e+04
11,30,1,3.032072e+05
11,30,2,4.861263e+04
11,30,3,4.861263e+04
11,30,5,2.599226e+04
11,30,10,1.556854e+04
11,30,20,1.556854e+04
11,30,30,1.556854e+04
11,30,1,2.967199e+04
11,30,2,2.967199e+04
11,30,3,2.798854e+04
11,30,5,2.030757e+04
11,30,10,2.030757e+04
11,30,20,2.030757e+04
11,30,30,2.030757e+04
11,30,1,3.779167e+04
11,30,2,3.779167e+04
11,30,3,3.779167e+04
11,30,5,3.779167e+04
11,30,10,3.779167e+04
11,30,20,3.779167e+04
11,30,30,3.779167e+04
11,30,1,8.846326e+04
11,30,2,2.978329e+04
11,30,3,2.033842e+04
11,30,5,1.479384e+04
11,30,10,1.479384e+04
11,30,20,5.972189e+03
11,30,30,5.006890e+03
11,30,1,6.987704e+04
11,30,2,6.987704e+04
11,30,3,6.987704e+04
11,30,5,1.226335e+04
11,30,10,1.226335e+04
11,30,20,1.226335e+04
11,30,30,1.226335e+04
11,30,1,1.903957e+04
11,30,2,1.903957e+04
11,30,3,1.451109e+04
11,30,5,7.443386e+03
11,30,10,7.443386e+03
11,30,20,7.443386e+03
11,30,30,7.443386e+03
11,30,1,2.949763e+04
11,30,2,1.560172e+04
11,30,3,1.197937e+04
11,30,5,1.107541e+04
11,30,10,1.107541e+04
11,30,20,1.086821e+04
11,30,30,1.086821e+04
11,30,1,4.544446e+04
11,30,2,1.605031e+04
11,30,3,1.574863e+04
11,30,5,9.980630e+03
11,30,10,9.980630e+03
11,30,20,9.980630e+03
11,30,30,9.980630e+03
11,30,1,7.292522e+04
11,30,2,7.292522e+04
11,30,3,2.320767e+04
11,30,5,1.539888e+04
11,30,10,1.526261e+04
11,30,20,1.526261e+04
11,30,30,1.526261e+04
11,30,1,1.928169e+04
11,30,2,1.700116e+04
11,30,3,1.427910e+04
11,30,5,1.351937e+04
11,30,10,1.351937e+04
11,30,20,1.351937e+04
11,30,30,1.351937e+04
11,30,1,1.805531e+04
11,30,2,1.805531e+04
11,30,3,1.805531e+04
11,30,5,1.805531e+04
11,30,10,1.197208e+04
11,30,20,1.197208e+04
11,30,30,1.197208e+04
11,30,1,7.399852e+03
11,30,2,7.399852e+03
11,30,3,7.399852e+03
11,30,5,7.399852e+03
11,30,10,7.399852e+03
11,30,20,7.399852e+03
11,30,30,7.399852e+03
11,30,1,3.260555e+04
11,30,2,1.730556e+04
11,30,3,1.639524e+04
11,30,5,1.572597e+04
11,30,10,1.561226e+04
11,30,20,1.494862e+04
11,30,30,1.494862e+04
11,30,1,1.840578e+04
11,30,2,1.816667e+04
11,30,3,1.695252e+04
11,30,5,1.695252e+04
11,30,10,1.511318e+04
11,30,20,1.511318e+04
11,30,30,1.511318e+04
11,30,1,1.159640e+04
11,30,2,7.989454e+03
11,30,3,7.968596e+03
11,30,5,7.968596e+03
11,30,10,7.815184e+03
11,30,20,7.815184e+03
11,30,30,7.815184e+03
11,30,1,1.247995e+04
11,30,2,1.247995e+04
11,30,3,1.247995e+04
11,30,5,1.247995e+04
11,30,10,1.247995e+04
11,30,20,1.247995e+04
11,30,30,1.247995e+04
11,30,1,1.030118e+05
11,30,2,2.943557e+04
11,30,3,2.943557e+04
11,30,5,2.943557e+04
11,30,10,2.943557e+04
11,30,20,2.943557e+04
11,30,30,2.943557e+04
11,30,1,4.251382e+04
11,30,2,3.173032e+04
11,30,3,1.269990e+04
11,30,5,1.130466e+04
11,30,10,1.130466e+04
11,30,20,1.130466e+04
11,30,30,1.130466e+04
11,30,1,4.292209e+04
11,30,2,4.292209e+04
11,30,3,3.025471e+04
11,30,5,1.584475e+04
11,30,10,1.371435e+04
11,30,20,1.371435e+04
11,30,30,1.371435e+04
11,30,1,4.576867e+04
11,30,2,4.576867e+04
11,30,3,4.398624e+04
11,30,5,1.397420e+04
11,30,10,1.060963e+04
11,30,20,1.060963e+04
11,30,30,1.060963e+04
11,30,1,2.925046e+04
11,30,2,2.925046e+04
11,30,3,2.925046e+04
11,30,5,2.925046e+04
11,30,1,5.815467e+06
11,30,2,5.815467e+06
11,30,3,5.815467e+06
11,30,5,5.815467e+06
11,30,1,8.178945e+04
11,30,2,8.178945e+04
11,30,3,8.178945e+04
11,30,5,8.178945e+04
11,30,1,1.688836e+04
11,30,2,1.688836e+04
11,30,3,1.688836e+04
11,30,5,1.688836e+04
11,30,1,2.946089e+04
11,30,2,2.946089e+04
11,30,3,2.946089e+04
11,30,5,9.562148e+03
11,30,1,1.485502e+05
11,30,2,1.485502e+05
11,30,3,1.485502e+05
11,30,5,1.485502e+05
11,30,1,7.103821e+04
11,30,2,7.103821e+04
11,30,3,7.103821e+04
11,30,5,7.103821e+04
11,30,1,6.402697e+04
11,30,2,6.402697e+04
11,30,3,6.402697e+04
11,30,5,6.402697e+04
11,30,1,3.130500e+04
11,30,2,3.130500e+04
11,30,3,3.130500e+04
11,30,5,3.130500e+04
11,30,1,1.886629e+04
11,30,2,1.886629e+04
11,30,3,1.886629e+04
11,30,5,1.886629e+04
11,30,1,7.755811e+04
11,30,2,7.755811e+04
11,30,3,7.755811e+04
11,30,5,7.755811e+04
11,30,1,1.682410e+04
11,30,2,1.682410e+04
11,30,3,1.682410e+04
11,30,5,1.682410e+04
11,30,1,4.682900e+04
11,30,2,4.682900e+04
11,30,3,4.682900e+04
11,30,5,4.682900e+04
11,30,1,2.181322e+04
11,30,2,1.368562e+04
11,30,3,1.162321e+04
11,30,5,1.091016e+04
11,30,1,3.604348e+04
11,30,2,3.604348e+04
11,30,3,3.604348e+04
11,30,5,3.604348e+04
11,30,1,1.883337e+05
11,30,2,1.883337e+05
11,30,3,1.883337e+05
11,30,5,1.883337e+05
11,30,1,2.764083e+04
11,30,2,2.764083e+04
11,30,3,2.764083e+04
11,30,5,2.764083e+04
11,30,1,3.332436e+04
11,30,2,3.332436e+04
11,30,3,3.332436e+04
11,30,5,1.323831e+04
11,30,1,1.994654e+04
11,30,2,1.994654e+04
11,30,3,1.994654e+04
11,30,5,1.994654e+04
11,30,1,6.307507e+04
11,30,2,6.307507e+04
11,30,3,6.307507e+04
11,30,5,6.307507e+04
11,30,1,2.008368e+04
11,30,2,2.008368e+04
11,30,3,2.008368e+04
11,30,5,1.669790e+04
11,30,1,3.433005e+04
11,30,2,3.433005e+04
11,30,3,3.433005e+04
11,30,5,3.433005e+04
11,30,1,2.896281e+04
11,30,2,2.896281e+04
11,30,3,2.896281e+04
11,30,5,2.896281e+04
11,30,1,3.394380e+04
11,30,2,3.394380e+04
11,30,3,3.394380e+04
11,30,5,3.394380e+04
11,30,1,2.698603e+04
11,30,2,2.698603e+04
11,30,3,2.698603e+04
11,30,5,2.698603e+04
11,30,1,2.691638e+04
11,30,2,2.691638e+04
11,30,3,2.691638e+04
11,30,5,1.650232e+04
11,30,1,1.317639e+06
11,30,2,1.317639e+06
11,30,3,1.823935e+04
11,30,5,1.823935e+04
11,30,1,2.459797e+04
11,30,2,2.459797e+04
11,30,3,1.773922e+04
11,30,5,1.008725e+04
11,30,1,1.515964e+05
11,30,2,1.515964e+05
11,30,3,1.515964e+05
11,30,5,1.515964e+05
11,30,1,1.347733e+04
11,30,2,1.347733e+04
11,30,3,1.347733e+04
11,30,5,1.347733e+04
11,30,1,2.387432e+04
11,30,2,2.387432e+04
11,30,3,2.387432e+04
11,30,5,2.387432e+04
11,30,1,2.312163e+04
11,30,2,2.312163e+04
11,30,3,2.312163e+04
11,30,5,2.312163e+04
11,30,1,8.258283e+04
11,30,2,8.258283e+04
11,30,3,2.288470e+04
11,30,5,2.288470e+04
11,30,1,9.092197e+04
11,30,2,9.092197e+04
11,30,3,9.092197e+04
11,30,5,9.092197e+04
11,30,1,1.582381e+04
11,30,2,1.582381e+04
11,30,3,1.582381e+04
11,30,5,1.582381e+04
11,30,1,3.336107e+04
11,30,2,3.336107e+04
11,30,3,3.336107e+04
11,30,5,3.336107e+04
11,30,1,2.311707e+04
11,30,2,2.311707e+04
11,30,3,2.311707e+04
11,30,5,2.311707e+04
11,30,1,3.248829e+04
11,30,2,1.082555e+04
11,30,3,1.082555e+04
11,30,5,1.082555e+04
11,30,1,3.420551e+04
11,30,2,3.420551e+04
11,30,3,3.420551e+04
11,30,5,3.420551e+04
11,30,1,4.110081e+06
11,30,2,4.110081e+06
11,30,3,4.110081e+06
11,30,5,4.110081e+06
11,30,1,1.121302e+05
11,30,2,1.121302e+05
11,30,3,1.121302e+05
11,30,5,1.121302e+05
11,30,1,6.661883e+04
11,30,2,6.661883e+04
11,30,3,6.661883e+04
11,30,5,3.525610e+04
11,30,1,5.534750e+04
11,30,2,5.534750e+04
11,30,3,5.534750e+04
11,30,5,5.534750e+04
11,30,1,1.542312e+04
11,30,2,1.542312e+04
11,30,3,1.542312e+04
11,30,5,9.245342e+03
11,30,1,7.206040e+04
11,30,2,7.206040e+04
11,30,3,7.206040e+04
11,30,5,7.206040e+04
11,30,1,1.622823e+04
11,30,2,1.093064e+04
11,30,3,1.093064e+04
11,30,5,9.690335e+03
11,30,1,1.319272e+04
11,30,2,1.319272e+04
11,30,3,1.319272e+04
11,30,5,1.253703e+04
11,30,1,5.137741e+04
11,30,2,5.137741e+04
11,30,3,5.137741e+04
11,30,5,1.579762e+04
11,30,1,4.782154e+04
11,30,2,4.782154e+04
11,30,3,4.782154e+04
11,30,5,4.782154e+04
11,30,1,1.797975e+04
11,30,2,1.797975e+04
11,30,3,1.797975e+04
11,30,5,1.797975e+04
11,30,1,2.577029e+04
11,30,2,2.577029e+04
11,30,3,2.577029e+04
11,30,5,2.577029e+04
