funcid,dim,milestone,error
26,30,1,1.507869e+04
26,30,2,1.507869e+04
26,30,3,1.507869e+04
26,30,5,1.507869e+04
26,30,1,1.113920e+04
26,30,2,1.113920e+04
26,30,3,1.113920e+04
26,30,5,1.113920e+04
26,30,1,1.332781e+04
26,30,2,1.332781e+04
26,30,3,1.332781e+04
26,30,5,1.332781e+04
26,30,1,1.321601e+04
26,30,2,1.321601e+04
26,30,3,1.321601e+04
26,30,5,1.117021e+04
26,30,1,1.343793e+04
26,30,2,1.343793e+04
26,30,3,1.343793e+04
26,30,5,1.343793e+04
26,30,1,1.379445e+04
26,30,2,1.379445e+04
26,30,3,1.379445e+04
26,30,5,1.171005e+04
26,30,1,1.133222e+04
26,30,2,1.133222e+04
26,30,3,1.133222e+04
26,30,5,1.133222e+04
26,30,1,1.014096e+04
26,30,2,1.014096e+04
26,30,3,1.014096e+04
26,30,5,1.014096e+04
26,30,1,1.274748e+04
26,30,2,1.274748e+04
26,30,3,1.274748e+04
26,30,5,1.274748e+04
26,30,1,9.356834e+03
26,30,2,9.356834e+03
26,30,3,9.356834e+03
26,30,5,9.356834e+03
26,30,1,1.364641e+04
26,30,2,1.364641e+04
26,30,3,1.364641e+04
26,30,5,1.364641e+04
26,30,1,9.283400e+03
26,30,2,9.283400e+03
26,30,3,9.283400e+03
26,30,5,9.283400e+03
26,30,1,8.440716e+03
26,30,2,8.440716e+03
26,30,3,8.440716e+03
26,30,5,8.440716e+03
26,30,1,1.215549e+04
26,30,2,1.215549e+04
26,30,3,1.215549e+04
26,30,5,1.215549e+04
26,30,1,1.245066e+04
26,30,2,1.245066e+04
26,30,3,1.245066e+04
26,30,5,1.096726e+04
26,30,1,1.259673e+04
26,30,2,1.259673e+04
26,30,3,1.259673e+04
26,30,5,1.254489e+04
26,30,1,1.673131e+04
26,30,2,1.673131e+04
26,30,3,1.673131e+04
26,30,5,1.673131e+04
26,30,1,1.301324e+04
26,30,2,1.281350e+04
26,30,3,1.281350e+04
26,30,5,1.068578e+04
26,30,1,7.129816e+03
26,30,2,7.129816e+03
26,30,3,7.129816e+03
26,30,5,7.129816e+03
26,30,1,8.181634e+03
26,30,2,8.181634e+03
26,30,3,8.181634e+03
26,30,5,8.181634e+03
26,30,1,1.259219e+04
26,30,2,1.259219e+04
26,30,3,1.259219e+04
26,30,5,1.155614e+04
26,30,1,9.957531e+03
26,30,2,9.957531e+03
26,30,3,9.957531e+03
26,30,5,9.957531e+03
26,30,1,1.218019e+04
26,30,2,1.218019e+04
26,30,3,1.218019e+04
26,30,5,1.218019e+04
26,30,1,1.065391e+04
26,30,2,1.065391e+04
26,30,3,1.065391e+04
26,30,5,1.065391e+04
26,30,1,8.830212e+03
26,30,2,8.830212e+03
26,30,3,8.830212e+03
26,30,5,8.830212e+03
26,30,1,1.278136e+04
26,30,2,1.278136e+04
26,30,3,1.278136e+04
26,30,5,1.278136e+04
26,30,1,8.502900e+03
26,30,2,8.502900e+03
26,30,3,8.502900e+03
26,30,5,8.502900e+03
26,30,1,1.106702e+04
26,30,2,1.106702e+04
26,30,3,1.106702e+04
26,30,5,1.106702e+04
26,30,1,1.187617e+04
26,30,2,1.187617e+04
26,30,3,1.187617e+04
26,30,5,1.187617e+04
26,30,1,1.293924e+04
26,30,2,1.293924e+04
26,30,3,1.293924e+04
26,30,5,1.293924e+04
26,30,1,9.860268e+03
26,30,2,9.860268e+03
26,30,3,9.860268e+03
26,30,5,9.860268e+03
26,30,1,1.197325e+04
26,30,2,1.197325e+04
26,30,3,1.197325e+04
26,30,5,1.197325e+04
26,30,1,1.539403e+04
26,30,2,1.539403e+04
26,30,3,1.539403e+04
26,30,5,1.539403e+04
26,30,1,1.426383e+04
26,30,2,1.426383e+04
26,30,3,1.426383e+04
26,30,5,1.426383e+04
26,30,1,1.377198e+04
26,30,2,1.377198e+04
26,30,3,1.377198e+04
26,30,5,1.377198e+04
26,30,1,9.706816e+03
26,30,2,9.706816e+03
26,30,3,9.706816e+03
26,30,5,9.706816e+03
26,30,1,1.709632e+04
26,30,2,1.709632e+04
26,30,3,1.709632e+04
26,30,5,1.123242e+04
26,30,1,1.487238e+04
26,30,2,1.487238e+04
26,30,3,1.487238e+04
26,30,5,1.487238e+04
26,30,1,1.553794e+04
26,30,2,1.553794e+04
26,30,3,1.553794e+04
26,30,5,1.553794e+04
26,30,1,1.178158e+04
26,30,2,1.178158e+04
26,30,3,1.178158e+04
26,30,5,1.087753e+04
26,30,1,1.449187e+04
26,30,2,1.449187e+04
26,30,3,1.449187e+04
26,30,5,1.449187e+04
26,30,1,1.220245e+04
26,30,2,1.220245e+04
26,30,3,1.220245e+04
26,30,5,1.220245e+04
26,30,1,1.026688e+04
26,30,2,1.026688e+04
26,30,3,1.026688e+04
26,30,5,1.026688e+04
26,30,1,1.357788e+04
26,30,2,1.357788e+04
26,30,3,1.357788e+04
26,30,5,1.357788e+04
26,30,1,1.229968e+04
26,30,2,1.229968e+04
26,30,3,1.229968e+04
26,30,5,9.657792e+03
26,30,1,1.160834e+04
26,30,2,1.160834e+04
26,30,3,1.160834e+04
26,30,5,1.160834e+04
26,30,1,1.262787e+04
26,30,2,1.238421e+04
26,30,3,1.238421e+04
26,30,5,1.238421e+04
26,30,1,1.495193e+04
26,30,2,1.495193e+04
26,30,3,1.495193e+04
26,30,5,1.495193e+04
26,30,1,1.441915e+04
26,30,2,1.441915e+04
26,30,3,1.441915e+04
26,30,5,1.441915e+04
26,30,1,1.066277e+04
26,30,2,1.066277e+04
26,30,3,1.066277e+04
26,30,5,1.066277e+04
26,30,1,1.257431e+04
26,30,2,1.257431e+04
26,30,3,1.257431e+04
26,30,5,1.257431e+04
26,30,1,1.103480e+04
26,30,2,1.103480e+04
26,30,3,1.103480e+04
26,30,5,1.103480e+04
26,30,1,1.064944e+04
26,30,2,1.064944e+04
26,30,3,1.064944e+04
26,30,5,1.064944e+04
26,30,1,1.248980e+04
26,30,2,1.248980e+04
26,30,3,1.248980e+04
26,30,5,1.248980e+04
26,30,1,1.359614e+04
26,30,2,1.310108e+04
26,30,3,1.310108e+04
26,30,5,9.803544e+03
26,30,1,1.200911e+04
26,30,2,1.200911e+04
26,30,3,1.200911e+04
26,30,5,1.200911e+04
26,30,1,9.743979e+03
26,30,2,9.743979e+03
26,30,3,9.743979e+03
26,30,5,9.289133e+03
26,30,1,8.509486e+03
26,30,2,8.509486e+03
26,30,3,8.509486e+03
26,30,5,8.509486e+03
26,30,1,1.215357e+04
26,30,2,1.215357e+04
26,30,3,1.215357e+04
26,30,5,1.215357e+04
26,30,1,1.215463e+04
26,30,2,1.215463e+04
26,30,3,1.215463e+04
26,30,5,1.215463e+04
26,30,1,1.255486e+04
26,30,2,1.255486e+04
26,30,3,1.255486e+04
26,30,5,1.255486e+04
26,30,1,9.136192e+03
26,30,2,9.136192e+03
26,30,3,9.136192e+03
26,30,5,9.136192e+03
26,30,1,1.240907e+04
26,30,2,1.240907e+04
26,30,3,1.240907e+04
26,30,5,1.065986e+04
26,30,1,8.689678e+03
26,30,2,8.689678e+03
26,30,3,8.689678e+03
26,30,5,8.689678e+03
26,30,1,1.417654e+04
26,30,2,1.417654e+04
26,30,3,1.417654e+04
26,30,5,1.417654e+04
26,30,1,1.013877e+04
26,30,2,1.013877e+04
26,30,3,1.013877e+04
26,30,5,1.013877e+04
26,30,1,1.112503e+04
26,30,2,1.112503e+04
26,30,3,1.112503e+04
26,30,5,1.112503e+04
26,30,1,1.304194e+04
26,30,2,1.126615e+04
26,30,3,1.001435e+04
26,30,5,9.777900e+03
26,30,1,9.161455e+03
26,30,2,9.161455e+03
26,30,3,9.161455e+03
26,30,5,9.161455e+03
26,30,1,1.092768e+04
26,30,2,1.092768e+04
26,30,3,1.092768e+04
26,30,5,1.000112e+04
26,30,1,1.045209e+04
26,30,2,1.045209e+04
26,30,3,1.045209e+04
26,30,5,1.045209e+04
26,30,1,1.063077e+04
26,30,2,1.063077e+04
26,30,3,1.063077e+04
26,30,5,1.063077e+04
26,30,1,1.109080e+04
26,30,2,1.109080e+04
26,30,3,1.109080e+04
26,30,5,1.109080e+04
26,30,1,1.367554e+04
26,30,2,1.367554e+04
26,30,3,1.367554e+04
26,30,5,1.367554e+04
26,30,1,1.291089e+04
26,30,2,1.291089e+04
26,30,3,1.291089e+04
26,30,5,1.048769e+04
26,30,1,1.064480e+04
26,30,2,1.064480e+04
26,30,3,1.064480e+04
26,30,5,1.064480e+04
26,30,1,9.655731e+03
26,30,2,9.655731e+03
26,30,3,9.655731e+03
26,30,5,9.655731e+03
26,30,1,8.224874e+03
26,30,2,8.224874e+03
26,30,3,8.224874e+03
26,30,5,8.224874e+03
26,30,1,1.016020e+04
26,30,2,1.016020e+04
26,30,3,1.016020e+04
26,30,5,1.016020e+04
26,30,1,1.361620e+04
26,30,2,1.361620e+04
26,30,3,1.361620e+04
26,30,5,1.361620e+04
26,30,1,1.087169e+04
26,30,2,1.087169e+04
26,30,3,1.087169e+04
26,30,5,1.087169e+04
26,30,1,1.311118e+04
26,30,2,1.311118e+04
26,30,3,1.311118e+04
26,30,5,1.311118e+04
26,30,1,1.365245e+04
26,30,2,1.365245e+04
26,30,3,1.365245e+04
26,30,5,1.365245e+04
26,30,1,1.236861e+04
26,30,2,1.236861e+04
26,30,3,1.236861e+04
26,30,5,1.236861e+04
26,30,1,9.584679e+03
26,30,2,9.584679e+03
26,30,3,9.584679e+03
26,30,5,9.584679e+03
26,30,1,1.322988e+04
26,30,2,1.322988e+04
26,30,3,1.322988e+04
26,30,5,9.372751e+03
26,30,1,1.428545e+04
26,30,2,1.428545e+04
26,30,3,1.428545e+04
26,30,5,1.428545e+04
26,30,1,1.101228e+04
26,30,2,1.101228e+04
26,30,3,1.101228e+04
26,30,5,1.101228e+04
26,30,1,1.177718e+04
26,30,2,1.177718e+04
26,30,3,1.177718e+04
26,30,5,1.177718e+04
26,30,1,9.869553e+03
26,30,2,9.869553e+03
26,30,3,9.869553e+03
26,30,5,9.869553e+03
26,30,1,1.085846e+04
26,30,2,1.085846e+04
26,30,3,1.085846e+04
26,30,5,1.085846e+04
26,30,1,1.331798e+04
26,30,2,1.331798e+04
26,30,3,1.331798e+04
26,30,5,1.331798e+04
26,30,1,1.346648e+04
26,30,2,1.346648e+04
26,30,3,1.346648e+04
26,30,5,1.346648e+04
26,30,1,1.200105e+04
26,30,2,1.200105e+04
26,30,3,1.200105e+04
26,30,5,1.200105e+04
26,30,1,1.095482e+04
26,30,2,1.095482e+04
26,30,3,1.095482e+04
26,30,5,1.095482e+04
26,30,1,1.236063e+04
26,30,2,1.236063e+04
26,30,3,1.236063e+04
26,30,5,1.236063e+04
26,30,1,1.108526e+04
26,30,2,1.108526e+04
26,30,3,1.108526e+04
26,30,5,1.108526e+04
26,30,1,9.591914e+03
26,30,2,9.591914e+03
26,30,3,9.591914e+03
26,30,5,9.591914e+03
26,30,1,1.089292e+04
26,30,2,1.089292e+04
26,30,3,1.089292e+04
26,30,5,1.089292e+04
26,30,1,1.301471e+04
26,30,2,1.301471e+04
26,30,3,1.301471e+04
26,30,5,1.301471e+04
26,30,1,1.155503e+04
26,30,2,1.155503e+04
26,30,3,1.155503e+04
26,30,5,1.155503e+04
26,30,1,1.673172e+04
26,30,2,1.673172e+04
26,30,3,1.673172e+04
26,30,5,1.673172e+04
26,30,1,1.239678e+04
26,30,2,1.239678e+04
26,30,3,1.239678e+04
26,30,5,1.239678e+04
26,30,1,1.226215e+04
26,30,2,1.157812e+04
26,30,3,1.066720e+04
26,30,5,1.066720e+04
26,30,1,1.309536e+04
26,30,2,1.309536e+04
26,30,3,1.309536e+04
26,30,5,1.309536e+04
26,30,1,1.218967e+04
26,30,2,1.218967e+04
26,30,3,1.218967e+04
26,30,5,1.218967e+04
26,30,1,1.633463e+04
26,30,2,1.633463e+04
26,30,3,1.633463e+04
26,30,5,1.633463e+04
26,30,1,1.297632e+04
26,30,2,1.261426e+04
26,30,3,1.259470e+04
26,30,5,1.254376e+04
26,30,1,1.075871e+04
26,30,2,1.075871e+04
26,30,3,1.075871e+04
26,30,5,1.075871e+04
26,30,1,1.374440e+04
26,30,2,1.374440e+04
26,30,3,1.374440e+04
26,30,5,1.009318e+04
26,30,1,1.089448e+04
26,30,2,1.089448e+04
26,30,3,1.089448e+04
26,30,5,1.089448e+04
26,30,1,9.960516e+03
26,30,2,9.960516e+03
26,30,3,9.960516e+03
26,30,5,9.960516e+03
26,30,1,9.759467e+03
26,30,2,9.759467e+03
26,30,3,9.759467e+03
26,30,5,9.759467e+03
26,30,1,1.462144e+04
26,30,2,1.462144e+04
26,30,3,1.462144e+04
26,30,5,1.337082e+04
26,30,1,1.219932e+04
26,30,2,1.219932e+04
26,30,3,1.219932e+04
26,30,5,1.219932e+04
26,30,1,9.695067e+03
26,30,2,9.695067e+03
26,30,3,9.695067e+03
26,30,5,9.695067e+03
26,30,1,1.546615e+04
26,30,2,1.546615e+04
26,30,3,1.546615e+04
26,30,5,1.546615e+04
26,30,1,1.361260e+04
26,30,2,1.361260e+04
26,30,3,1.361260e+04
26,30,5,1.361260e+04
26,30,1,1.241346e+04
26,30,2,1.241346e+04
26,30,3,1.241346e+04
26,30,5,1.241346e+04
26,30,1,1.208503e+04
26,30,2,1.208503e+04
26,30,3,1.208503e+04
26,30,5,1.208503e+04
26,30,1,1.265190e+04
26,30,2,1.265190e+04
26,30,3,1.265190e+04
26,30,5,1.265190e+04
26,30,1,9.618960e+03
26,30,2,9.618960e+03
26,30,3,9.618960e+03
26,30,5,9.618960e+03
26,30,1,1.179698e+04
26,30,2,1.179698e+04
26,30,3,1.179698e+04
26,30,5,1.179698e+04
26,30,1,1.361376e+04
26,30,2,1.361376e+04
26,30,3,1.361376e+04
26,30,5,1.361376e+04
26,30,1,1.157516e+04
26,30,2,1.116094e+04
26,30,3,1.116094e+04
26,30,5,1.116094e+04
26,30,1,1.215476e+04
26,30,2,1.215476e+04
26,30,3,1.215476e+04
26,30,5,1.215476e+04
26,30,1,1.596543e+04
26,30,2,1.596543e+04
26,30,3,1.596543e+04
26,30,5,1.596543e+04
26,30,1,1.126778e+04
26,30,2,1.126778e+04
26,30,3,1.126778e+04
26,30,5,1.126778e+04
26,30,1,1.298088e+04
26,30,2,1.298088e+04
26,30,3,1.298088e+04
26,30,5,1.298088e+04
26,30,1,1.535395e+04
26,30,2,1.535395e+04
26,30,3,1.535395e+04
26,30,5,1.178415e+04
26,30,1,1.146226e+04
26,30,2,1.146226e+04
26,30,3,1.146226e+04
26,30,5,1.146226e+04
26,30,1,1.183077e+04
26,30,2,1.183077e+04
26,30,3,1.183077e+04
26,30,5,1.077665e+04
26,30,1,9.294048e+03
26,30,2,9.294048e+03
26,30,3,9.294048e+03
26,30,5,9.294048e+03
26,30,1,9.385164e+03
26,30,2,9.385164e+03
26,30,3,9.385164e+03
26,30,5,9.385164e+03
26,30,1,1.227831e+04
26,30,2,1.227831e+04
26,30,3,1.227831e+04
26,30,5,1.227831e+04
26,30,1,1.026115e+04
26,30,2,1.026115e+04
26,30,3,1.026115e+04
26,30,5,1.026115e+04
26,30,1,1.594233e+04
26,30,2,1.594233e+04
26,30,3,1.594233e+04
26,30,5,1.594233e+04
26,30,1,1.052066e+04
26,30,2,1.052066e+04
26,30,3,1.052066e+04
26,30,5,1.052066e+04
26,30,1,1.134486e+04
26,30,2,1.134486e+04
26,30,3,1.134486e+04
26,30,5,1.134486e+04
26,30,1,1.305584e+04
26,30,2,1.305584e+04
26,30,3,1.305584e+04
26,30,5,1.305584e+04
26,30,1,1.433144e+04
26,30,2,1.433144e+04
26,30,3,1.433144e+04
26,30,5,1.433144e+04
26,30,1,1.133324e+04
26,30,2,1.133324e+04
26,30,3,1.133324e+04
26,30,5,1.133324e+04
26,30,1,9.005858e+03
26,30,2,9.005858e+03
26,30,3,9.005858e+03
26,30,5,9.005858e+03
26,30,1,1.195228e+04
26,30,2,1.195228e+04
26,30,3,1.195228e+04
26,30,5,1.195228e+04
26,30,1,1.178788e+04
26,30,2,1.178788e+04
26,30,3,1.178788e+04
26,30,5,1.178788e+04
26,30,1,1.482684e+04
26,30,2,1.482684e+04
26,30,3,1.482684e+04
26,30,5,1.482684e+04
26,30,1,1.487385e+04
26,30,2,1.487385e+04
26,30,3,1.487385e+04
26,30,5,1.487385e+04
26,30,1,1.520762e+04
26,30,2,1.520762e+04
26,30,3,1.520762e+04
26,30,5,1.520762e+04
26,30,1,1.226702e+04
26,30,2,1.226702e+04
26,30,3,1.226702e+04
26,30,5,1.226702e+04
26,30,1,1.194645e+04
26,30,2,1.194645e+04
26,30,3,1.194645e+04
26,30,5,1.194645e+04
26,30,1,1.920396e+04
26,30,2,1.920396e+04
26,30,3,1.920396e+04
26,30,5,9.455530e+03
26,30,1,9.065786e+03
26,30,2,9.065786e+03
26,30,3,9.065786e+03
26,30,5,7.881541e+03
26,30,1,1.266494e+04
26,30,2,1.155719e+04
26,30,3,1.155719e+04
26,30,5,1.155719e+04
26,30,1,1.088641e+04
26,30,2,8.101349e+03
26,30,3,7.926920e+03
26,30,5,7.926920e+03
26,30,1,1.126718e+04
26,30,2,1.126718e+04
26,30,3,9.861532e+03
26,30,5,8.615079e+03
26,30,1,1.149229e+04
26,30,2,1.126212e+04
26,30,3,1.126212e+04
26,30,5,1.126212e+04
26,30,1,1.341212e+04
26,30,2,1.341212e+04
26,30,3,1.341212e+04
26,30,5,1.341212e+04
26,30,1,1.290926e+04
26,30,2,1.290926e+04
26,30,3,1.290926e+04
26,30,5,1.290926e+04
26,30,1,1.089761e+04
26,30,2,1.089761e+04
26,30,3,1.089761e+04
26,30,5,1.089761e+04
26,30,1,9.962655e+03
26,30,2,9.802450e+03
26,30,3,9.802450e+03
26,30,5,9.802450e+03
26,30,1,9.186003e+03
26,30,2,9.136739e+03
26,30,3,9.136090e+03
26,30,5,8.803371e+03
26,30,1,1.086041e+04
26,30,2,1.086041e+04
26,30,3,1.077867e+04
26,30,5,1.065037e+04
26,30,1,1.310017e+04
26,30,2,1.160264e+04
26,30,3,1.141253e+04
26,30,5,1.141253e+04
26,30,1,9.045303e+03
26,30,2,9.045303e+03
26,30,3,9.045303e+03
26,30,5,9.045303e+03
26,30,1,8.582671e+03
26,30,2,8.582671e+03
26,30,3,8.582671e+03
26,30,5,8.582671e+03
26,30,1,9.727259e+03
26,30,2,9.680705e+03
26,30,3,9.680705e+03
26,30,5,9.680705e+03
26,30,1,8.801477e+03
26,30,2,8.801477e+03
26,30,3,8.801477e+03
26,30,5,8.801477e+03
26,30,1,9.598823e+03
26,30,2,9.598823e+03
26,30,3,9.598823e+03
26,30,5,9.598823e+03
26,30,1,1.052875e+04
26,30,2,1.052875e+04
26,30,3,1.052875e+04
26,30,5,1.052875e+04
26,30,1,1.331148e+04
26,30,2,1.331148e+04
26,30,3,1.331148e+04
26,30,5,1.331148e+04
26,30,1,1.230512e+04
26,30,2,1.230512e+04
26,30,3,1.230512e+04
26,30,5,1.230512e+04
26,30,1,1.236041e+04
26,30,2,1.219452e+04
26,30,3,1.215293e+04
26,30,5,1.215293e+04
26,30,1,1.052436e+04
26,30,2,1.040675e+04
26,30,3,1.039972e+04
26,30,5,1.039972e+04
26,30,1,1.209345e+04
26,30,2,1.209345e+04
26,30,3,1.209345e+04
26,30,5,1.209345e+04
26,30,1,8.382792e+03
26,30,2,8.154826e+03
26,30,3,8.154826e+03
26,30,5,8.154826e+03
26,30,1,1.041420e+04
26,30,2,1.041420e+04
26,30,3,1.041420e+04
26,30,5,1.041420e+04
26,30,1,1.001864e+04
26,30,2,1.001864e+04
26,30,3,1.001864e+04
26,30,5,1.001864e+04
26,30,1,1.097640e+04
26,30,2,1.097640e+04
26,30,3,9.668139e+03
26,30,5,9.668139e+03
26,30,1,1.073680e+04
26,30,2,1.073680e+04
26,30,3,1.073680e+04
26,30,5,1.073680e+04
26,30,1,1.120712e+04
26,30,2,1.120712e+04
26,30,3,1.120712e+04
26,30,5,1.120712e+04
26,30,1,1.158307e+04
26,30,2,1.158307e+04
26,30,3,1.158307e+04
26,30,5,1.158307e+04
26,30,1,9.493888e+03
26,30,2,9.493888e+03
26,30,3,9.493888e+03
26,30,5,9.493888e+03
26,30,1,1.166658e+04
26,30,2,1.143549e+04
26,30,3,1.143549e+04
26,30,5,1.143549e+04
26,30,1,1.072356e+04
26,30,2,1.072356e+04
26,30,3,1.072356e+04
26,30,5,1.072356e+04
26,30,1,8.324218e+03
26,30,2,8.161882e+03
26,30,3,8.161882e+03
26,30,5,8.161882e+03
26,30,1,1.078286e+04
26,30,2,1.069002e+04
26,30,3,1.069002e+04
26,30,5,1.069002e+04
26,30,1,1.163941e+04
26,30,2,1.163941e+04
26,30,3,1.074138e+04
26,30,5,1.021951e+04
26,30,1,1.012223e+04
26,30,2,8.868955e+03
26,30,3,8.868955e+03
26,30,5,8.868955e+03
26,30,1,9.432526e+03
26,30,2,9.432526e+03
26,30,3,9.432526e+03
26,30,5,9.432526e+03
26,30,1,7.805021e+03
26,30,2,7.180855e+03
26,30,3,7.180855e+03
26,30,5,7.123766e+03
26,30,1,8.523427e+03
26,30,2,8.523427e+03
26,30,3,8.523427e+03
26,30,5,8.523427e+03
26,30,1,1.221189e+04
26,30,2,1.221189e+04
26,30,3,1.221189e+04
26,30,5,1.221189e+04
26,30,1,1.092653e+04
26,30,2,1.092653e+04
26,30,3,1.092653e+04
26,30,5,1.092653e+04
26,30,1,8.846251e+03
26,30,2,8.846251e+03
26,30,3,8.792364e+03
26,30,5,8.389544e+03
26,30,1,1.181856e+04
26,30,2,1.137001e+04
26,30,3,1.111742e+04
26,30,5,1.111742e+04
26,30,1,1.063460e+04
26,30,2,1.063460e+04
26,30,3,1.063460e+04
26,30,5,1.063460e+04
26,30,1,1.018409e+04
26,30,2,9.631519e+03
26,30,3,9.412055e+03
26,30,5,9.217358e+03
26,30,1,1.359934e+04
26,30,2,1.359934e+04
26,30,3,1.359934e+04
26,30,5,1.359934e+04
26,30,1,8.414220e+03
26,30,2,8.414220e+03
26,30,3,8.414220e+03
26,30,5,8.414220e+03
26,30,1,1.252582e+04
26,30,2,1.188965e+04
26,30,3,1.188965e+04
26,30,5,1.188965e+04
26,30,1,1.083383e+04
26,30,2,1.083383e+04
26,30,3,1.083383e+04
26,30,5,1.083383e+04
26,30,1,1.155807e+04
26,30,2,1.155807e+04
26,30,3,1.155807e+04
26,30,5,1.155807e+04
26,30,1,1.710462e+04
26,30,2,1.710462e+04
26,30,3,1.710462e+04
26,30,5,1.111616e+04
26,30,1,9.660099e+03
26,30,2,9.660099e+03
26,30,3,9.660099e+03
26,30,5,9.660099e+03
26,30,1,1.296877e+04
26,30,2,1.296877e+04
26,30,1,1.218314e+04
26,30,2,1.218314e+04
26,30,1,1.358826e+04
26,30,2,1.358826e+04
26,30,1,1.144660e+04
26,30,2,1.144660e+04
26,30,1,1.250599e+04
26,30,2,1.083107e+04
26,30,1,1.060519e+04
26,30,2,1.060519e+04
26,30,1,1.439891e+04
26,30,2,1.439891e+04
26,30,1,1.250715e+04
26,30,2,1.250715e+04
26,30,1,1.246437e+04
26,30,2,1.246437e+04
26,30,1,8.781664e+03
26,30,2,8.269355e+03
26,30,1,8.032799e+03
26,30,2,8.032799e+03
26,30,1,1.027299e+04
26,30,2,1.027299e+04
26,30,1,1.338146e+04
26,30,2,1.338146e+04
26,30,1,1.159232e+04
26,30,2,1.159232e+04
26,30,1,1.115930e+04
26,30,2,1.061015e+04
26,30,1,1.146332e+04
26,30,2,1.146332e+04
26,30,1,1.102131e+04
26,30,2,1.102131e+04
26,30,1,9.361954e+03
26,30,2,9.361954e+03
26,30,1,1.378468e+04
26,30,2,1.263197e+04
26,30,1,1.042302e+04
26,30,2,1.042302e+04
26,30,1,1.298640e+04
26,30,2,1.274661e+04
26,30,1,1.107928e+04
26,30,2,1.107928e+04
26,30,1,1.114143e+04
26,30,2,1.114143e+04
26,30,1,1.505470e+04
26,30,2,1.091090e+04
26,30,1,1.329320e+04
26,30,2,1.023032e+04
26,30,1,1.271010e+04
26,30,2,1.271010e+04
26,30,1,1.010337e+04
26,30,2,1.010337e+04
26,30,1,8.479904e+03
26,30,2,7.981966e+03
26,30,1,1.155973e+04
26,30,2,1.155973e+04
26,30,1,8.399126e+03
26,30,2,8.399126e+03
26,30,1,1.068520e+04
26,30,2,9.512821e+03
26,30,1,1.207870e+04
26,30,2,1.207870e+04
26,30,1,1.423022e+04
26,30,2,1.177434e+04
26,30,1,6.888864e+03
26,30,2,6.888864e+03
26,30,1,9.139559e+03
26,30,2,9.139559e+03
26,30,1,1.106912e+04
26,30,2,1.106912e+04
26,30,1,1.264485e+04
26,30,2,1.264485e+04
26,30,1,1.119327e+04
26,30,2,1.119327e+04
26,30,1,7.675167e+03
26,30,2,7.675167e+03
26,30,1,9.765555e+03
26,30,2,9.765555e+03
26,30,1,1.002031e+04
26,30,2,1.002031e+04
26,30,1,1.047551e+04
26,30,2,1.047551e+04
26,30,1,1.344802e+04
26,30,2,1.344802e+04
26,30,1,1.134259e+04
26,30,2,1.134259e+04
26,30,1,1.065013e+04
26,30,2,1.065013e+04
26,30,1,1.138919e+04
26,30,2,1.138919e+04
26,30,1,1.119988e+04
26,30,2,1.070521e+04
26,30,1,1.133250e+04
26,30,2,1.133250e+04
26,30,1,1.312239e+04
26,30,2,8.880947e+03
26,30,1,1.179767e+04
26,30,2,1.179767e+04
26,30,1,9.480399e+03
26,30,2,9.480399e+03
26,30,1,1.039137e+04
26,30,2,1.039137e+04
26,30,3,1.039137e+04
26,30,5,1.039137e+04
26,30,10,1.039137e+04
26,30,20,1.039137e+04
26,30,30,1.039137e+04
26,30,1,8.118564e+03
26,30,2,7.762599e+03
26,30,3,7.762599e+03
26,30,5,7.762599e+03
26,30,10,7.762599e+03
26,30,20,7.762599e+03
26,30,30,7.762599e+03
26,30,1,1.352676e+04
26,30,2,1.352676e+04
26,30,3,1.352676e+04
26,30,5,1.209712e+04
26,30,10,1.198337e+04
26,30,20,1.198337e+04
26,30,30,1.198337e+04
26,30,1,1.056102e+04
26,30,2,1.056102e+04
26,30,3,1.056102e+04
26,30,5,1.056102e+04
26,30,10,1.056102e+04
26,30,20,1.056102e+04
26,30,30,1.056102e+04
26,30,1,1.012511e+04
26,30,2,9.283361e+03
26,30,3,9.283361e+03
26,30,5,9.283361e+03
26,30,10,9.283361e+03
26,30,20,9.153872e+03
26,30,30,9.153872e+03
26,30,1,1.231351e+04
26,30,2,1.231351e+04
26,30,3,1.231351e+04
26,30,5,1.231351e+04
26,30,10,1.231351e+04
26,30,20,1.231351e+04
26,30,30,1.231351e+04
26,30,1,8.964332e+03
26,30,2,8.964332e+03
26,30,3,8.964332e+03
26,30,5,8.964332e+03
26,30,10,8.964332e+03
26,30,20,7.291606e+03
26,30,30,7.291606e+03
26,30,1,1.093059e+04
26,30,2,1.093059e+04
26,30,3,1.093059e+04
26,30,5,1.093059e+04
26,30,10,1.093059e+04
26,30,20,1.093059e+04
26,30,30,1.093059e+04
26,30,1,1.029912e+04
26,30,2,8.928686e+03
26,30,3,8.807874e+03
26,30,5,8.807874e+03
26,30,10,8.595687e+03
26,30,20,7.458719e+03
26,30,30,7.458719e+03
26,30,1,1.346155e+04
26,30,2,1.346155e+04
26,30,3,1.346155e+04
26,30,5,1.064674e+04
26,30,10,1.027838e+04
26,30,20,1.027838e+04
26,30,30,1.027838e+04
26,30,1,8.393153e+03
26,30,2,8.393153e+03
26,30,3,8.393153e+03
26,30,5,8.393153e+03
26,30,10,8.393153e+03
26,30,20,8.229191e+03
26,30,30,8.229191e+03
26,30,1,9.254677e+03
26,30,2,9.254677e+03
26,30,3,9.254677e+03
26,30,5,9.254677e+03
26,30,10,9.254677e+03
26,30,20,9.254677e+03
26,30,30,9.254677e+03
26,30,1,1.105049e+04
26,30,2,1.105049e+04
26,30,3,1.105049e+04
26,30,5,1.105049e+04
26,30,10,1.105049e+04
26,30,20,1.105049e+04
26,30,30,1.105049e+04
26,30,1,8.623071e+03
26,30,2,8.623071e+03
26,30,3,8.623071e+03
26,30,5,8.623071e+03
26,30,10,8.623071e+03
26,30,20,8.623071e+03
26,30,30,8.623071e+03
26,30,1,1.293780e+04
26,30,2,1.248573e+04
26,30,3,1.248573e+04
26,30,5,1.248573e+04
26,30,10,1.046111e+04
26,30,20,9.588217e+03
26,30,30,9.588217e+03
26,30,1,9.555247e+03
26,30,2,9.539011e+03
26,30,3,8.793362e+03
26,30,5,8.633267e+03
26,30,10,8.633267e+03
26,30,20,8.633267e+03
26,30,30,8.633267e+03
26,30,1,1.177002e+04
26,30,2,1.136273e+04
26,30,3,1.094653e+04
26,30,5,1.094653e+04
26,30,10,1.094653e+04
26,30,20,1.094653e+04
26,30,30,1.094653e+04
26,30,1,1.392843e+04
26,30,2,1.293235e+04
26,30,3,1.275340e+04
26,30,5,1.256759e+04
26,30,10,1.256759e+04
26,30,20,1.256759e+04
26,30,30,1.256759e+04
26,30,1,1.086344e+04
26,30,2,1.086344e+04
26,30,3,1.071591e+04
26,30,5,1.071591e+04
26,30,10,9.417957e+03
26,30,20,9.417957e+03
26,30,30,9.417957e+03
26,30,1,1.093099e+04
26,30,2,1.031642e+04
26,30,3,1.031642e+04
26,30,5,1.031642e+04
26,30,10,7.670756e+03
26,30,20,7.670756e+03
26,30,30,7.670756e+03
26,30,1,1.124731e+04
26,30,2,1.124731e+04
26,30,3,1.106733e+04
26,30,5,1.106733e+04
26,30,10,1.077522e+04
26,30,20,1.077522e+04
26,30,30,1.077522e+04
26,30,1,1.174362e+04
26,30,2,1.077102e+04
26,30,3,1.077102e+04
26,30,5,1.077102e+04
26,30,10,1.077102e+04
26,30,20,1.077102e+04
26,30,30,1.077102e+04
26,30,1,9.352031e+03
26,30,2,9.352031e+03
26,30,3,7.555608e+03
26,30,5,7.555608e+03
26,30,10,6.809167e+03
26,30,20,6.780243e+03
26,30,30,6.780243e+03
26,30,1,1.416598e+04
26,30,2,1.235174e+04
26,30,3,1.207903e+04
26,30,5,1.207903e+04
26,30,10,1.207903e+04
26,30,20,1.207903e+04
26,30,30,1.207903e+04
26,30,1,1.524325e+04
26,30,2,1.394145e+04
26,30,3,1.293650e+04
26,30,5,9.886992e+03
26,30,10,9.758051e+03
26,30,20,8.526403e+03
26,30,30,8.526403e+03
26,30,1,1.009623e+04
26,30,2,1.009623e+04
26,30,3,1.009623e+04
26,30,5,1.009623e+04
26,30,10,1.009623e+04
26,30,20,1.009623e+04
26,30,30,1.009623e+04
26,30,1,1.301044e+04
26,30,2,1.301044e+04
26,30,3,1.301044e+04
26,30,5,1.301044e+04
26,30,10,1.283435e+04
26,30,20,1.272027e+04
26,30,30,1.272027e+04
26,30,1,9.866907e+03
26,30,2,9.866907e+03
26,30,3,9.866907e+03
26,30,5,9.866907e+03
26,30,10,9.866907e+03
26,30,20,9.657049e+03
26,30,30,9.657049e+03
26,30,1,7.276609e+03
26,30,2,7.264463e+03
26,30,3,7.264463e+03
26,30,5,7.264463e+03
26,30,10,7.264463e+03
26,30,20,7.264463e+03
26,30,30,7.264463e+03
26,30,1,1.135657e+04
26,30,2,9.298868e+03
26,30,3,9.298868e+03
26,30,5,9.298868e+03
26,30,10,9.298868e+03
26,30,20,9.298868e+03
26,30,30,9.298868e+03
26,30,1,1.064873e+04
26,30,2,9.909443e+03
26,30,3,9.909443e+03
26,30,5,9.909443e+03
26,30,10,8.200983e+03
26,30,20,8.200983e+03
26,30,30,8.200983e+03
26,30,1,1.013345e+04
26,30,2,8.689487e+03
26,30,3,8.689487e+03
26,30,5,8.689487e+03
26,30,10,8.689487e+03
26,30,20,8.689487e+03
26,30,30,8.689487e+03
26,30,1,1.066126e+04
26,30,2,1.066126e+04
26,30,3,1.066126e+04
26,30,5,1.066126e+04
26,30,10,1.009817e+04
26,30,20,7.191970e+03
26,30,30,7.191970e+03
26,30,1,1.084255e+04
26,30,2,1.084255e+04
26,30,3,8.716167e+03
26,30,5,8.527397e+03
26,30,10,8.101721e+03
26,30,20,8.101721e+03
26,30,30,8.101721e+03
26,30,1,1.413674e+04
26,30,2,1.266485e+04
26,30,3,1.266485e+04
26,30,5,1.266485e+04
26,30,10,1.266485e+04
26,30,20,1.266485e+04
26,30,30,1.266485e+04
26,30,1,1.422974e+04
26,30,2,1.422974e+04
26,30,3,1.422974e+04
26,30,5,1.422974e+04
26,30,10,1.422974e+04
26,30,20,1.422974e+04
26,30,30,1.422974e+04
26,30,1,7.729136e+03
26,30,2,7.729136e+03
26,30,3,7.729136e+03
26,30,5,7.729136e+03
26,30,10,7.729136e+03
26,30,20,7.729136e+03
26,30,30,7.729136e+03
26,30,1,1.207705e+04
26,30,2,1.207705e+04
26,30,3,1.207705e+04
26,30,5,1.207705e+04
26,30,10,1.207705e+04
26,30,20,1.207705e+04
26,30,30,1.207705e+04
26,30,1,9.394580e+03
26,30,2,9.376703e+03
26,30,3,9.324824e+03
26,30,5,8.414846e+03
26,30,10,8.414846e+03
26,30,20,8.273228e+03
26,30,30,8.273228e+03
26,30,1,9.971398e+03
26,30,2,9.971398e+03
26,30,3,9.971398e+03
26,30,5,9.971398e+03
26,30,10,9.971398e+03
26,30,20,9.971398e+03
26,30,30,9.971398e+03
26,30,1,9.689231e+03
26,30,2,9.689231e+03
26,30,3,9.689231e+03
26,30,5,9.689231e+03
26,30,10,9.689231e+03
26,30,20,9.689231e+03
26,30,30,9.689231e+03
26,30,1,8.956856e+03
26,30,2,8.956856e+03
26,30,3,8.956856e+03
26,30,5,8.956856e+03
26,30,10,8.956856e+03
26,30,20,8.956856e+03
26,30,30,8.956856e+03
26,30,1,8.159531e+03
26,30,2,8.159531e+03
26,30,3,8.159531e+03
26,30,5,8.159531e+03
26,30,10,8.159531e+03
26,30,20,8.159531e+03
26,30,30,8.159531e+03
26,30,1,1.065828e+04
26,30,2,1.065828e+04
26,30,3,1.065828e+04
26,30,5,1.065828e+04
26,30,10,1.065828e+04
26,30,20,1.065828e+04
26,30,30,1.065828e+04
26,30,1,8.239597e+03
26,30,2,8.239597e+03
26,30,3,8.239597e+03
26,30,5,8.239597e+03
26,30,10,8.239597e+03
26,30,20,8.239597e+03
26,30,30,8.239597e+03
26,30,1,7.743294e+03
26,30,2,6.892685e+03
26,30,3,6.892685e+03
26,30,5,6.892685e+03
26,30,10,6.892685e+03
26,30,20,6.892685e+03
26,30,30,6.892685e+03
26,30,1,1.642135e+04
26,30,2,1.642135e+04
26,30,3,1.255181e+04
26,30,5,1.251227e+04
26,30,10,8.459765e+03
26,30,20,8.459765e+03
26,30,30,8.459765e+03
26,30,1,1.357981e+04
26,30,2,1.357981e+04
26,30,3,1.357981e+04
26,30,5,1.357981e+04
26,30,10,1.201141e+04
26,30,20,1.201141e+04
26,30,30,1.201141e+04
26,30,1,8.063749e+03
26,30,2,8.063749e+03
26,30,3,8.063749e+03
26,30,5,8.063749e+03
26,30,10,8.063749e+03
26,30,20,8.063749e+03
26,30,30,8.063749e+03
26,30,1,9.614363e+03
26,30,2,9.261464e+03
26,30,3,9.261464e+03
26,30,5,9.261464e+03
26,30,10,9.261464e+03
26,30,20,9.261464e+03
26,30,30,9.261464e+03
26,30,1,1.646342e+04
26,30,2,1.083019e+04
26,30,3,8.985029e+03
26,30,5,8.985029e+03
26,30,10,8.985029e+03
26,30,20,8.985029e+03
26,30,30,8.985029e+03
26,30,1,1.464697e+04
26,30,2,1.464697e+04
26,30,3,1.464697e+04
26,30,5,1.464697e+04
26,30,1,1.094996e+04
26,30,2,9.957471e+03
26,30,3,8.888420e+03
26,30,5,8.888420e+03
26,30,1,1.357760e+04
26,30,2,1.357760e+04
26,30,3,1.357760e+04
26,30,5,1.357760e+04
26,30,1,1.056879e+04
26,30,2,1.056879e+04
26,30,3,1.056879e+04
26,30,5,1.056879e+04
26,30,1,1.631945e+04
26,30,2,1.631945e+04
26,30,3,1.631945e+04
26,30,5,1.071065e+04
26,30,1,1.304225e+04
26,30,2,1.304225e+04
26,30,3,1.304225e+04
26,30,5,1.304225e+04
26,30,1,1.131696e+04
26,30,2,1.131696e+04
26,30,3,1.131696e+04
26,30,5,1.131696e+04
26,30,1,1.263293e+04
26,30,2,1.263293e+04
26,30,3,1.263293e+04
26,30,5,1.263293e+04
26,30,1,1.058398e+04
26,30,2,1.058398e+04
26,30,3,1.058398e+04
26,30,5,1.058398e+04
26,30,1,9.126180e+03
26,30,2,9.126180e+03
26,30,3,9.126180e+03
26,30,5,9.126180e+03
26,30,1,1.291683e+04
26,30,2,1.291683e+04
26,30,3,1.291683e+04
26,30,5,1.291683e+04
26,30,1,1.152895e+04
26,30,2,1.152895e+04
26,30,3,1.152895e+04
26,30,5,1.152895e+04
26,30,1,1.366093e+04
26,30,2,1.366093e+04
26,30,3,1.252993e+04
26,30,5,1.049278e+04
26,30,1,1.346390e+04
26,30,2,1.309868e+04
26,30,3,1.309868e+04
26,30,5,1.133218e+04
26,30,1,1.469638e+04
26,30,2,1.195760e+04
26,30,3,1.195760e+04
26,30,5,1.195760e+04
26,30,1,1.354306e+04
26,30,2,1.354306e+04
26,30,3,1.354306e+04
26,30,5,1.073836e+04
26,30,1,1.438891e+04
26,30,2,1.438891e+04
26,30,3,1.438891e+04
26,30,5,1.438891e+04
26,30,1,1.366463e+04
26,30,2,1.366463e+04
26,30,3,1.366463e+04
26,30,5,1.366463e+04
26,30,1,1.707325e+04
26,30,2,1.707325e+04
26,30,3,1.707325e+04
26,30,5,1.707325e+04
26,30,1,1.226221e+04
26,30,2,1.226221e+04
26,30,3,1.226221e+04
26,30,5,1.226221e+04
26,30,1,1.147121e+04
26,30,2,1.147121e+04
26,30,3,1.147121e+04
26,30,5,1.147121e+04
26,30,1,1.219808e+04
26,30,2,1.219808e+04
26,30,3,1.219808e+04
26,30,5,1.219808e+04
26,30,1,1.127930e+04
26,30,2,1.127930e+04
26,30,3,1.127930e+04
26,30,5,1.121554e+04
26,30,1,1.230732e+04
26,30,2,1.230732e+04
26,30,3,1.230732e+04
26,30,5,1.230732e+04
26,30,1,8.374159e+03
26,30,2,8.374159e+03
26,30,3,8.374159e+03
26,30,5,8.374159e+03
26,30,1,1.440114e+04
26,30,2,1.440114e+04
26,30,3,1.440114e+04
26,30,5,1.440114e+04
26,30,1,1.789470e+04
26,30,2,1.789470e+04
26,30,3,1.789470e+04
26,30,5,1.789470e+04
26,30,1,1.129390e+04
26,30,2,1.129390e+04
26,30,3,1.129390e+04
26,30,5,1.129390e+04
26,30,1,1.448088e+04
26,30,2,1.448088e+04
26,30,3,1.448088e+04
26,30,5,1.448088e+04
26,30,1,1.594109e+04
26,30,2,1.594109e+04
26,30,3,1.594109e+04
26,30,5,9.344548e+03
26,30,1,1.156949e+04
26,30,2,1.156949e+04
26,30,3,1.156949e+04
26,30,5,1.156949e+04
26,30,1,1.257094e+04
26,30,2,1.257094e+04
26,30,3,1.257094e+04
26,30,5,1.257094e+04
26,30,1,9.607882e+03
26,30,2,9.607882e+03
26,30,3,9.607882e+03
26,30,5,9.607882e+03
26,30,1,1.182414e+04
26,30,2,1.182414e+04
26,30,3,1.182414e+04
26,30,5,1.182414e+04
26,30,1,1.124988e+04
26,30,2,1.124988e+04
26,30,3,1.124988e+04
26,30,5,1.124988e+04
26,30,1,7.575837e+03
26,30,2,7.575837e+03
26,30,3,7.575837e+03
26,30,5,7.575837e+03
26,30,1,1.111864e+04
26,30,2,1.111864e+04
26,30,3,1.111864e+04
26,30,5,1.111864e+04
26,30,1,1.309611e+04
26,30,2,1.309611e+04
26,30,3,1.309611e+04
26,30,5,1.309611e+04
26,30,1,1.259507e+04
26,30,2,1.259507e+04
26,30,3,1.259507e+04
26,30,5,1.259507e+04
26,30,1,8.861316e+03
26,30,2,8.861316e+03
26,30,3,8.861316e+03
26,30,5,8.861316e+03
26,30,1,1.338968e+04
26,30,2,1.216589e+04
26,30,3,1.216589e+04
26,30,5,1.216589e+04
26,30,1,9.547002e+03
26,30,2,9.547002e+03
26,30,3,9.547002e+03
26,30,5,9.547002e+03
26,30,1,1.405146e+04
26,30,2,1.405146e+04
26,30,3,1.405146e+04
26,30,5,1.405146e+04
26,30,1,1.512665e+04
26,30,2,1.512665e+04
26,30,3,1.512665e+04
26,30,5,1.044186e+04
26,30,1,1.145664e+04
26,30,2,1.145664e+04
26,30,3,1.145664e+04
26,30,5,1.145664e+04
26,30,1,1.710939e+04
26,30,2,1.710939e+04
26,30,3,1.710939e+04
26,30,5,1.710939e+04
26,30,1,1.088887e+04
26,30,2,1.088887e+04
26,30,3,1.088887e+04
26,30,5,1.088887e+04
26,30,1,9.424770e+03
26,30,2,9.424770e+03
26,30,3,9.424770e+03
26,30,5,9.424770e+03
26,30,1,8.349661e+03
26,30,2,8.349661e+03
26,30,3,8.349661e+03
26,30,5,8.349661e+03
26,30,1,1.035257e+04
26,30,2,1.035257e+04
26,30,3,1.035257e+04
26,30,5,1.035257e+04
26,30,1,1.275626e+04
26,30,2,1.275626e+04
26,30,3,1.275626e+04
26,30,5,1.275626e+04
