funcid,dim,milestone,error
18,30,1,8.174018e+08
18,30,2,8.174018e+08
18,30,3,8.174018e+08
18,30,5,8.174018e+08
18,30,1,5.402318e+07
18,30,2,5.402318e+07
18,30,3,5.402318e+07
18,30,5,5.402318e+07
18,30,1,3.494908e+08
18,30,2,3.494908e+08
18,30,3,3.494908e+08
18,30,5,3.494908e+08
18,30,1,5.550311e+08
18,30,2,5.550311e+08
18,30,3,5.550311e+08
18,30,5,2.405475e+08
18,30,1,1.473333e+09
18,30,2,1.473333e+09
18,30,3,1.473333e+09
18,30,5,1.473333e+09
18,30,1,3.244989e+08
18,30,2,3.244989e+08
18,30,3,3.244989e+08
18,30,5,3.244989e+08
18,30,1,5.259481e+08
18,30,2,5.259481e+08
18,30,3,5.259481e+08
18,30,5,5.259481e+08
18,30,1,8.436380e+08
18,30,2,8.436380e+08
18,30,3,8.436380e+08
18,30,5,8.436380e+08
18,30,1,9.108116e+08
18,30,2,9.108116e+08
18,30,3,9.108116e+08
18,30,5,9.108116e+08
18,30,1,2.348607e+08
18,30,2,2.348607e+08
18,30,3,2.348607e+08
18,30,5,2.348607e+08
18,30,1,8.538836e+07
18,30,2,8.538836e+07
18,30,3,8.538836e+07
18,30,5,8.538836e+07
18,30,1,2.104001e+08
18,30,2,2.104001e+08
18,30,3,2.104001e+08
18,30,5,2.104001e+08
18,30,1,1.272854e+08
18,30,2,1.272854e+08
18,30,3,1.272854e+08
18,30,5,1.272854e+08
18,30,1,1.634108e+09
18,30,2,1.634108e+09
18,30,3,1.634108e+09
18,30,5,1.634108e+09
18,30,1,8.097759e+08
18,30,2,8.097759e+08
18,30,3,8.097759e+08
18,30,5,8.097759e+08
18,30,1,6.765235e+08
18,30,2,6.765235e+08
18,30,3,6.765235e+08
18,30,5,6.765235e+08
18,30,1,2.561318e+08
18,30,2,2.561318e+08
18,30,3,2.561318e+08
18,30,5,2.561318e+08
18,30,1,3.734582e+08
18,30,2,3.734582e+08
18,30,3,3.734582e+08
18,30,5,3.734582e+08
18,30,1,2.071384e+08
18,30,2,2.071384e+08
18,30,3,2.071384e+08
18,30,5,2.071384e+08
18,30,1,2.307871e+09
18,30,2,2.307871e+09
18,30,3,2.307871e+09
18,30,5,2.307871e+09
18,30,1,3.872180e+08
18,30,2,3.872180e+08
18,30,3,3.872180e+08
18,30,5,1.629241e+08
18,30,1,1.830986e+09
18,30,2,1.830986e+09
18,30,3,1.830986e+09
18,30,5,1.332854e+08
18,30,1,4.263388e+08
18,30,2,4.263388e+08
18,30,3,4.263388e+08
18,30,5,4.263388e+08
18,30,1,2.163752e+09
18,30,2,2.163752e+09
18,30,3,2.163752e+09
18,30,5,2.163752e+09
18,30,1,1.370235e+09
18,30,2,1.370235e+09
18,30,3,1.370235e+09
18,30,5,1.370235e+09
18,30,1,3.389185e+08
18,30,2,3.389185e+08
18,30,3,3.389185e+08
18,30,5,3.389185e+08
18,30,1,3.487787e+07
18,30,2,3.487787e+07
18,30,3,3.487787e+07
18,30,5,3.487787e+07
18,30,1,5.233155e+08
18,30,2,5.233155e+08
18,30,3,5.233155e+08
18,30,5,5.233155e+08
18,30,1,9.121998e+08
18,30,2,9.121998e+08
18,30,3,9.121998e+08
18,30,5,9.121998e+08
18,30,1,2.675775e+09
18,30,2,2.675775e+09
18,30,3,2.675775e+09
18,30,5,2.675775e+09
18,30,1,3.495250e+08
18,30,2,3.495250e+08
18,30,3,3.495250e+08
18,30,5,3.495250e+08
18,30,1,4.328409e+08
18,30,2,4.328409e+08
18,30,3,4.328409e+08
18,30,5,4.328409e+08
18,30,1,2.791925e+08
18,30,2,2.791925e+08
18,30,3,2.791925e+08
18,30,5,2.791925e+08
18,30,1,1.356745e+09
18,30,2,1.356745e+09
18,30,3,1.356745e+09
18,30,5,1.356745e+09
18,30,1,9.759626e+08
18,30,2,9.759626e+08
18,30,3,9.759626e+08
18,30,5,9.759626e+08
18,30,1,1.110025e+09
18,30,2,1.110025e+09
18,30,3,1.110025e+09
18,30,5,1.110025e+09
18,30,1,1.175239e+09
18,30,2,1.175239e+09
18,30,3,1.175239e+09
18,30,5,1.175239e+09
18,30,1,1.149949e+08
18,30,2,1.149949e+08
18,30,3,1.149949e+08
18,30,5,1.149949e+08
18,30,1,1.811256e+08
18,30,2,1.811256e+08
18,30,3,1.811256e+08
18,30,5,1.811256e+08
18,30,1,9.647863e+08
18,30,2,9.647863e+08
18,30,3,9.647863e+08
18,30,5,9.647863e+08
18,30,1,6.630216e+07
18,30,2,6.630216e+07
18,30,3,6.630216e+07
18,30,5,6.630216e+07
18,30,1,1.021069e+09
18,30,2,1.021069e+09
18,30,3,1.021069e+09
18,30,5,1.021069e+09
18,30,1,1.337415e+08
18,30,2,1.337415e+08
18,30,3,1.337415e+08
18,30,5,1.337415e+08
18,30,1,3.613773e+08
18,30,2,3.613773e+08
18,30,3,3.613773e+08
18,30,5,3.613773e+08
18,30,1,4.266752e+08
18,30,2,4.266752e+08
18,30,3,4.266752e+08
18,30,5,4.266752e+08
18,30,1,9.644191e+07
18,30,2,9.644191e+07
18,30,3,9.644191e+07
18,30,5,9.644191e+07
18,30,1,4.177484e+08
18,30,2,4.177484e+08
18,30,3,4.177484e+08
18,30,5,4.177484e+08
18,30,1,1.065963e+08
18,30,2,1.065963e+08
18,30,3,1.065963e+08
18,30,5,1.065963e+08
18,30,1,1.367880e+09
18,30,2,1.367880e+09
18,30,3,1.367880e+09
18,30,5,1.367880e+09
18,30,1,3.860372e+08
18,30,2,3.860372e+08
18,30,3,3.860372e+08
18,30,5,3.860372e+08
18,30,1,1.107957e+09
18,30,2,1.107957e+09
18,30,3,1.107957e+09
18,30,5,1.107957e+09
18,30,1,9.182422e+08
18,30,2,9.182422e+08
18,30,3,9.182422e+08
18,30,5,2.844822e+08
18,30,1,3.788178e+08
18,30,2,3.788178e+08
18,30,3,3.788178e+08
18,30,5,3.788178e+08
18,30,1,4.458548e+08
18,30,2,4.458548e+08
18,30,3,4.458548e+08
18,30,5,4.458548e+08
18,30,1,1.386416e+09
18,30,2,1.386416e+09
18,30,3,1.386416e+09
18,30,5,1.386416e+09
18,30,1,7.972550e+08
18,30,2,7.972550e+08
18,30,3,7.972550e+08
18,30,5,7.972550e+08
18,30,1,4.233400e+08
18,30,2,4.233400e+08
18,30,3,4.233400e+08
18,30,5,4.233400e+08
18,30,1,4.267249e+08
18,30,2,4.267249e+08
18,30,3,4.267249e+08
18,30,5,4.267249e+08
18,30,1,7.899225e+08
18,30,2,7.899225e+08
18,30,3,7.899225e+08
18,30,5,7.899225e+08
18,30,1,1.568669e+08
18,30,2,1.568669e+08
18,30,3,1.568669e+08
18,30,5,1.568669e+08
18,30,1,4.456292e+08
18,30,2,4.456292e+08
18,30,3,4.456292e+08
18,30,5,4.456292e+08
18,30,1,1.603696e+08
18,30,2,1.603696e+08
18,30,3,1.603696e+08
18,30,5,1.603696e+08
18,30,1,2.227304e+08
18,30,2,2.227304e+08
18,30,3,2.227304e+08
18,30,5,2.227304e+08
18,30,1,2.988575e+08
18,30,2,2.988575e+08
18,30,3,2.988575e+08
18,30,5,2.988575e+08
18,30,1,6.676240e+08
18,30,2,6.676240e+08
18,30,3,6.676240e+08
18,30,5,6.676240e+08
18,30,1,4.221127e+07
18,30,2,4.221127e+07
18,30,3,4.221127e+07
18,30,5,4.221127e+07
18,30,1,3.711798e+08
18,30,2,3.711798e+08
18,30,3,3.711798e+08
18,30,5,3.711798e+08
18,30,1,1.066373e+09
18,30,2,1.066373e+09
18,30,3,1.066373e+09
18,30,5,1.063702e+09
18,30,1,5.965549e+08
18,30,2,5.965549e+08
18,30,3,5.965549e+08
18,30,5,5.965549e+08
18,30,1,7.727321e+08
18,30,2,7.727321e+08
18,30,3,7.727321e+08
18,30,5,7.727321e+08
18,30,1,1.282657e+09
18,30,2,1.282657e+09
18,30,3,1.282657e+09
18,30,5,1.282657e+09
18,30,1,3.122618e+08
18,30,2,3.122618e+08
18,30,3,3.122618e+08
18,30,5,3.122618e+08
18,30,1,1.385345e+08
18,30,2,1.385345e+08
18,30,3,1.385345e+08
18,30,5,1.385345e+08
18,30,1,1.349683e+07
18,30,2,1.349683e+07
18,30,3,1.349683e+07
18,30,5,1.349683e+07
18,30,1,4.464933e+08
18,30,2,4.464933e+08
18,30,3,4.464933e+08
18,30,5,4.464933e+08
18,30,1,1.917742e+08
18,30,2,1.917742e+08
18,30,3,1.917742e+08
18,30,5,1.917742e+08
18,30,1,3.108992e+08
18,30,2,3.108992e+08
18,30,3,3.108992e+08
18,30,5,3.108992e+08
18,30,1,2.470082e+09
18,30,2,2.470082e+09
18,30,3,2.470082e+09
18,30,5,2.470082e+09
18,30,1,7.657627e+08
18,30,2,7.657627e+08
18,30,3,7.657627e+08
18,30,5,7.657627e+08
18,30,1,2.864549e+08
18,30,2,2.864549e+08
18,30,3,2.864549e+08
18,30,5,2.864549e+08
18,30,1,2.764617e+08
18,30,2,2.764617e+08
18,30,3,2.764617e+08
18,30,5,2.764617e+08
18,30,1,1.129958e+09
18,30,2,1.129958e+09
18,30,3,1.129958e+09
18,30,5,1.272067e+08
18,30,1,3.771850e+08
18,30,2,3.771850e+08
18,30,3,3.771850e+08
18,30,5,3.771850e+08
18,30,1,1.007009e+09
18,30,2,1.007009e+09
18,30,3,1.007009e+09
18,30,5,1.007009e+09
18,30,1,3.604972e+08
18,30,2,3.604972e+08
18,30,3,3.604972e+08
18,30,5,3.604972e+08
18,30,1,1.347008e+09
18,30,2,6.868857e+08
18,30,3,6.868857e+08
18,30,5,6.868857e+08
18,30,1,2.082353e+08
18,30,2,2.082353e+08
18,30,3,2.082353e+08
18,30,5,2.082353e+08
18,30,1,2.931075e+08
18,30,2,2.931075e+08
18,30,3,2.931075e+08
18,30,5,2.931075e+08
18,30,1,1.661956e+08
18,30,2,1.661956e+08
18,30,3,1.661956e+08
18,30,5,1.661956e+08
18,30,1,7.706651e+08
18,30,2,7.706651e+08
18,30,3,7.706651e+08
18,30,5,7.706651e+08
18,30,1,4.387498e+08
18,30,2,4.387498e+08
18,30,3,4.387498e+08
18,30,5,4.387498e+08
18,30,1,8.786383e+08
18,30,2,8.786383e+08
18,30,3,8.786383e+08
18,30,5,8.786383e+08
18,30,1,7.252793e+08
18,30,2,7.252793e+08
18,30,3,7.252793e+08
18,30,5,7.252793e+08
18,30,1,2.307526e+08
18,30,2,2.307526e+08
18,30,3,2.307526e+08
18,30,5,2.307526e+08
18,30,1,7.866303e+08
18,30,2,7.866303e+08
18,30,3,7.866303e+08
18,30,5,7.866303e+08
18,30,1,1.800976e+08
18,30,2,1.800976e+08
18,30,3,1.800976e+08
18,30,5,1.800976e+08
18,30,1,1.285674e+08
18,30,2,1.285674e+08
18,30,3,1.285674e+08
18,30,5,1.285674e+08
18,30,1,2.285857e+09
18,30,2,2.285857e+09
18,30,3,2.285857e+09
18,30,5,2.285857e+09
18,30,1,4.785785e+08
18,30,2,4.785785e+08
18,30,3,4.785785e+08
18,30,5,4.785785e+08
18,30,1,4.382884e+08
18,30,2,4.382884e+08
18,30,3,4.382884e+08
18,30,5,4.382884e+08
18,30,1,1.147449e+09
18,30,2,1.147449e+09
18,30,3,1.147449e+09
18,30,5,1.147449e+09
18,30,1,4.448092e+08
18,30,2,4.448092e+08
18,30,3,4.448092e+08
18,30,5,4.448092e+08
18,30,1,8.685968e+08
18,30,2,8.685968e+08
18,30,3,8.685968e+08
18,30,5,8.685968e+08
18,30,1,5.048048e+08
18,30,2,5.048048e+08
18,30,3,5.048048e+08
18,30,5,5.048048e+08
18,30,1,2.656039e+09
18,30,2,2.656039e+09
18,30,3,2.656039e+09
18,30,5,2.656039e+09
18,30,1,2.311923e+08
18,30,2,2.311923e+08
18,30,3,2.311923e+08
18,30,5,2.311923e+08
18,30,1,3.398659e+08
18,30,2,3.398659e+08
18,30,3,3.398659e+08
18,30,5,3.398659e+08
18,30,1,5.620682e+08
18,30,2,5.620682e+08
18,30,3,5.620682e+08
18,30,5,5.620682e+08
18,30,1,3.832185e+08
18,30,2,3.832185e+08
18,30,3,3.832185e+08
18,30,5,3.832185e+08
18,30,1,4.022244e+08
18,30,2,4.022244e+08
18,30,3,4.022244e+08
18,30,5,4.022244e+08
18,30,1,1.309160e+09
18,30,2,1.309160e+09
18,30,3,1.309160e+09
18,30,5,1.309160e+09
18,30,1,7.851942e+08
18,30,2,7.851942e+08
18,30,3,7.851942e+08
18,30,5,7.851942e+08
18,30,1,1.431187e+09
18,30,2,1.431187e+09
18,30,3,1.431187e+09
18,30,5,1.431187e+09
18,30,1,3.658361e+08
18,30,2,3.658361e+08
18,30,3,3.658361e+08
18,30,5,3.658361e+08
18,30,1,9.440240e+08
18,30,2,9.440240e+08
18,30,3,9.440240e+08
18,30,5,9.440240e+08
18,30,1,2.366164e+09
18,30,2,2.366164e+09
18,30,3,2.366164e+09
18,30,5,2.366164e+09
18,30,1,2.280982e+08
18,30,2,2.280982e+08
18,30,3,2.280982e+08
18,30,5,2.280982e+08
18,30,1,3.208309e+08
18,30,2,3.208309e+08
18,30,3,3.208309e+08
18,30,5,3.208309e+08
18,30,1,2.863433e+08
18,30,2,2.863433e+08
18,30,3,2.863433e+08
18,30,5,2.863433e+08
18,30,1,2.298451e+08
18,30,2,2.298451e+08
18,30,3,2.298451e+08
18,30,5,2.298451e+08
18,30,1,1.040795e+09
18,30,2,8.008670e+08
18,30,3,8.008670e+08
18,30,5,8.008670e+08
18,30,1,4.401479e+08
18,30,2,4.401479e+08
18,30,3,4.401479e+08
18,30,5,4.401479e+08
18,30,1,5.069352e+07
18,30,2,5.069352e+07
18,30,3,5.069352e+07
18,30,5,5.069352e+07
18,30,1,3.612004e+08
18,30,2,3.612004e+08
18,30,3,3.612004e+08
18,30,5,3.612004e+08
18,30,1,2.915534e+08
18,30,2,2.915534e+08
18,30,3,2.915534e+08
18,30,5,2.915534e+08
18,30,1,5.527002e+08
18,30,2,5.527002e+08
18,30,3,5.527002e+08
18,30,5,5.527002e+08
18,30,1,5.671613e+07
18,30,2,5.671613e+07
18,30,3,5.671613e+07
18,30,5,5.671613e+07
18,30,1,1.753677e+08
18,30,2,1.753677e+08
18,30,3,1.753677e+08
18,30,5,1.753677e+08
18,30,1,5.078638e+08
18,30,2,5.078638e+08
18,30,3,5.078638e+08
18,30,5,5.078638e+08
18,30,1,1.390029e+09
18,30,2,1.390029e+09
18,30,3,8.100610e+08
18,30,5,8.100610e+08
18,30,1,1.938941e+08
18,30,2,1.938941e+08
18,30,3,1.938941e+08
18,30,5,1.938941e+08
18,30,1,2.719649e+08
18,30,2,2.719649e+08
18,30,3,2.719649e+08
18,30,5,2.719649e+08
18,30,1,2.989990e+08
18,30,2,2.989990e+08
18,30,3,2.989990e+08
18,30,5,2.989990e+08
18,30,1,4.767695e+07
18,30,2,4.767695e+07
18,30,3,4.767695e+07
18,30,5,4.767695e+07
18,30,1,6.388049e+08
18,30,2,6.388049e+08
18,30,3,6.388049e+08
18,30,5,6.388049e+08
18,30,1,4.860390e+08
18,30,2,4.860390e+08
18,30,3,4.860390e+08
18,30,5,4.860390e+08
18,30,1,1.766418e+09
18,30,2,1.766418e+09
18,30,3,1.766418e+09
18,30,5,1.766418e+09
18,30,1,1.976973e+08
18,30,2,1.976973e+08
18,30,3,1.976973e+08
18,30,5,1.976973e+08
18,30,1,9.046309e+08
18,30,2,9.046309e+08
18,30,3,9.046309e+08
18,30,5,9.046309e+08
18,30,1,6.406015e+08
18,30,2,6.406015e+08
18,30,3,6.406015e+08
18,30,5,6.406015e+08
18,30,1,2.606067e+09
18,30,2,2.606067e+09
18,30,3,2.606067e+09
18,30,5,2.606067e+09
18,30,1,1.473389e+08
18,30,2,1.473389e+08
18,30,3,1.473389e+08
18,30,5,1.473389e+08
18,30,1,9.691307e+08
18,30,2,9.691307e+08
18,30,3,9.691307e+08
18,30,5,9.691307e+08
18,30,1,8.154242e+08
18,30,2,8.154242e+08
18,30,3,8.154242e+08
18,30,5,8.154242e+08
18,30,1,1.415301e+08
18,30,2,1.415301e+08
18,30,3,1.415301e+08
18,30,5,1.415301e+08
18,30,1,1.733986e+09
18,30,2,1.733986e+09
18,30,3,1.733986e+09
18,30,5,1.733986e+09
18,30,1,8.379687e+08
18,30,2,8.379687e+08
18,30,3,8.379687e+08
18,30,5,8.379687e+08
18,30,1,6.806388e+08
18,30,2,6.806388e+08
18,30,3,6.806388e+08
18,30,5,6.806388e+08
18,30,1,1.035114e+09
18,30,2,1.035114e+09
18,30,3,1.035114e+09
18,30,5,1.035114e+09
18,30,1,7.012987e+08
18,30,2,7.012987e+08
18,30,3,7.012987e+08
18,30,5,7.012987e+08
18,30,1,1.695971e+08
18,30,2,1.695971e+08
18,30,3,1.695971e+08
18,30,5,1.695971e+08
18,30,1,5.944005e+08
18,30,2,5.944005e+08
18,30,3,5.944005e+08
18,30,5,5.944005e+08
18,30,1,1.852362e+09
18,30,2,1.852362e+09
18,30,3,1.852362e+09
18,30,5,1.852362e+09
18,30,1,3.497480e+08
18,30,2,3.497480e+08
18,30,3,3.497480e+08
18,30,5,3.497480e+08
18,30,1,9.070213e+08
18,30,2,9.070213e+08
18,30,3,8.390003e+08
18,30,5,8.390003e+08
18,30,1,4.276082e+08
18,30,2,4.276082e+08
18,30,3,4.276082e+08
18,30,5,4.276082e+08
18,30,1,4.511271e+08
18,30,2,1.960896e+08
18,30,3,9.231027e+07
18,30,5,9.231027e+07
18,30,1,2.083424e+09
18,30,2,2.083424e+09
18,30,3,2.083424e+09
18,30,5,2.083424e+09
18,30,1,6.768080e+08
18,30,2,6.768080e+08
18,30,3,6.768080e+08
18,30,5,6.387941e+08
18,30,1,8.984201e+07
18,30,2,8.984201e+07
18,30,3,8.984201e+07
18,30,5,8.984201e+07
18,30,1,1.043533e+08
18,30,2,1.043533e+08
18,30,3,1.043533e+08
18,30,5,1.043533e+08
18,30,1,1.381850e+08
18,30,2,1.381850e+08
18,30,3,1.381850e+08
18,30,5,1.381850e+08
18,30,1,3.726830e+08
18,30,2,3.726830e+08
18,30,3,3.726830e+08
18,30,5,3.726830e+08
18,30,1,2.393272e+08
18,30,2,2.393272e+08
18,30,3,2.393272e+08
18,30,5,2.393272e+08
18,30,1,2.499791e+08
18,30,2,2.499791e+08
18,30,3,2.499791e+08
18,30,5,2.499791e+08
18,30,1,5.119681e+08
18,30,2,5.119681e+08
18,30,3,5.119681e+08
18,30,5,5.119681e+08
18,30,1,3.673822e+08
18,30,2,3.673822e+08
18,30,3,3.673822e+08
18,30,5,3.673822e+08
18,30,1,6.432277e+08
18,30,2,6.184411e+08
18,30,3,6.184411e+08
18,30,5,6.184411e+08
18,30,1,1.408609e+09
18,30,2,1.408609e+09
18,30,3,1.408609e+09
18,30,5,1.408609e+09
18,30,1,1.258472e+08
18,30,2,1.258472e+08
18,30,3,1.258472e+08
18,30,5,1.258472e+08
18,30,1,3.597376e+08
18,30,2,3.597376e+08
18,30,3,3.597376e+08
18,30,5,3.597376e+08
18,30,1,2.024533e+08
18,30,2,2.024533e+08
18,30,3,2.024533e+08
18,30,5,2.024533e+08
18,30,1,3.396524e+08
18,30,2,3.161690e+08
18,30,3,3.161690e+08
18,30,5,2.957583e+08
18,30,1,3.555810e+08
18,30,2,3.555810e+08
18,30,3,3.555810e+08
18,30,5,3.555810e+08
18,30,1,1.715820e+08
18,30,2,1.644078e+08
18,30,3,1.644078e+08
18,30,5,1.644078e+08
18,30,1,7.240725e+07
18,30,2,6.160104e+07
18,30,3,6.160104e+07
18,30,5,6.160104e+07
18,30,1,2.006108e+08
18,30,2,2.006108e+08
18,30,3,2.006108e+08
18,30,5,2.006108e+08
18,30,1,8.015959e+08
18,30,2,7.917068e+08
18,30,3,7.917068e+08
18,30,5,7.917068e+08
18,30,1,1.029801e+09
18,30,2,1.029801e+09
18,30,3,1.029801e+09
18,30,5,1.029801e+09
18,30,1,1.093468e+08
18,30,2,1.093468e+08
18,30,3,1.093468e+08
18,30,5,1.093468e+08
18,30,1,3.485128e+08
18,30,2,3.485128e+08
18,30,3,3.485128e+08
18,30,5,3.485128e+08
18,30,1,2.299532e+08
18,30,2,4.204207e+07
18,30,3,3.566094e+07
18,30,5,3.566094e+07
18,30,1,7.068544e+08
18,30,2,6.207394e+08
18,30,3,6.207394e+08
18,30,5,5.785510e+08
18,30,1,1.132568e+09
18,30,2,1.132568e+09
18,30,3,1.132568e+09
18,30,5,1.132568e+09
18,30,1,1.024201e+08
18,30,2,1.024201e+08
18,30,3,1.024201e+08
18,30,5,1.024201e+08
18,30,1,2.924493e+08
18,30,2,2.924493e+08
18,30,3,2.924493e+08
18,30,5,2.924493e+08
18,30,1,1.544835e+08
18,30,2,1.544835e+08
18,30,3,1.544835e+08
18,30,5,1.544835e+08
18,30,1,4.132908e+08
18,30,2,1.014917e+08
18,30,3,6.291414e+07
18,30,5,6.291414e+07
18,30,1,8.344770e+07
18,30,2,8.344770e+07
18,30,3,8.344770e+07
18,30,5,3.304035e+07
18,30,1,7.775389e+07
18,30,2,7.571362e+07
18,30,3,6.831212e+07
18,30,5,6.420745e+07
18,30,1,2.366066e+08
18,30,2,2.366066e+08
18,30,3,2.366066e+08
18,30,5,2.366066e+08
18,30,1,3.483635e+08
18,30,2,3.483635e+08
18,30,3,3.483635e+08
18,30,5,3.483635e+08
18,30,1,2.005232e+08
18,30,2,1.879334e+08
18,30,3,1.879334e+08
18,30,5,1.879334e+08
18,30,1,2.762526e+08
18,30,2,1.632028e+08
18,30,3,1.632028e+08
18,30,5,1.632028e+08
18,30,1,1.184343e+08
18,30,2,1.184343e+08
18,30,3,1.184343e+08
18,30,5,1.184343e+08
18,30,1,6.291252e+08
18,30,2,6.291252e+08
18,30,3,6.291252e+08
18,30,5,6.291252e+08
18,30,1,4.138275e+08
18,30,2,4.138275e+08
18,30,3,4.138275e+08
18,30,5,4.138275e+08
18,30,1,7.587792e+08
18,30,2,7.587792e+08
18,30,3,7.587792e+08
18,30,5,7.587792e+08
18,30,1,1.871797e+08
18,30,2,1.871797e+08
18,30,3,1.871797e+08
18,30,5,1.871797e+08
18,30,1,2.997928e+07
18,30,2,2.997928e+07
18,30,3,2.997928e+07
18,30,5,2.997928e+07
18,30,1,1.673202e+08
18,30,2,1.660970e+08
18,30,3,1.660970e+08
18,30,5,1.660970e+08
18,30,1,4.742148e+08
18,30,2,4.742148e+08
18,30,3,4.742148e+08
18,30,5,4.742148e+08
18,30,1,8.344301e+08
18,30,2,8.344301e+08
18,30,3,8.344301e+08
18,30,5,8.344301e+08
18,30,1,6.159294e+07
18,30,2,6.159294e+07
18,30,3,6.159294e+07
18,30,5,6.159294e+07
18,30,1,6.159673e+08
18,30,2,6.159673e+08
18,30,1,1.467516e+08
18,30,2,1.467516e+08
18,30,1,1.912335e+08
18,30,2,1.912335e+08
18,30,1,1.505216e+09
18,30,2,1.505216e+09
18,30,1,6.821610e+08
18,30,2,6.821610e+08
18,30,1,4.093265e+08
18,30,2,4.093265e+08
18,30,1,1.194009e+09
18,30,2,1.555977e+08
18,30,1,1.661850e+08
18,30,2,1.661850e+08
18,30,1,1.335867e+08
18,30,2,1.335867e+08
18,30,1,1.076166e+08
18,30,2,1.076166e+08
18,30,1,3.832573e+08
18,30,2,3.832573e+08
18,30,1,1.601729e+09
18,30,2,1.601729e+09
18,30,1,1.919220e+09
18,30,2,1.919220e+09
18,30,1,3.448298e+08
18,30,2,3.448298e+08
18,30,1,1.642366e+08
18,30,2,1.642366e+08
18,30,1,9.695481e+07
18,30,2,9.695481e+07
18,30,1,5.488946e+07
18,30,2,5.488946e+07
18,30,1,2.626952e+07
18,30,2,2.626952e+07
18,30,1,1.424139e+08
18,30,2,1.424139e+08
18,30,1,5.339196e+08
18,30,2,5.339196e+08
18,30,1,4.593336e+08
18,30,2,4.593336e+08
18,30,1,1.304167e+08
18,30,2,6.720982e+07
18,30,1,1.707902e+08
18,30,2,1.707902e+08
18,30,1,6.126751e+08
18,30,2,6.126751e+08
18,30,1,3.534807e+08
18,30,2,3.534807e+08
18,30,1,9.348572e+07
18,30,2,9.348572e+07
18,30,1,8.600484e+07
18,30,2,8.600484e+07
18,30,1,4.420643e+07
18,30,2,3.659184e+07
18,30,1,5.659125e+07
18,30,2,5.659125e+07
18,30,1,7.374733e+08
18,30,2,7.374733e+08
18,30,1,8.265887e+08
18,30,2,8.265887e+08
18,30,1,1.346413e+09
18,30,2,1.346413e+09
18,30,1,2.697259e+08
18,30,2,2.697259e+08
18,30,1,1.271160e+08
18,30,2,1.271160e+08
18,30,1,8.816311e+07
18,30,2,8.816311e+07
18,30,1,5.582871e+08
18,30,2,5.582871e+08
18,30,1,1.687024e+08
18,30,2,1.470995e+08
18,30,1,3.873428e+08
18,30,2,3.180880e+08
18,30,1,1.305798e+08
18,30,2,1.305798e+08
18,30,1,7.325724e+08
18,30,2,7.325724e+08
18,30,1,5.001598e+07
18,30,2,5.001598e+07
18,30,1,1.253843e+09
18,30,2,1.253843e+09
18,30,1,5.939795e+08
18,30,2,5.939795e+08
18,30,1,2.382626e+08
18,30,2,2.382626e+08
18,30,1,5.360738e+07
18,30,2,5.360738e+07
18,30,1,6.882373e+08
18,30,2,6.882373e+08
18,30,1,3.873594e+08
18,30,2,3.873594e+08
18,30,1,5.549726e+08
18,30,2,5.549726e+08
18,30,1,3.678745e+07
18,30,2,3.678745e+07
18,30,1,3.323537e+07
18,30,2,3.323537e+07
18,30,1,8.136434e+07
18,30,2,8.136434e+07
18,30,1,7.945402e+08
18,30,2,7.945402e+08
18,30,3,7.945402e+08
18,30,5,7.945402e+08
18,30,10,7.945402e+08
18,30,20,7.945402e+08
18,30,30,7.945402e+08
18,30,1,1.605571e+08
18,30,2,1.438964e+08
18,30,3,1.438964e+08
18,30,5,9.198937e+07
18,30,10,4.514883e+07
18,30,20,4.514883e+07
18,30,30,4.514883e+07
18,30,1,1.027481e+08
18,30,2,1.027481e+08
18,30,3,1.027481e+08
18,30,5,8.302776e+07
18,30,10,8.302776e+07
18,30,20,6.814658e+07
18,30,30,6.814658e+07
18,30,1,1.329543e+09
18,30,2,1.329543e+09
18,30,3,1.329543e+09
18,30,5,1.329543e+09
18,30,10,1.329543e+09
18,30,20,1.329543e+09
18,30,30,1.329543e+09
18,30,1,1.420660e+08
18,30,2,1.420660e+08
18,30,3,1.420660e+08
18,30,5,1.420660e+08
18,30,10,3.453375e+07
18,30,20,3.453375e+07
18,30,30,3.453375e+07
18,30,1,5.926099e+07
18,30,2,5.926099e+07
18,30,3,5.926099e+07
18,30,5,5.926099e+07
18,30,10,5.926099e+07
18,30,20,5.926099e+07
18,30,30,5.926099e+07
18,30,1,2.399202e+07
18,30,2,2.399202e+07
18,30,3,2.399202e+07
18,30,5,2.399202e+07
18,30,10,2.399184e+07
18,30,20,2.399184e+07
18,30,30,2.399184e+07
18,30,1,2.704431e+08
18,30,2,2.594593e+08
18,30,3,2.594593e+08
18,30,5,1.810177e+08
18,30,10,1.810177e+08
18,30,20,1.810177e+08
18,30,30,1.810177e+08
18,30,1,2.065722e+08
18,30,2,1.939977e+08
18,30,3,1.939977e+08
18,30,5,1.939977e+08
18,30,10,1.939977e+08
18,30,20,1.939977e+08
18,30,30,1.939977e+08
18,30,1,8.449177e+08
18,30,2,4.050967e+08
18,30,3,4.050967e+08
18,30,5,4.050967e+08
18,30,10,4.050967e+08
18,30,20,4.050967e+08
18,30,30,4.050967e+08
18,30,1,1.287685e+08
18,30,2,1.287685e+08
18,30,3,1.168427e+08
18,30,5,1.165024e+08
18,30,10,1.165024e+08
18,30,20,1.165024e+08
18,30,30,1.165024e+08
18,30,1,7.726459e+08
18,30,2,6.696087e+08
18,30,3,6.696087e+08
18,30,5,6.696087e+08
18,30,10,6.696087e+08
18,30,20,6.696087e+08
18,30,30,6.696087e+08
18,30,1,2.201784e+09
18,30,2,2.201784e+09
18,30,3,2.201784e+09
18,30,5,2.201784e+09
18,30,10,2.201784e+09
18,30,20,2.201784e+09
18,30,30,2.201784e+09
18,30,1,5.460239e+08
18,30,2,5.460239e+08
18,30,3,5.460239e+08
18,30,5,5.460239e+08
18,30,10,5.460239e+08
18,30,20,2.260264e+07
18,30,30,2.260264e+07
18,30,1,4.280313e+08
18,30,2,4.280313e+08
18,30,3,4.280313e+08
18,30,5,4.280313e+08
18,30,10,4.280313e+08
18,30,20,4.280313e+08
18,30,30,4.280313e+08
18,30,1,6.719674e+08
18,30,2,5.091460e+08
18,30,3,5.091460e+08
18,30,5,5.091460e+08
18,30,10,5.091460e+08
18,30,20,5.091460e+08
18,30,30,5.091460e+08
18,30,1,4.908556e+07
18,30,2,4.908556e+07
18,30,3,4.908556e+07
18,30,5,4.908556e+07
18,30,10,1.938780e+07
18,30,20,1.938780e+07
18,30,30,1.938780e+07
18,30,1,1.117944e+09
18,30,2,1.117944e+09
18,30,3,1.117944e+09
18,30,5,5.345688e+08
18,30,10,1.995903e+07
18,30,20,9.645873e+06
18,30,30,9.645873e+06
18,30,1,1.377821e+08
18,30,2,1.377821e+08
18,30,3,1.377821e+08
18,30,5,1.377821e+08
18,30,10,1.117023e+08
18,30,20,1.117023e+08
18,30,30,1.117023e+08
18,30,1,2.860637e+08
18,30,2,2.860637e+08
18,30,3,2.860637e+08
18,30,5,2.860637e+08
18,30,10,2.860637e+08
18,30,20,2.860637e+08
18,30,30,2.860637e+08
18,30,1,4.312953e+08
18,30,2,4.312953e+08
18,30,3,4.312953e+08
18,30,5,4.312953e+08
18,30,10,4.312953e+08
18,30,20,4.312953e+08
18,30,30,4.312953e+08
18,30,1,2.144478e+08
18,30,2,2.144478e+08
18,30,3,2.144478e+08
18,30,5,2.144478e+08
18,30,10,2.144478e+08
18,30,20,2.144478e+08
18,30,30,2.144478e+08
18,30,1,5.244295e+08
18,30,2,5.243141e+08
18,30,3,1.753396e+08
18,30,5,1.753396e+08
18,30,10,1.753396e+08
18,30,20,1.753396e+08
18,30,30,1.753396e+08
18,30,1,1.063481e+08
18,30,2,1.063481e+08
18,30,3,1.063481e+08
18,30,5,1.063481e+08
18,30,10,1.063481e+08
18,30,20,1.063481e+08
18,30,30,1.063481e+08
18,30,1,2.991152e+07
18,30,2,2.991152e+07
18,30,3,2.991152e+07
18,30,5,2.991152e+07
18,30,10,2.991152e+07
18,30,20,2.991152e+07
18,30,30,2.991152e+07
18,30,1,7.548177e+07
18,30,2,4.146267e+06
18,30,3,4.146267e+06
18,30,5,4.146267e+06
18,30,10,3.927820e+06
18,30,20,3.462619e+06
18,30,30,3.462619e+06
18,30,1,7.113587e+07
18,30,2,7.113587e+07
18,30,3,7.113587e+07
18,30,5,7.802031e+06
18,30,10,7.802031e+06
18,30,20,7.802031e+06
18,30,30,7.802031e+06
18,30,1,3.898702e+08
18,30,2,3.898702e+08
18,30,3,3.898702e+08
18,30,5,3.883844e+08
18,30,10,3.128962e+08
18,30,20,2.952372e+08
18,30,30,2.952372e+08
18,30,1,7.349153e+08
18,30,2,7.349153e+08
18,30,3,7.349153e+08
18,30,5,7.349153e+08
18,30,10,7.349153e+08
18,30,20,7.349153e+08
18,30,30,7.349153e+08
18,30,1,5.396906e+08
18,30,2,5.396906e+08
18,30,3,5.396906e+08
18,30,5,5.396906e+08
18,30,10,8.102996e+07
18,30,20,8.102996e+07
18,30,30,8.102996e+07
18,30,1,2.577015e+08
18,30,2,2.577015e+08
18,30,3,2.399077e+08
18,30,5,2.035275e+08
18,30,10,2.034370e+08
18,30,20,1.624409e+08
18,30,30,1.624409e+08
18,30,1,1.184216e+09
18,30,2,1.184216e+09
18,30,3,7.717562e+07
18,30,5,2.490087e+07
18,30,10,2.490087e+07
18,30,20,2.352953e+07
18,30,30,2.343708e+06
18,30,1,3.550228e+07
18,30,2,3.550228e+07
18,30,3,3.550228e+07
18,30,5,1.925445e+07
18,30,10,1.925445e+07
18,30,20,1.925445e+07
18,30,30,1.925445e+07
18,30,1,2.702594e+08
18,30,2,2.702594e+08
18,30,3,2.702594e+08
18,30,5,2.702594e+08
18,30,10,2.702594e+08
18,30,20,2.702594e+08
18,30,30,2.702594e+08
18,30,1,4.673419e+08
18,30,2,4.673419e+08
18,30,3,4.673419e+08
18,30,5,4.673419e+08
18,30,10,4.673419e+08
18,30,20,4.673419e+08
18,30,30,4.673419e+08
18,30,1,4.008907e+07
18,30,2,4.008907e+07
18,30,3,4.008907e+07
18,30,5,4.008907e+07
18,30,10,4.008907e+07
18,30,20,4.008907e+07
18,30,30,4.008907e+07
18,30,1,6.072138e+08
18,30,2,6.072138e+08
18,30,3,6.072138e+08
18,30,5,6.072138e+08
18,30,10,6.072138e+08
18,30,20,6.072138e+08
18,30,30,6.072138e+08
18,30,1,3.401686e+07
18,30,2,1.554645e+07
18,30,3,1.554645e+07
18,30,5,1.554645e+07
18,30,10,1.554645e+07
18,30,20,1.554645e+07
18,30,30,1.554645e+07
18,30,1,8.565210e+08
18,30,2,8.565210e+08
18,30,3,2.831017e+08
18,30,5,2.831017e+08
18,30,10,2.831017e+08
18,30,20,2.831017e+08
18,30,30,2.831017e+08
18,30,1,2.757808e+08
18,30,2,1.851337e+08
18,30,3,1.695461e+08
18,30,5,1.695461e+08
18,30,10,1.695461e+08
18,30,20,1.695461e+08
18,30,30,1.695461e+08
18,30,1,6.228817e+08
18,30,2,6.228817e+08
18,30,3,6.228817e+08
18,30,5,6.228817e+08
18,30,10,6.228817e+08
18,30,20,6.228817e+08
18,30,30,6.228817e+08
18,30,1,1.282111e+08
18,30,2,1.282111e+08
18,30,3,1.282111e+08
18,30,5,1.007885e+08
18,30,10,8.768231e+07
18,30,20,1.888471e+07
18,30,30,1.853355e+07
18,30,1,2.628278e+08
18,30,2,2.628278e+08
18,30,3,2.628278e+08
18,30,5,2.628278e+08
18,30,10,1.738487e+07
18,30,20,1.738487e+07
18,30,30,1.738487e+07
18,30,1,2.049665e+08
18,30,2,2.049665e+08
18,30,3,2.049665e+08
18,30,5,2.049665e+08
18,30,10,1.525769e+08
18,30,20,1.525769e+08
18,30,30,1.525769e+08
18,30,1,3.121474e+08
18,30,2,3.119927e+08
18,30,3,3.119927e+08
18,30,5,3.119927e+08
18,30,10,1.998039e+08
18,30,20,9.309933e+07
18,30,30,9.309933e+07
18,30,1,2.031235e+08
18,30,2,1.949331e+08
18,30,3,1.949331e+08
18,30,5,1.949331e+08
18,30,10,1.949331e+08
18,30,20,1.949331e+08
18,30,30,1.949331e+08
18,30,1,2.572132e+08
18,30,2,2.498950e+08
18,30,3,2.487595e+08
18,30,5,2.139780e+08
18,30,10,1.750314e+08
18,30,20,1.750314e+08
18,30,30,1.750314e+08
18,30,1,2.383849e+08
18,30,2,2.383849e+08
18,30,3,2.386865e+07
18,30,5,2.386865e+07
18,30,10,1.682069e+07
18,30,20,1.682069e+07
18,30,30,1.682069e+07
18,30,1,6.040512e+08
18,30,2,6.040512e+08
18,30,3,6.040512e+08
18,30,5,6.040512e+08
18,30,10,6.040512e+08
18,30,20,6.040512e+08
18,30,30,6.040512e+08
18,30,1,6.307497e+08
18,30,2,4.322582e+08
18,30,3,4.322582e+08
18,30,5,4.322582e+08
18,30,10,4.322582e+08
18,30,20,4.322582e+08
18,30,30,4.322582e+08
18,30,1,1.963404e+09
18,30,2,1.962735e+09
18,30,3,1.962735e+09
18,30,5,1.962735e+09
18,30,10,1.962735e+09
18,30,20,1.962735e+09
18,30,30,1.962735e+09
18,30,1,2.213833e+08
18,30,2,2.213833e+08
18,30,3,2.213833e+08
18,30,5,2.213833e+08
18,30,1,4.851311e+08
18,30,2,4.851311e+08
18,30,3,4.851311e+08
18,30,5,4.851311e+08
18,30,1,7.314899e+07
18,30,2,7.314899e+07
18,30,3,7.314899e+07
18,30,5,7.314899e+07
18,30,1,8.098432e+08
18,30,2,8.098432e+08
18,30,3,8.098432e+08
18,30,5,8.098432e+08
18,30,1,4.891997e+08
18,30,2,4.891997e+08
18,30,3,4.891997e+08
18,30,5,4.891997e+08
18,30,1,5.404400e+08
18,30,2,5.404400e+08
18,30,3,5.404400e+08
18,30,5,5.404400e+08
18,30,1,5.944293e+08
18,30,2,5.944293e+08
18,30,3,5.944293e+08
18,30,5,5.944293e+08
18,30,1,1.068695e+09
18,30,2,1.068695e+09
18,30,3,1.068695e+09
18,30,5,1.068695e+09
18,30,1,2.650066e+08
18,30,2,2.650066e+08
18,30,3,2.650066e+08
18,30,5,2.650066e+08
18,30,1,8.834783e+08
18,30,2,8.834783e+08
18,30,3,8.834783e+08
18,30,5,8.834783e+08
18,30,1,2.746045e+09
18,30,2,2.746045e+09
18,30,3,2.746045e+09
18,30,5,2.746045e+09
18,30,1,1.121850e+09
18,30,2,1.121850e+09
18,30,3,1.121850e+09
18,30,5,1.121850e+09
18,30,1,4.257850e+07
18,30,2,4.257850e+07
18,30,3,4.257850e+07
18,30,5,4.257850e+07
18,30,1,4.790789e+08
18,30,2,4.790789e+08
18,30,3,4.790789e+08
18,30,5,4.790789e+08
18,30,1,5.802314e+08
18,30,2,5.802314e+08
18,30,3,5.802314e+08
18,30,5,5.802314e+08
18,30,1,6.016261e+08
18,30,2,6.016261e+08
18,30,3,6.016261e+08
18,30,5,6.016261e+08
18,30,1,2.853783e+08
18,30,2,2.853783e+08
18,30,3,2.853783e+08
18,30,5,2.853783e+08
18,30,1,2.427794e+08
18,30,2,2.427794e+08
18,30,3,2.427794e+08
18,30,5,2.427794e+08
18,30,1,5.037674e+08
18,30,2,5.037674e+08
18,30,3,5.037674e+08
18,30,5,5.037674e+08
18,30,1,4.314692e+08
18,30,2,4.314692e+08
18,30,3,4.314692e+08
18,30,5,4.314692e+08
18,30,1,3.101346e+08
18,30,2,3.101346e+08
18,30,3,3.101346e+08
18,30,5,3.101346e+08
18,30,1,4.591758e+08
18,30,2,4.591758e+08
18,30,3,4.591758e+08
18,30,5,4.591758e+08
18,30,1,5.404990e+08
18,30,2,5.404990e+08
18,30,3,5.404990e+08
18,30,5,5.404990e+08
18,30,1,1.895556e+08
18,30,2,1.895556e+08
18,30,3,1.895556e+08
18,30,5,1.895556e+08
18,30,1,1.161550e+09
18,30,2,1.161550e+09
18,30,3,1.161550e+09
18,30,5,1.161550e+09
18,30,1,1.357194e+09
18,30,2,1.357194e+09
18,30,3,1.357194e+09
18,30,5,8.201873e+07
18,30,1,4.050462e+08
18,30,2,4.050462e+08
18,30,3,4.050462e+08
18,30,5,4.050462e+08
18,30,1,1.464901e+08
18,30,2,1.464901e+08
18,30,3,1.464901e+08
18,30,5,1.464901e+08
18,30,1,9.982236e+07
18,30,2,9.982236e+07
18,30,3,9.982236e+07
18,30,5,9.982236e+07
18,30,1,8.476049e+08
18,30,2,8.476049e+08
18,30,3,8.476049e+08
18,30,5,8.476049e+08
18,30,1,4.677211e+08
18,30,2,4.677211e+08
18,30,3,4.677211e+08
18,30,5,4.677211e+08
18,30,1,7.500136e+07
18,30,2,7.500136e+07
18,30,3,7.500136e+07
18,30,5,7.500136e+07
18,30,1,1.811153e+08
18,30,2,1.811153e+08
18,30,3,1.811153e+08
18,30,5,1.811153e+08
18,30,1,2.178860e+09
18,30,2,2.178860e+09
18,30,3,2.178860e+09
18,30,5,2.178860e+09
18,30,1,2.563457e+07
18,30,2,2.563457e+07
18,30,3,2.563457e+07
18,30,5,2.563457e+07
18,30,1,7.814836e+08
18,30,2,7.814836e+08
18,30,3,7.814836e+08
18,30,5,7.814836e+08
18,30,1,1.197994e+08
18,30,2,1.197994e+08
18,30,3,1.197994e+08
18,30,5,1.197994e+08
18,30,1,4.375506e+08
18,30,2,4.375506e+08
18,30,3,4.375506e+08
18,30,5,4.375506e+08
18,30,1,1.992551e+08
18,30,2,1.992551e+08
18,30,3,1.992551e+08
18,30,5,1.992551e+08
18,30,1,6.988904e+08
18,30,2,6.988904e+08
18,30,3,6.988904e+08
18,30,5,6.988904e+08
18,30,1,2.199603e+08
18,30,2,2.199603e+08
18,30,3,2.199603e+08
18,30,5,2.199603e+08
18,30,1,8.286121e+07
18,30,2,8.286121e+07
18,30,3,8.286121e+07
18,30,5,8.286121e+07
18,30,1,6.061376e+08
18,30,2,6.061376e+08
18,30,3,6.061376e+08
18,30,5,6.061376e+08
18,30,1,2.265938e+08
18,30,2,2.265938e+08
18,30,3,2.265938e+08
18,30,5,2.265938e+08
18,30,1,1.510085e+08
18,30,2,1.510085e+08
18,30,3,1.510085e+08
18,30,5,1.510085e+08
18,30,1,9.130007e+08
18,30,2,9.130007e+08
18,30,3,9.130007e+08
18,30,5,9.130007e+08
18,30,1,2.596254e+08
18,30,2,2.596254e+08
18,30,3,2.596254e+08
18,30,5,2.596254e+08
18,30,1,1.650685e+09
18,30,2,1.650685e+09
18,30,3,1.650685e+09
18,30,5,1.650685e+09
18,30,1,1.463618e+08
18,30,2,1.463618e+08
18,30,3,1.463618e+08
18,30,5,1.463618e+08
18,30,1,1.040635e+09
18,30,2,1.040635e+09
18,30,3,1.040635e+09
18,30,5,1.040635e+09
18,30,1,2.504997e+09
18,30,2,2.504997e+09
18,30,3,2.504997e+09
18,30,5,2.504997e+09
