funcid,dim,milestone,error
10,30,1,7.607583e+03
10,30,2,7.607583e+03
10,30,3,7.607583e+03
10,30,5,7.607583e+03
10,30,1,8.755757e+03
10,30,2,8.755757e+03
10,30,3,8.755757e+03
10,30,5,6.696766e+03
10,30,1,1.029714e+04
10,30,2,1.029714e+04
10,30,3,1.029714e+04
10,30,5,1.029714e+04
10,30,1,9.979181e+03
10,30,2,9.979181e+03
10,30,3,9.979181e+03
10,30,5,9.979181e+03
10,30,1,1.014743e+04
10,30,2,1.014743e+04
10,30,3,1.014743e+04
10,30,5,1.014743e+04
10,30,1,9.376037e+03
10,30,2,9.376037e+03
10,30,3,9.376037e+03
10,30,5,9.070095e+03
10,30,1,9.616350e+03
10,30,2,9.616350e+03
10,30,3,9.011167e+03
10,30,5,9.011167e+03
10,30,1,9.527001e+03
10,30,2,9.397723e+03
10,30,3,8.705942e+03
10,30,5,8.705942e+03
10,30,1,9.662578e+03
10,30,2,9.662578e+03
10,30,3,9.662578e+03
10,30,5,9.662578e+03
10,30,1,9.071854e+03
10,30,2,9.071854e+03
10,30,3,9.071854e+03
10,30,5,9.071854e+03
10,30,1,1.009313e+04
10,30,2,1.009313e+04
10,30,3,9.560094e+03
10,30,5,8.135942e+03
10,30,1,9.723548e+03
10,30,2,9.723548e+03
10,30,3,9.723548e+03
10,30,5,9.723548e+03
10,30,1,9.199735e+03
10,30,2,9.199735e+03
10,30,3,9.199735e+03
10,30,5,9.199735e+03
10,30,1,9.708358e+03
10,30,2,9.708358e+03
10,30,3,9.708358e+03
10,30,5,9.708358e+03
10,30,1,9.835608e+03
10,30,2,9.835608e+03
10,30,3,9.835608e+03
10,30,5,9.835608e+03
10,30,1,8.606035e+03
10,30,2,8.606035e+03
10,30,3,8.606035e+03
10,30,5,8.606035e+03
10,30,1,1.011728e+04
10,30,2,1.011728e+04
10,30,3,1.011728e+04
10,30,5,1.011728e+04
10,30,1,9.795548e+03
10,30,2,9.795548e+03
10,30,3,9.795548e+03
10,30,5,9.795548e+03
10,30,1,9.733699e+03
10,30,2,9.733699e+03
10,30,3,9.733699e+03
10,30,5,9.733699e+03
10,30,1,9.991858e+03
10,30,2,9.991858e+03
10,30,3,9.991858e+03
10,30,5,9.991858e+03
10,30,1,1.045089e+04
10,30,2,1.045089e+04
10,30,3,1.045089e+04
10,30,5,1.045089e+04
10,30,1,9.177533e+03
10,30,2,9.177533e+03
10,30,3,9.177533e+03
10,30,5,9.177533e+03
10,30,1,1.061341e+04
10,30,2,1.061341e+04
10,30,3,1.061341e+04
10,30,5,1.061341e+04
10,30,1,8.549223e+03
10,30,2,8.549223e+03
10,30,3,8.549223e+03
10,30,5,8.549223e+03
10,30,1,1.058053e+04
10,30,2,1.058053e+04
10,30,3,1.058053e+04
10,30,5,1.058053e+04
10,30,1,1.038951e+04
10,30,2,1.038951e+04
10,30,3,1.038951e+04
10,30,5,1.038951e+04
10,30,1,8.599140e+03
10,30,2,8.599140e+03
10,30,3,8.599140e+03
10,30,5,7.682051e+03
10,30,1,9.749899e+03
10,30,2,9.749899e+03
10,30,3,9.749899e+03
10,30,5,9.749899e+03
10,30,1,9.355767e+03
10,30,2,9.355767e+03
10,30,3,9.355767e+03
10,30,5,9.355767e+03
10,30,1,9.476021e+03
10,30,2,9.476021e+03
10,30,3,9.476021e+03
10,30,5,9.476021e+03
10,30,1,9.453622e+03
10,30,2,9.453622e+03
10,30,3,9.453622e+03
10,30,5,9.453622e+03
10,30,1,1.067309e+04
10,30,2,1.067309e+04
10,30,3,1.067309e+04
10,30,5,1.067309e+04
10,30,1,7.980032e+03
10,30,2,7.980032e+03
10,30,3,7.980032e+03
10,30,5,7.980032e+03
10,30,1,9.611498e+03
10,30,2,9.611498e+03
10,30,3,9.611498e+03
10,30,5,9.611498e+03
10,30,1,9.951137e+03
10,30,2,9.951137e+03
10,30,3,9.951137e+03
10,30,5,9.951137e+03
10,30,1,8.633922e+03
10,30,2,8.633922e+03
10,30,3,8.633922e+03
10,30,5,8.633922e+03
10,30,1,9.781084e+03
10,30,2,9.225739e+03
10,30,3,8.421707e+03
10,30,5,7.775883e+03
10,30,1,9.829536e+03
10,30,2,9.829536e+03
10,30,3,9.829536e+03
10,30,5,9.829536e+03
10,30,1,8.518789e+03
10,30,2,8.518789e+03
10,30,3,8.518789e+03
10,30,5,8.518789e+03
10,30,1,9.946966e+03
10,30,2,9.946966e+03
10,30,3,9.946966e+03
10,30,5,9.946966e+03
10,30,1,1.005069e+04
10,30,2,1.005069e+04
10,30,3,1.005069e+04
10,30,5,1.005069e+04
10,30,1,9.053335e+03
10,30,2,9.053335e+03
10,30,3,9.053335e+03
10,30,5,8.881117e+03
10,30,1,1.035299e+04
10,30,2,9.048845e+03
10,30,3,9.048845e+03
10,30,5,9.048845e+03
10,30,1,1.024169e+04
10,30,2,1.024169e+04
10,30,3,1.024169e+04
10,30,5,1.024169e+04
10,30,1,9.728527e+03
10,30,2,9.728527e+03
10,30,3,9.728527e+03
10,30,5,7.396309e+03
10,30,1,9.362107e+03
10,30,2,9.362107e+03
10,30,3,9.362107e+03
10,30,5,9.362107e+03
10,30,1,9.893606e+03
10,30,2,9.893606e+03
10,30,3,9.893606e+03
10,30,5,9.893606e+03
10,30,1,9.753936e+03
10,30,2,9.682445e+03
10,30,3,9.682445e+03
10,30,5,9.106415e+03
10,30,1,9.243816e+03
10,30,2,9.243816e+03
10,30,3,9.243816e+03
10,30,5,9.243816e+03
10,30,1,9.260731e+03
10,30,2,9.260731e+03
10,30,3,9.260731e+03
10,30,5,9.260731e+03
10,30,1,8.091107e+03
10,30,2,8.091107e+03
10,30,3,8.091107e+03
10,30,5,8.091107e+03
10,30,1,9.210755e+03
10,30,2,8.865878e+03
10,30,3,8.865878e+03
10,30,5,7.724235e+03
10,30,1,9.867691e+03
10,30,2,9.867691e+03
10,30,3,9.867691e+03
10,30,5,9.867691e+03
10,30,1,9.468963e+03
10,30,2,9.468963e+03
10,30,3,9.468963e+03
10,30,5,9.468963e+03
10,30,1,9.857378e+03
10,30,2,9.857378e+03
10,30,3,9.857378e+03
10,30,5,9.857378e+03
10,30,1,9.574015e+03
10,30,2,9.574015e+03
10,30,3,9.574015e+03
10,30,5,9.574015e+03
10,30,1,1.005375e+04
10,30,2,1.005375e+04
10,30,3,1.005375e+04
10,30,5,1.005375e+04
10,30,1,8.368580e+03
10,30,2,8.368580e+03
10,30,3,8.368580e+03
10,30,5,8.368580e+03
10,30,1,9.195645e+03
10,30,2,9.195645e+03
10,30,3,9.195645e+03
10,30,5,9.195645e+03
10,30,1,9.854428e+03
10,30,2,9.854428e+03
10,30,3,9.854428e+03
10,30,5,9.854428e+03
10,30,1,9.176097e+03
10,30,2,9.176097e+03
10,30,3,9.176097e+03
10,30,5,9.176097e+03
10,30,1,9.251304e+03
10,30,2,9.251304e+03
10,30,3,9.251304e+03
10,30,5,9.251304e+03
10,30,1,8.594142e+03
10,30,2,8.594142e+03
10,30,3,8.594142e+03
10,30,5,8.594142e+03
10,30,1,9.416624e+03
10,30,2,8.911210e+03
10,30,3,8.689331e+03
10,30,5,8.689331e+03
10,30,1,1.004667e+04
10,30,2,1.004667e+04
10,30,3,1.004667e+04
10,30,5,9.732169e+03
10,30,1,9.589586e+03
10,30,2,9.589586e+03
10,30,3,9.589586e+03
10,30,5,9.589586e+03
10,30,1,9.951359e+03
10,30,2,9.951359e+03
10,30,3,9.951359e+03
10,30,5,9.951359e+03
10,30,1,9.218684e+03
10,30,2,9.218684e+03
10,30,3,9.218684e+03
10,30,5,9.218684e+03
10,30,1,9.713797e+03
10,30,2,9.713797e+03
10,30,3,9.713797e+03
10,30,5,9.713797e+03
10,30,1,9.763854e+03
10,30,2,8.036136e+03
10,30,3,8.036136e+03
10,30,5,8.036136e+03
10,30,1,9.975684e+03
10,30,2,9.975684e+03
10,30,3,9.975684e+03
10,30,5,9.975684e+03
10,30,1,9.661504e+03
10,30,2,9.661504e+03
10,30,3,9.661504e+03
10,30,5,9.661504e+03
10,30,1,9.574063e+03
10,30,2,9.574063e+03
10,30,3,9.574063e+03
10,30,5,9.574063e+03
10,30,1,9.997396e+03
10,30,2,9.997396e+03
10,30,3,9.997396e+03
10,30,5,9.997396e+03
10,30,1,9.178445e+03
10,30,2,9.178445e+03
10,30,3,9.178445e+03
10,30,5,9.178445e+03
10,30,1,9.670524e+03
10,30,2,9.670524e+03
10,30,3,9.670524e+03
10,30,5,9.670524e+03
10,30,1,9.421501e+03
10,30,2,9.421501e+03
10,30,3,9.421501e+03
10,30,5,9.421501e+03
10,30,1,9.938273e+03
10,30,2,9.938273e+03
10,30,3,9.938273e+03
10,30,5,9.938273e+03
10,30,1,1.115229e+04
10,30,2,1.115229e+04
10,30,3,1.115229e+04
10,30,5,1.115229e+04
10,30,1,9.876381e+03
10,30,2,9.876381e+03
10,30,3,9.876381e+03
10,30,5,9.876381e+03
10,30,1,1.025826e+04
10,30,2,1.003984e+04
10,30,3,1.003984e+04
10,30,5,1.003984e+04
10,30,1,9.528821e+03
10,30,2,9.528821e+03
10,30,3,9.528821e+03
10,30,5,9.528821e+03
10,30,1,9.914702e+03
10,30,2,9.914702e+03
10,30,3,9.914702e+03
10,30,5,9.914702e+03
10,30,1,8.968400e+03
10,30,2,8.968400e+03
10,30,3,8.968400e+03
10,30,5,8.968400e+03
10,30,1,9.378369e+03
10,30,2,9.378369e+03
10,30,3,9.378369e+03
10,30,5,9.378369e+03
10,30,1,9.169419e+03
10,30,2,9.169419e+03
10,30,3,9.169419e+03
10,30,5,9.169419e+03
10,30,1,1.033207e+04
10,30,2,1.033207e+04
10,30,3,1.033207e+04
10,30,5,1.033207e+04
10,30,1,9.462220e+03
10,30,2,9.462220e+03
10,30,3,9.462220e+03
10,30,5,9.462220e+03
10,30,1,9.917005e+03
10,30,2,9.917005e+03
10,30,3,9.917005e+03
10,30,5,8.133615e+03
10,30,1,9.447326e+03
10,30,2,9.447326e+03
10,30,3,9.447326e+03
10,30,5,9.447326e+03
10,30,1,9.376585e+03
10,30,2,9.376585e+03
10,30,3,9.376585e+03
10,30,5,9.376585e+03
10,30,1,1.029526e+04
10,30,2,1.029526e+04
10,30,3,1.029526e+04
10,30,5,1.029526e+04
10,30,1,9.929567e+03
10,30,2,9.929567e+03
10,30,3,9.929567e+03
10,30,5,9.557702e+03
10,30,1,8.717943e+03
10,30,2,8.717943e+03
10,30,3,8.717943e+03
10,30,5,8.717943e+03
10,30,1,9.314590e+03
10,30,2,9.314590e+03
10,30,3,9.314590e+03
10,30,5,9.314590e+03
10,30,1,9.326912e+03
10,30,2,9.326912e+03
10,30,3,9.326912e+03
10,30,5,9.326912e+03
10,30,1,1.070950e+04
10,30,2,1.070950e+04
10,30,3,1.070950e+04
10,30,5,1.070950e+04
10,30,1,9.637697e+03
10,30,2,9.637697e+03
10,30,3,9.637697e+03
10,30,5,8.339128e+03
10,30,1,8.559115e+03
10,30,2,8.559115e+03
10,30,3,8.559115e+03
10,30,5,8.559115e+03
10,30,1,1.021472e+04
10,30,2,1.021472e+04
10,30,3,1.021472e+04
10,30,5,1.021472e+04
10,30,1,9.140276e+03
10,30,2,9.140276e+03
10,30,3,9.140276e+03
10,30,5,9.140276e+03
10,30,1,1.044415e+04
10,30,2,1.044415e+04
10,30,3,1.044415e+04
10,30,5,1.044415e+04
10,30,1,1.092813e+04
10,30,2,1.092813e+04
10,30,3,1.092813e+04
10,30,5,9.684037e+03
10,30,1,9.627981e+03
10,30,2,9.627981e+03
10,30,3,9.627981e+03
10,30,5,9.627981e+03
10,30,1,1.090671e+04
10,30,2,1.090671e+04
10,30,3,1.090671e+04
10,30,5,1.090671e+04
10,30,1,9.417538e+03
10,30,2,9.417538e+03
10,30,3,9.417538e+03
10,30,5,9.387394e+03
10,30,1,9.612465e+03
10,30,2,9.612465e+03
10,30,3,9.612465e+03
10,30,5,9.612465e+03
10,30,1,9.286235e+03
10,30,2,9.286235e+03
10,30,3,9.286235e+03
10,30,5,9.286235e+03
10,30,1,9.960428e+03
10,30,2,9.960428e+03
10,30,3,9.960428e+03
10,30,5,9.960428e+03
10,30,1,9.246518e+03
10,30,2,9.246518e+03
10,30,3,9.246518e+03
10,30,5,9.246518e+03
10,30,1,8.180070e+03
10,30,2,8.180070e+03
10,30,3,8.180070e+03
10,30,5,8.180070e+03
10,30,1,9.673855e+03
10,30,2,9.066894e+03
10,30,3,9.066894e+03
10,30,5,9.066894e+03
10,30,1,9.394676e+03
10,30,2,9.281376e+03
10,30,3,8.442978e+03
10,30,5,8.442978e+03
10,30,1,9.675937e+03
10,30,2,9.675937e+03
10,30,3,9.675937e+03
10,30,5,9.675937e+03
10,30,1,9.789913e+03
10,30,2,9.789913e+03
10,30,3,9.789913e+03
10,30,5,9.789913e+03
10,30,1,9.406438e+03
10,30,2,8.637011e+03
10,30,3,8.637011e+03
10,30,5,8.637011e+03
10,30,1,1.026547e+04
10,30,2,1.026547e+04
10,30,3,1.026547e+04
10,30,5,1.026547e+04
10,30,1,9.911581e+03
10,30,2,9.911581e+03
10,30,3,9.911581e+03
10,30,5,9.911581e+03
10,30,1,9.902433e+03
10,30,2,9.902433e+03
10,30,3,9.902433e+03
10,30,5,8.468325e+03
10,30,1,9.586985e+03
10,30,2,9.586985e+03
10,30,3,9.586985e+03
10,30,5,9.586985e+03
10,30,1,9.900475e+03
10,30,2,9.900475e+03
10,30,3,9.900475e+03
10,30,5,9.900475e+03
10,30,1,1.021707e+04
10,30,2,1.021707e+04
10,30,3,1.021707e+04
10,30,5,1.021707e+04
10,30,1,9.657404e+03
10,30,2,9.657404e+03
10,30,3,9.657404e+03
10,30,5,8.152826e+03
10,30,1,1.003311e+04
10,30,2,1.003311e+04
10,30,3,1.003311e+04
10,30,5,1.003311e+04
10,30,1,9.113895e+03
10,30,2,9.113895e+03
10,30,3,9.113895e+03
10,30,5,9.113895e+03
10,30,1,9.491215e+03
10,30,2,9.491215e+03
10,30,3,9.491215e+03
10,30,5,9.491215e+03
10,30,1,1.008472e+04
10,30,2,1.008472e+04
10,30,3,1.008472e+04
10,30,5,1.008472e+04
10,30,1,9.431667e+03
10,30,2,9.431667e+03
10,30,3,9.431667e+03
10,30,5,9.431667e+03
10,30,1,8.897366e+03
10,30,2,8.897366e+03
10,30,3,8.897366e+03
10,30,5,8.897366e+03
10,30,1,9.599391e+03
10,30,2,9.599391e+03
10,30,3,9.599391e+03
10,30,5,9.599391e+03
10,30,1,9.961599e+03
10,30,2,9.961599e+03
10,30,3,9.961599e+03
10,30,5,9.961599e+03
10,30,1,9.536074e+03
10,30,2,9.536074e+03
10,30,3,9.536074e+03
10,30,5,9.536074e+03
10,30,1,9.579316e+03
10,30,2,9.579316e+03
10,30,3,9.579316e+03
10,30,5,9.579316e+03
10,30,1,9.585718e+03
10,30,2,9.585718e+03
10,30,3,9.585718e+03
10,30,5,9.585718e+03
10,30,1,7.659665e+03
10,30,2,7.659665e+03
10,30,3,7.659665e+03
10,30,5,7.659665e+03
10,30,1,9.086579e+03
10,30,2,9.086579e+03
10,30,3,9.086579e+03
10,30,5,9.086579e+03
10,30,1,8.947822e+03
10,30,2,8.947822e+03
10,30,3,8.947822e+03
10,30,5,8.847315e+03
10,30,1,9.588095e+03
10,30,2,9.588095e+03
10,30,3,9.588095e+03
10,30,5,9.588095e+03
10,30,1,1.025089e+04
10,30,2,1.025089e+04
10,30,3,1.025089e+04
10,30,5,1.025089e+04
10,30,1,8.553969e+03
10,30,2,8.553969e+03
10,30,3,8.553969e+03
10,30,5,8.553969e+03
10,30,1,1.029951e+04
10,30,2,1.029951e+04
10,30,3,1.029951e+04
10,30,5,1.029951e+04
10,30,1,9.615118e+03
10,30,2,9.615118e+03
10,30,3,9.615118e+03
10,30,5,9.615118e+03
10,30,1,9.728509e+03
10,30,2,9.728509e+03
10,30,3,9.728509e+03
10,30,5,7.244515e+03
10,30,1,9.637860e+03
10,30,2,9.637860e+03
10,30,3,9.637860e+03
10,30,5,9.637860e+03
10,30,1,1.001864e+04
10,30,2,1.001864e+04
10,30,3,1.001864e+04
10,30,5,1.001864e+04
10,30,1,9.497373e+03
10,30,2,9.497373e+03
10,30,3,9.497373e+03
10,30,5,9.497373e+03
10,30,1,8.803041e+03
10,30,2,8.803041e+03
10,30,3,8.532336e+03
10,30,5,8.520409e+03
10,30,1,8.783172e+03
10,30,2,8.783172e+03
10,30,3,8.783172e+03
10,30,5,8.783172e+03
10,30,1,8.922206e+03
10,30,2,8.922206e+03
10,30,3,8.922206e+03
10,30,5,8.922206e+03
10,30,1,9.063393e+03
10,30,2,9.063393e+03
10,30,3,9.063393e+03
10,30,5,9.063393e+03
10,30,1,9.841088e+03
10,30,2,9.841088e+03
10,30,3,9.841088e+03
10,30,5,9.841088e+03
10,30,1,9.797238e+03
10,30,2,9.797238e+03
10,30,3,9.797238e+03
10,30,5,9.797238e+03
10,30,1,9.316018e+03
10,30,2,9.316018e+03
10,30,3,9.316018e+03
10,30,5,9.316018e+03
10,30,1,9.661194e+03
10,30,2,9.661194e+03
10,30,3,9.661194e+03
10,30,5,9.661194e+03
10,30,1,9.042646e+03
10,30,2,9.042646e+03
10,30,3,9.042646e+03
10,30,5,9.042646e+03
10,30,1,1.055598e+04
10,30,2,1.055598e+04
10,30,3,1.055598e+04
10,30,5,1.055598e+04
10,30,1,9.033594e+03
10,30,2,9.033594e+03
10,30,3,9.033594e+03
10,30,5,9.033594e+03
10,30,1,9.580590e+03
10,30,2,9.580590e+03
10,30,3,9.580590e+03
10,30,5,8.864691e+03
10,30,1,8.745781e+03
10,30,2,8.745781e+03
10,30,3,8.745781e+03
10,30,5,8.745781e+03
10,30,1,9.070131e+03
10,30,2,9.070131e+03
10,30,3,9.070131e+03
10,30,5,9.070131e+03
10,30,1,9.425118e+03
10,30,2,9.425118e+03
10,30,3,9.425118e+03
10,30,5,9.425118e+03
10,30,1,9.058915e+03
10,30,2,9.058915e+03
10,30,3,9.058915e+03
10,30,5,9.058915e+03
10,30,1,8.833873e+03
10,30,2,8.833873e+03
10,30,3,8.833873e+03
10,30,5,8.833873e+03
10,30,1,9.548664e+03
10,30,2,9.548664e+03
10,30,3,9.548664e+03
10,30,5,9.548664e+03
10,30,1,8.969151e+03
10,30,2,8.969151e+03
10,30,3,8.969151e+03
10,30,5,8.969151e+03
10,30,1,9.296698e+03
10,30,2,9.296698e+03
10,30,3,9.296698e+03
10,30,5,9.296698e+03
10,30,1,9.749655e+03
10,30,2,9.401272e+03
10,30,3,9.401272e+03
10,30,5,9.401272e+03
10,30,1,9.091136e+03
10,30,2,9.091136e+03
10,30,3,9.091136e+03
10,30,5,7.985839e+03
10,30,1,9.717589e+03
10,30,2,9.717589e+03
10,30,3,9.717589e+03
10,30,5,8.789099e+03
10,30,1,8.767986e+03
10,30,2,8.767986e+03
10,30,3,8.767986e+03
10,30,5,8.767986e+03
10,30,1,9.557394e+03
10,30,2,9.557394e+03
10,30,3,9.557394e+03
10,30,5,9.557394e+03
10,30,1,9.204533e+03
10,30,2,9.204533e+03
10,30,3,9.204533e+03
10,30,5,9.204533e+03
10,30,1,8.953673e+03
10,30,2,8.953673e+03
10,30,3,8.953673e+03
10,30,5,8.953673e+03
10,30,1,1.015889e+04
10,30,2,1.015889e+04
10,30,3,1.015889e+04
10,30,5,1.015889e+04
10,30,1,9.604132e+03
10,30,2,9.604132e+03
10,30,3,9.604132e+03
10,30,5,9.604132e+03
10,30,1,9.376458e+03
10,30,2,9.376458e+03
10,30,3,9.376458e+03
10,30,5,9.376458e+03
10,30,1,9.792033e+03
10,30,2,9.792033e+03
10,30,3,9.792033e+03
10,30,5,9.792033e+03
10,30,1,1.055037e+04
10,30,2,1.055037e+04
10,30,3,1.055037e+04
10,30,5,1.055037e+04
10,30,1,9.109782e+03
10,30,2,9.109782e+03
10,30,3,9.109782e+03
10,30,5,9.109782e+03
10,30,1,9.470934e+03
10,30,2,9.470934e+03
10,30,3,9.470934e+03
10,30,5,9.470934e+03
10,30,1,1.023862e+04
10,30,2,1.023862e+04
10,30,3,1.023862e+04
10,30,5,1.023862e+04
10,30,1,9.723195e+03
10,30,2,9.723195e+03
10,30,3,9.723195e+03
10,30,5,9.723195e+03
10,30,1,9.785055e+03
10,30,2,9.785055e+03
10,30,3,9.785055e+03
10,30,5,9.785055e+03
10,30,1,9.725320e+03
10,30,2,9.725320e+03
10,30,3,9.725320e+03
10,30,5,9.725320e+03
10,30,1,9.439398e+03
10,30,2,9.439398e+03
10,30,3,9.439398e+03
10,30,5,9.439398e+03
10,30,1,9.830513e+03
10,30,2,9.830513e+03
10,30,3,9.830513e+03
10,30,5,9.830513e+03
10,30,1,9.238489e+03
10,30,2,9.238489e+03
10,30,3,9.238489e+03
10,30,5,9.238489e+03
10,30,1,1.027461e+04
10,30,2,1.027461e+04
10,30,3,1.027461e+04
10,30,5,1.027461e+04
10,30,1,9.180216e+03
10,30,2,9.180216e+03
10,30,3,9.180216e+03
10,30,5,6.812221e+03
10,30,1,9.738990e+03
10,30,2,9.738990e+03
10,30,3,9.738990e+03
10,30,5,9.738990e+03
10,30,1,8.603278e+03
10,30,2,8.603278e+03
10,30,3,8.603278e+03
10,30,5,8.603278e+03
10,30,1,1.000012e+04
10,30,2,1.000012e+04
10,30,3,1.000012e+04
10,30,5,1.000012e+04
10,30,1,9.839379e+03
10,30,2,9.839379e+03
10,30,3,9.839379e+03
10,30,5,9.839379e+03
10,30,1,1.029125e+04
10,30,2,1.029125e+04
10,30,3,1.029125e+04
10,30,5,1.029125e+04
10,30,1,1.077202e+04
10,30,2,1.077202e+04
10,30,3,1.077202e+04
10,30,5,1.077202e+04
10,30,1,9.489069e+03
10,30,2,9.489069e+03
10,30,3,9.489069e+03
10,30,5,9.489069e+03
10,30,1,9.307341e+03
10,30,2,9.307341e+03
10,30,3,9.307341e+03
10,30,5,9.307341e+03
10,30,1,8.109810e+03
10,30,2,8.109810e+03
10,30,3,8.109810e+03
10,30,5,8.109810e+03
10,30,1,9.630768e+03
10,30,2,9.630768e+03
10,30,3,9.630768e+03
10,30,5,9.630768e+03
10,30,1,1.027278e+04
10,30,2,1.027278e+04
10,30,3,1.027278e+04
10,30,5,1.027278e+04
10,30,1,9.233835e+03
10,30,2,9.233835e+03
10,30,3,9.233835e+03
10,30,5,9.233835e+03
10,30,1,1.025431e+04
10,30,2,1.025431e+04
10,30,3,1.025431e+04
10,30,5,1.025431e+04
10,30,1,1.006633e+04
10,30,2,1.006633e+04
10,30,3,1.006633e+04
10,30,5,1.006633e+04
10,30,1,1.064589e+04
10,30,2,1.064589e+04
10,30,3,1.064589e+04
10,30,5,1.064589e+04
10,30,1,8.223590e+03
10,30,2,8.223590e+03
10,30,3,7.585251e+03
10,30,5,7.585251e+03
10,30,1,8.502558e+03
10,30,2,8.502558e+03
10,30,3,8.502558e+03
10,30,5,8.502558e+03
10,30,1,9.685257e+03
10,30,2,9.685257e+03
10,30,3,9.336126e+03
10,30,5,8.658388e+03
10,30,1,8.584136e+03
10,30,2,8.455532e+03
10,30,3,8.455532e+03
10,30,5,8.455532e+03
10,30,1,9.050139e+03
10,30,2,7.439815e+03
10,30,3,7.439815e+03
10,30,5,7.439815e+03
10,30,1,7.507822e+03
10,30,2,7.507822e+03
10,30,3,7.507822e+03
10,30,5,7.507822e+03
10,30,1,9.407257e+03
10,30,2,9.242227e+03
10,30,3,8.074075e+03
10,30,5,8.074075e+03
10,30,1,8.949503e+03
10,30,2,8.210216e+03
10,30,3,8.210216e+03
10,30,5,8.210216e+03
10,30,1,9.038207e+03
10,30,2,8.325599e+03
10,30,3,8.325599e+03
10,30,5,8.325599e+03
10,30,1,8.624377e+03
10,30,2,8.624377e+03
10,30,3,8.624377e+03
10,30,5,8.624377e+03
10,30,1,8.595012e+03
10,30,2,8.595012e+03
10,30,3,8.595012e+03
10,30,5,8.595012e+03
10,30,1,8.425889e+03
10,30,2,8.240735e+03
10,30,3,8.240735e+03
10,30,5,8.240735e+03
10,30,1,8.645895e+03
10,30,2,8.645895e+03
10,30,3,8.645895e+03
10,30,5,8.268061e+03
10,30,1,8.293332e+03
10,30,2,8.293332e+03
10,30,3,8.293332e+03
10,30,5,8.293332e+03
10,30,1,8.853919e+03
10,30,2,8.853919e+03
10,30,3,8.561014e+03
10,30,5,8.561014e+03
10,30,1,9.228672e+03
10,30,2,9.228672e+03
10,30,3,9.080642e+03
10,30,5,8.556910e+03
10,30,1,9.234288e+03
10,30,2,9.234288e+03
10,30,3,9.234288e+03
10,30,5,9.234288e+03
10,30,1,9.346508e+03
10,30,2,8.206082e+03
10,30,3,8.206082e+03
10,30,5,8.206082e+03
10,30,1,9.110003e+03
10,30,2,8.253768e+03
10,30,3,8.137772e+03
10,30,5,7.741991e+03
10,30,1,9.341221e+03
10,30,2,9.141587e+03
10,30,3,9.141587e+03
10,30,5,8.631470e+03
10,30,1,9.240016e+03
10,30,2,8.480169e+03
10,30,3,8.480169e+03
10,30,5,8.480169e+03
10,30,1,9.292428e+03
10,30,2,9.292428e+03
10,30,3,9.292428e+03
10,30,5,8.917359e+03
10,30,1,8.999465e+03
10,30,2,8.730032e+03
10,30,3,8.730032e+03
10,30,5,8.350667e+03
10,30,1,8.640423e+03
10,30,2,8.503758e+03
10,30,3,8.503758e+03
10,30,5,8.503758e+03
10,30,1,8.767895e+03
10,30,2,8.767895e+03
10,30,3,8.767895e+03
10,30,5,8.767895e+03
10,30,1,9.070699e+03
10,30,2,9.033027e+03
10,30,3,8.695298e+03
10,30,5,7.673513e+03
10,30,1,8.631804e+03
10,30,2,8.049614e+03
10,30,3,8.049614e+03
10,30,5,8.049614e+03
10,30,1,9.094525e+03
10,30,2,8.432398e+03
10,30,3,8.432398e+03
10,30,5,8.432398e+03
10,30,1,8.786196e+03
10,30,2,8.786196e+03
10,30,3,8.786196e+03
10,30,5,8.786196e+03
10,30,1,8.629433e+03
10,30,2,8.629433e+03
10,30,3,8.629433e+03
10,30,5,8.629433e+03
10,30,1,9.017628e+03
10,30,2,9.017628e+03
10,30,3,9.017628e+03
10,30,5,8.731833e+03
10,30,1,8.643747e+03
10,30,2,8.523513e+03
10,30,3,8.523513e+03
10,30,5,8.523513e+03
10,30,1,8.081770e+03
10,30,2,7.893483e+03
10,30,3,7.893483e+03
10,30,5,7.893483e+03
10,30,1,8.544170e+03
10,30,2,7.947019e+03
10,30,3,7.947019e+03
10,30,5,7.947019e+03
10,30,1,9.165494e+03
10,30,2,8.628867e+03
10,30,3,8.628867e+03
10,30,5,8.628867e+03
10,30,1,9.623334e+03
10,30,2,8.681575e+03
10,30,3,8.511488e+03
10,30,5,8.511488e+03
10,30,1,8.006386e+03
10,30,2,8.006386e+03
10,30,3,8.006386e+03
10,30,5,8.006386e+03
10,30,1,9.225599e+03
10,30,2,9.225599e+03
10,30,3,9.225599e+03
10,30,5,9.225599e+03
10,30,1,7.524694e+03
10,30,2,7.524694e+03
10,30,3,7.524694e+03
10,30,5,7.524694e+03
10,30,1,8.265598e+03
10,30,2,8.265598e+03
10,30,3,8.265598e+03
10,30,5,8.265598e+03
10,30,1,8.938331e+03
10,30,2,8.503468e+03
10,30,3,8.503468e+03
10,30,5,8.503468e+03
10,30,1,9.770603e+03
10,30,2,9.770603e+03
10,30,3,9.009823e+03
10,30,5,9.009823e+03
10,30,1,8.972531e+03
10,30,2,7.985132e+03
10,30,3,7.985132e+03
10,30,5,7.985132e+03
10,30,1,9.352906e+03
10,30,2,8.322223e+03
10,30,3,8.322223e+03
10,30,5,8.322223e+03
10,30,1,8.523586e+03
10,30,2,8.523586e+03
10,30,3,8.523586e+03
10,30,5,8.523586e+03
10,30,1,9.065696e+03
10,30,2,8.946743e+03
10,30,3,8.946743e+03
10,30,5,8.946743e+03
10,30,1,8.902872e+03
10,30,2,8.902872e+03
10,30,3,8.828635e+03
10,30,5,8.828635e+03
10,30,1,9.110665e+03
10,30,2,9.110665e+03
10,30,3,9.110665e+03
10,30,5,9.026532e+03
10,30,1,9.191211e+03
10,30,2,8.393704e+03
10,30,3,8.393704e+03
10,30,5,8.393704e+03
10,30,1,8.896585e+03
10,30,2,8.469170e+03
10,30,3,7.821247e+03
10,30,5,7.821247e+03
10,30,1,7.973309e+03
10,30,2,7.973309e+03
10,30,3,7.973309e+03
10,30,5,7.973309e+03
10,30,1,7.863939e+03
10,30,2,7.863939e+03
10,30,1,8.841929e+03
10,30,2,8.841929e+03
10,30,1,8.368852e+03
10,30,2,8.178534e+03
10,30,1,9.247433e+03
10,30,2,8.768729e+03
10,30,1,7.989319e+03
10,30,2,7.699954e+03
10,30,1,8.757434e+03
10,30,2,8.757434e+03
10,30,1,9.275077e+03
10,30,2,9.125813e+03
10,30,1,8.609019e+03
10,30,2,8.609019e+03
10,30,1,8.772018e+03
10,30,2,8.173417e+03
10,30,1,8.699884e+03
10,30,2,8.699884e+03
10,30,1,8.950028e+03
10,30,2,8.581088e+03
10,30,1,8.451143e+03
10,30,2,7.494214e+03
10,30,1,8.689530e+03
10,30,2,8.689530e+03
10,30,1,7.580479e+03
10,30,2,7.580479e+03
10,30,1,8.628164e+03
10,30,2,8.628164e+03
10,30,1,9.159225e+03
10,30,2,8.695708e+03
10,30,1,9.157626e+03
10,30,2,8.766516e+03
10,30,1,8.830866e+03
10,30,2,8.830866e+03
10,30,1,8.156953e+03
10,30,2,8.156953e+03
10,30,1,9.065396e+03
10,30,2,8.012271e+03
10,30,1,9.076596e+03
10,30,2,9.076596e+03
10,30,1,8.931678e+03
10,30,2,8.888663e+03
10,30,1,9.010455e+03
10,30,2,8.555470e+03
10,30,1,8.339394e+03
10,30,2,8.339394e+03
10,30,1,7.905418e+03
10,30,2,7.324312e+03
10,30,1,8.896478e+03
10,30,2,8.896478e+03
10,30,1,8.735958e+03
10,30,2,8.704159e+03
10,30,1,9.065962e+03
10,30,2,8.326400e+03
10,30,1,8.198729e+03
10,30,2,8.198729e+03
10,30,1,8.391724e+03
10,30,2,8.139056e+03
10,30,1,8.843881e+03
10,30,2,8.843881e+03
10,30,1,8.526606e+03
10,30,2,8.526606e+03
10,30,1,8.364791e+03
10,30,2,8.364791e+03
10,30,1,8.197934e+03
10,30,2,8.197934e+03
10,30,1,8.368220e+03
10,30,2,7.730368e+03
10,30,1,8.559791e+03
10,30,2,7.517852e+03
10,30,1,8.177626e+03
10,30,2,8.177626e+03
10,30,1,8.212136e+03
10,30,2,8.212136e+03
10,30,1,8.996142e+03
10,30,2,8.996142e+03
10,30,1,9.351115e+03
10,30,2,9.351115e+03
10,30,1,9.182903e+03
10,30,2,9.182903e+03
10,30,1,9.074631e+03
10,30,2,9.074631e+03
10,30,1,7.981839e+03
10,30,2,7.981839e+03
10,30,1,8.577100e+03
10,30,2,8.577100e+03
10,30,1,8.173003e+03
10,30,2,6.566855e+03
10,30,1,9.317913e+03
10,30,2,9.193335e+03
10,30,1,8.429511e+03
10,30,2,8.429511e+03
10,30,1,7.703047e+03
10,30,2,7.464551e+03
10,30,1,9.433130e+03
10,30,2,9.173973e+03
10,30,1,8.726516e+03
10,30,2,8.064629e+03
10,30,1,9.038396e+03
10,30,2,7.494789e+03
10,30,1,8.723947e+03
10,30,2,8.723947e+03
10,30,3,8.688390e+03
10,30,5,8.498194e+03
10,30,10,8.498194e+03
10,30,20,8.498194e+03
10,30,30,8.498194e+03
10,30,1,8.566379e+03
10,30,2,8.566379e+03
10,30,3,8.566379e+03
10,30,5,8.566379e+03
10,30,10,8.534896e+03
10,30,20,7.848621e+03
10,30,30,6.592216e+03
10,30,1,8.454304e+03
10,30,2,8.454304e+03
10,30,3,8.454304e+03
10,30,5,8.454304e+03
10,30,10,8.413964e+03
10,30,20,8.413964e+03
10,30,30,8.413964e+03
10,30,1,8.644402e+03
10,30,2,7.876826e+03
10,30,3,7.876826e+03
10,30,5,7.876826e+03
10,30,10,7.876826e+03
10,30,20,7.876826e+03
10,30,30,6.883844e+03
10,30,1,9.316723e+03
10,30,2,9.316723e+03
10,30,3,9.316723e+03
10,30,5,9.316723e+03
10,30,10,9.316723e+03
10,30,20,9.263026e+03
10,30,30,9.263026e+03
10,30,1,9.676478e+03
10,30,2,9.674536e+03
10,30,3,9.674536e+03
10,30,5,9.674536e+03
10,30,10,9.143457e+03
10,30,20,9.143457e+03
10,30,30,9.143457e+03
10,30,1,9.362010e+03
10,30,2,8.847801e+03
10,30,3,8.847801e+03
10,30,5,8.847801e+03
10,30,10,8.820691e+03
10,30,20,6.361963e+03
10,30,30,6.361963e+03
10,30,1,8.503660e+03
10,30,2,8.120526e+03
10,30,3,7.552230e+03
10,30,5,7.552230e+03
10,30,10,7.552230e+03
10,30,20,6.913505e+03
10,30,30,6.913505e+03
10,30,1,9.102010e+03
10,30,2,9.102010e+03
10,30,3,9.102010e+03
10,30,5,9.056791e+03
10,30,10,8.044062e+03
10,30,20,8.044062e+03
10,30,30,8.044062e+03
10,30,1,8.099368e+03
10,30,2,8.099368e+03
10,30,3,8.099368e+03
10,30,5,8.099368e+03
10,30,10,6.878595e+03
10,30,20,6.578279e+03
10,30,30,6.578279e+03
10,30,1,7.799750e+03
10,30,2,7.799750e+03
10,30,3,7.799750e+03
10,30,5,7.799750e+03
10,30,10,7.799750e+03
10,30,20,7.799750e+03
10,30,30,7.799750e+03
10,30,1,8.623525e+03
10,30,2,8.623525e+03
10,30,3,8.623525e+03
10,30,5,8.623525e+03
10,30,10,8.623525e+03
10,30,20,8.623525e+03
10,30,30,8.623525e+03
10,30,1,8.549399e+03
10,30,2,8.236070e+03
10,30,3,8.236070e+03
10,30,5,8.050134e+03
10,30,10,7.056631e+03
10,30,20,7.056631e+03
10,30,30,7.056631e+03
10,30,1,8.615771e+03
10,30,2,8.615771e+03
10,30,3,8.615771e+03
10,30,5,8.615771e+03
10,30,10,8.615771e+03
10,30,20,8.615771e+03
10,30,30,8.615771e+03
10,30,1,8.452120e+03
10,30,2,8.452120e+03
10,30,3,8.452120e+03
10,30,5,8.452120e+03
10,30,10,8.452120e+03
10,30,20,8.452120e+03
10,30,30,8.452120e+03
10,30,1,7.831095e+03
10,30,2,7.831095e+03
10,30,3,7.831095e+03
10,30,5,7.831095e+03
10,30,10,7.831095e+03
10,30,20,7.831095e+03
10,30,30,7.831095e+03
10,30,1,7.956728e+03
10,30,2,7.956728e+03
10,30,3,7.956728e+03
10,30,5,7.956728e+03
10,30,10,7.956728e+03
10,30,20,7.956728e+03
10,30,30,7.956728e+03
10,30,1,9.145692e+03
10,30,2,9.145692e+03
10,30,3,9.145692e+03
10,30,5,8.636957e+03
10,30,10,8.636957e+03
10,30,20,8.636957e+03
10,30,30,8.636957e+03
10,30,1,8.826115e+03
10,30,2,8.826115e+03
10,30,3,8.826115e+03
10,30,5,8.826115e+03
10,30,10,8.826115e+03
10,30,20,8.826115e+03
10,30,30,8.826115e+03
10,30,1,9.046541e+03
10,30,2,9.046541e+03
10,30,3,9.046541e+03
10,30,5,9.046541e+03
10,30,10,8.422197e+03
10,30,20,8.422197e+03
10,30,30,8.422197e+03
10,30,1,8.946221e+03
10,30,2,8.672476e+03
10,30,3,8.672476e+03
10,30,5,8.672476e+03
10,30,10,8.672476e+03
10,30,20,8.672476e+03
10,30,30,8.102893e+03
10,30,1,8.745133e+03
10,30,2,8.125048e+03
10,30,3,8.125048e+03
10,30,5,7.911596e+03
10,30,10,7.898365e+03
10,30,20,7.898365e+03
10,30,30,7.898365e+03
10,30,1,8.794808e+03
10,30,2,8.794808e+03
10,30,3,8.794808e+03
10,30,5,8.594400e+03
10,30,10,7.578086e+03
10,30,20,7.578086e+03
10,30,30,4.851253e+03
10,30,1,7.865621e+03
10,30,2,7.865621e+03
10,30,3,7.865621e+03
10,30,5,7.865621e+03
10,30,10,7.865621e+03
10,30,20,7.865621e+03
10,30,30,7.865621e+03
10,30,1,9.122013e+03
10,30,2,9.122013e+03
10,30,3,9.122013e+03
10,30,5,9.122013e+03
10,30,10,9.122013e+03
10,30,20,9.122013e+03
10,30,30,9.122013e+03
10,30,1,8.848182e+03
10,30,2,8.848182e+03
10,30,3,8.848182e+03
10,30,5,8.848182e+03
10,30,10,8.710234e+03
10,30,20,8.247206e+03
10,30,30,7.131345e+03
10,30,1,9.454384e+03
10,30,2,9.454384e+03
10,30,3,9.454384e+03
10,30,5,8.253504e+03
10,30,10,8.249053e+03
10,30,20,8.122800e+03
10,30,30,8.122800e+03
10,30,1,8.710707e+03
10,30,2,8.710707e+03
10,30,3,8.710707e+03
10,30,5,8.710707e+03
10,30,10,8.710707e+03
10,30,20,8.710707e+03
10,30,30,8.710707e+03
10,30,1,8.408568e+03
10,30,2,8.408568e+03
10,30,3,8.408568e+03
10,30,5,8.274845e+03
10,30,10,8.274845e+03
10,30,20,8.274845e+03
10,30,30,8.274845e+03
10,30,1,9.732109e+03
10,30,2,9.153225e+03
10,30,3,9.153225e+03
10,30,5,9.153225e+03
10,30,10,9.002975e+03
10,30,20,8.506255e+03
10,30,30,8.506255e+03
10,30,1,8.771027e+03
10,30,2,7.934504e+03
10,30,3,7.934504e+03
10,30,5,7.934504e+03
10,30,10,7.934504e+03
10,30,20,7.788490e+03
10,30,30,7.447532e+03
10,30,1,9.499320e+03
10,30,2,9.203687e+03
10,30,3,8.807075e+03
10,30,5,8.807075e+03
10,30,10,8.807075e+03
10,30,20,8.751993e+03
10,30,30,5.650610e+03
10,30,1,9.243056e+03
10,30,2,9.239034e+03
10,30,3,9.239034e+03
10,30,5,9.239034e+03
10,30,10,9.239034e+03
10,30,20,8.870095e+03
10,30,30,8.870095e+03
10,30,1,9.238391e+03
10,30,2,9.238391e+03
10,30,3,9.238391e+03
10,30,5,8.127683e+03
10,30,10,8.127683e+03
10,30,20,8.127683e+03
10,30,30,8.127683e+03
10,30,1,9.003340e+03
10,30,2,7.880387e+03
10,30,3,7.880387e+03
10,30,5,7.880387e+03
10,30,10,7.680964e+03
10,30,20,7.680964e+03
10,30,30,7.680964e+03
10,30,1,8.834423e+03
10,30,2,8.598518e+03
10,30,3,8.598518e+03
10,30,5,8.598518e+03
10,30,10,8.598518e+03
10,30,20,8.598518e+03
10,30,30,7.956652e+03
10,30,1,9.375994e+03
10,30,2,7.787469e+03
10,30,3,7.787469e+03
10,30,5,7.279740e+03
10,30,10,7.022991e+03
10,30,20,5.481578e+03
10,30,30,4.175868e+03
10,30,1,9.250411e+03
10,30,2,8.673889e+03
10,30,3,8.673889e+03
10,30,5,8.673889e+03
10,30,10,8.574807e+03
10,30,20,8.365429e+03
10,30,30,8.365429e+03
10,30,1,8.165052e+03
10,30,2,8.165052e+03
10,30,3,8.165052e+03
10,30,5,8.165052e+03
10,30,10,8.165052e+03
10,30,20,8.165052e+03
10,30,30,8.165052e+03
10,30,1,8.798836e+03
10,30,2,8.738341e+03
10,30,3,8.738341e+03
10,30,5,8.608971e+03
10,30,10,8.608971e+03
10,30,20,8.608971e+03
10,30,30,8.608971e+03
10,30,1,9.537860e+03
10,30,2,8.904032e+03
10,30,3,8.904032e+03
10,30,5,8.904032e+03
10,30,10,8.904032e+03
10,30,20,8.904032e+03
10,30,30,8.904032e+03
10,30,1,7.983452e+03
10,30,2,7.983452e+03
10,30,3,7.983452e+03
10,30,5,7.983452e+03
10,30,10,7.983452e+03
10,30,20,7.983452e+03
10,30,30,7.983452e+03
10,30,1,9.116116e+03
10,30,2,9.116116e+03
10,30,3,9.116116e+03
10,30,5,9.116116e+03
10,30,10,9.116116e+03
10,30,20,9.116116e+03
10,30,30,9.116116e+03
10,30,1,8.873407e+03
10,30,2,8.873407e+03
10,30,3,8.873407e+03
10,30,5,8.873407e+03
10,30,10,8.766881e+03
10,30,20,8.766881e+03
10,30,30,8.766881e+03
10,30,1,9.125061e+03
10,30,2,9.084434e+03
10,30,3,9.084434e+03
10,30,5,8.688769e+03
10,30,10,8.658090e+03
10,30,20,8.658090e+03
10,30,30,8.658090e+03
10,30,1,8.108035e+03
10,30,2,8.082324e+03
10,30,3,7.551665e+03
10,30,5,7.551665e+03
10,30,10,7.551665e+03
10,30,20,7.551665e+03
10,30,30,5.592318e+03
10,30,1,7.926533e+03
10,30,2,7.926533e+03
10,30,3,7.926533e+03
10,30,5,7.926533e+03
10,30,10,7.926533e+03
10,30,20,7.926533e+03
10,30,30,7.926533e+03
10,30,1,9.411194e+03
10,30,2,9.411194e+03
10,30,3,9.366603e+03
10,30,5,9.320634e+03
10,30,10,9.320634e+03
10,30,20,9.212911e+03
10,30,30,9.212911e+03
10,30,1,9.323914e+03
10,30,2,9.323914e+03
10,30,3,9.312774e+03
10,30,5,9.012928e+03
10,30,10,8.901367e+03
10,30,20,8.901367e+03
10,30,30,8.901367e+03
10,30,1,9.012571e+03
10,30,2,8.867400e+03
10,30,3,8.867400e+03
10,30,5,8.867400e+03
10,30,10,8.867400e+03
10,30,20,8.867400e+03
10,30,30,8.867400e+03
10,30,1,9.368742e+03
10,30,2,9.368742e+03
10,30,3,9.368742e+03
10,30,5,9.368742e+03
10,30,10,9.368742e+03
10,30,20,6.776539e+03
10,30,30,6.776539e+03
10,30,1,9.198745e+03
10,30,2,9.198745e+03
10,30,3,9.198745e+03
10,30,5,9.198745e+03
10,30,1,9.331476e+03
10,30,2,9.331476e+03
10,30,3,9.331476e+03
10,30,5,8.674403e+03
10,30,1,9.989490e+03
10,30,2,9.989490e+03
10,30,3,9.989490e+03
10,30,5,9.989490e+03
10,30,1,9.760842e+03
10,30,2,9.760842e+03
10,30,3,9.760842e+03
10,30,5,9.760842e+03
10,30,1,9.152815e+03
10,30,2,9.152815e+03
10,30,3,9.152815e+03
10,30,5,9.152815e+03
10,30,1,8.405848e+03
10,30,2,8.405848e+03
10,30,3,8.405848e+03
10,30,5,8.405848e+03
10,30,1,9.704126e+03
10,30,2,9.063705e+03
10,30,3,9.063705e+03
10,30,5,9.063705e+03
10,30,1,9.778662e+03
10,30,2,9.778662e+03
10,30,3,9.778662e+03
10,30,5,9.778662e+03
10,30,1,1.042971e+04
10,30,2,1.042971e+04
10,30,3,1.042971e+04
10,30,5,1.042971e+04
10,30,1,9.278218e+03
10,30,2,9.278218e+03
10,30,3,9.278218e+03
10,30,5,9.278218e+03
10,30,1,8.976524e+03
10,30,2,8.976524e+03
10,30,3,8.976524e+03
10,30,5,8.976524e+03
10,30,1,9.954642e+03
10,30,2,9.954642e+03
10,30,3,9.830920e+03
10,30,5,7.804444e+03
10,30,1,8.464642e+03
10,30,2,8.464642e+03
10,30,3,8.464642e+03
10,30,5,8.464642e+03
10,30,1,1.036817e+04
10,30,2,1.036817e+04
10,30,3,1.036817e+04
10,30,5,1.036817e+04
10,30,1,1.003835e+04
10,30,2,1.003835e+04
10,30,3,1.003835e+04
10,30,5,1.003835e+04
10,30,1,9.782849e+03
10,30,2,9.782849e+03
10,30,3,9.782849e+03
10,30,5,9.782849e+03
10,30,1,9.714799e+03
10,30,2,9.714799e+03
10,30,3,9.714799e+03
10,30,5,9.714799e+03
10,30,1,8.610564e+03
10,30,2,8.610564e+03
10,30,3,8.610564e+03
10,30,5,8.599507e+03
10,30,1,9.086938e+03
10,30,2,9.006519e+03
10,30,3,9.006519e+03
10,30,5,9.006519e+03
10,30,1,9.811934e+03
10,30,2,9.811934e+03
10,30,3,9.811934e+03
10,30,5,6.681649e+03
10,30,1,9.659956e+03
10,30,2,9.659956e+03
10,30,3,9.659956e+03
10,30,5,9.659956e+03
10,30,1,9.197977e+03
10,30,2,9.197977e+03
10,30,3,9.197977e+03
10,30,5,9.197977e+03
10,30,1,8.652439e+03
10,30,2,8.652439e+03
10,30,3,8.652439e+03
10,30,5,8.652439e+03
10,30,1,1.009575e+04
10,30,2,1.009575e+04
10,30,3,1.009575e+04
10,30,5,1.009575e+04
10,30,1,1.009400e+04
10,30,2,1.009400e+04
10,30,3,1.009400e+04
10,30,5,1.009400e+04
10,30,1,9.970230e+03
10,30,2,9.970230e+03
10,30,3,9.970230e+03
10,30,5,9.970230e+03
10,30,1,1.040872e+04
10,30,2,1.040872e+04
10,30,3,1.040872e+04
10,30,5,1.040872e+04
10,30,1,9.949075e+03
10,30,2,9.949075e+03
10,30,3,9.949075e+03
10,30,5,8.445251e+03
10,30,1,1.007115e+04
10,30,2,1.007115e+04
10,30,3,1.007115e+04
10,30,5,1.007115e+04
10,30,1,9.738026e+03
10,30,2,9.738026e+03
10,30,3,9.738026e+03
10,30,5,9.738026e+03
10,30,1,9.717203e+03
10,30,2,9.717203e+03
10,30,3,9.460223e+03
10,30,5,8.658954e+03
10,30,1,9.581535e+03
10,30,2,9.581535e+03
10,30,3,9.581535e+03
10,30,5,9.581535e+03
10,30,1,1.043069e+04
10,30,2,1.043069e+04
10,30,3,1.043069e+04
10,30,5,1.043069e+04
10,30,1,9.643939e+03
10,30,2,9.643939e+03
10,30,3,8.990072e+03
10,30,5,8.826438e+03
10,30,1,9.415138e+03
10,30,2,9.415138e+03
10,30,3,9.415138e+03
10,30,5,9.415138e+03
10,30,1,9.658080e+03
10,30,2,9.658080e+03
10,30,3,9.658080e+03
10,30,5,9.658080e+03
10,30,1,9.515052e+03
10,30,2,9.515052e+03
10,30,3,9.515052e+03
10,30,5,9.515052e+03
10,30,1,1.015060e+04
10,30,2,1.015060e+04
10,30,3,1.015060e+04
10,30,5,1.015060e+04
10,30,1,9.588091e+03
10,30,2,9.588091e+03
10,30,3,9.588091e+03
10,30,5,9.588091e+03
10,30,1,8.700552e+03
10,30,2,8.700552e+03
10,30,3,8.700552e+03
10,30,5,8.700552e+03
10,30,1,9.573670e+03
10,30,2,9.573670e+03
10,30,3,9.573670e+03
10,30,5,9.573670e+03
10,30,1,9.086986e+03
10,30,2,9.086986e+03
10,30,3,9.086986e+03
10,30,5,8.726093e+03
10,30,1,9.586660e+03
10,30,2,9.586660e+03
10,30,3,9.586660e+03
10,30,5,9.586660e+03
10,30,1,9.564794e+03
10,30,2,9.564794e+03
10,30,3,9.564794e+03
10,30,5,9.564794e+03
10,30,1,1.001255e+04
10,30,2,1.001255e+04
10,30,3,1.001255e+04
10,30,5,1.001255e+04
10,30,1,9.577824e+03
10,30,2,9.577824e+03
10,30,3,9.577824e+03
10,30,5,9.577824e+03
10,30,1,1.004945e+04
10,30,2,1.004945e+04
10,30,3,1.004945e+04
10,30,5,1.004945e+04
10,30,1,9.838868e+03
10,30,2,9.838868e+03
10,30,3,9.838868e+03
10,30,5,9.838868e+03
10,30,1,8.958405e+03
10,30,2,8.958405e+03
10,30,3,8.958405e+03
10,30,5,8.958405e+03
10,30,1,9.606973e+03
10,30,2,9.606973e+03
10,30,3,9.606973e+03
10,30,5,9.606973e+03
10,30,1,9.393909e+03
10,30,2,9.393909e+03
10,30,3,9.393909e+03
10,30,5,9.393909e+03
