funcid,dim,milestone,error
25,30,1,1.026440e+04
25,30,2,1.026440e+04
25,30,3,1.026440e+04
25,30,5,1.026440e+04
25,30,1,4.999220e+03
25,30,2,4.999220e+03
25,30,3,4.999220e+03
25,30,5,4.007674e+03
25,30,1,3.302699e+03
25,30,2,3.302699e+03
25,30,3,3.302699e+03
25,30,5,3.302699e+03
25,30,1,1.062916e+04
25,30,2,1.062916e+04
25,30,3,1.062916e+04
25,30,5,1.062916e+04
25,30,1,4.710250e+03
25,30,2,4.710250e+03
25,30,3,4.710250e+03
25,30,5,4.710250e+03
25,30,1,5.067578e+03
25,30,2,5.067578e+03
25,30,3,5.067578e+03
25,30,5,3.321996e+03
25,30,1,3.144069e+03
25,30,2,3.144069e+03
25,30,3,3.144069e+03
25,30,5,3.144069e+03
25,30,1,2.260185e+04
25,30,2,2.260185e+04
25,30,3,2.260185e+04
25,30,5,2.260185e+04
25,30,1,1.494270e+04
25,30,2,1.494270e+04
25,30,3,1.494270e+04
25,30,5,5.799377e+03
25,30,1,3.520631e+03
25,30,2,3.217744e+03
25,30,3,3.217744e+03
25,30,5,3.217744e+03
25,30,1,5.260594e+03
25,30,2,5.260594e+03
25,30,3,5.260594e+03
25,30,5,5.260594e+03
25,30,1,1.142231e+04
25,30,2,1.142231e+04
25,30,3,1.142231e+04
25,30,5,1.142231e+04
25,30,1,2.411634e+04
25,30,2,2.411634e+04
25,30,3,2.411634e+04
25,30,5,3.503223e+03
25,30,1,1.732339e+04
25,30,2,1.732339e+04
25,30,3,1.732339e+04
25,30,5,1.732339e+04
25,30,1,1.359291e+04
25,30,2,1.359291e+04
25,30,3,1.359291e+04
25,30,5,1.359291e+04
25,30,1,1.289203e+04
25,30,2,1.289203e+04
25,30,3,1.289203e+04
25,30,5,1.289203e+04
25,30,1,3.816214e+03
25,30,2,3.816214e+03
25,30,3,3.816214e+03
25,30,5,3.816214e+03
25,30,1,8.224619e+03
25,30,2,8.224619e+03
25,30,3,8.224619e+03
25,30,5,8.224619e+03
25,30,1,1.228265e+04
25,30,2,1.228265e+04
25,30,3,1.228265e+04
25,30,5,1.228265e+04
25,30,1,1.130366e+04
25,30,2,6.707004e+03
25,30,3,6.707004e+03
25,30,5,3.446126e+03
25,30,1,2.198994e+04
25,30,2,2.198994e+04
25,30,3,2.198994e+04
25,30,5,2.198994e+04
25,30,1,1.651162e+04
25,30,2,1.651162e+04
25,30,3,1.651162e+04
25,30,5,1.651162e+04
25,30,1,2.969647e+03
25,30,2,2.969647e+03
25,30,3,2.969647e+03
25,30,5,2.969647e+03
25,30,1,1.175953e+04
25,30,2,1.175953e+04
25,30,3,1.175953e+04
25,30,5,1.175953e+04
25,30,1,4.736712e+03
25,30,2,4.736712e+03
25,30,3,4.736712e+03
25,30,5,4.736712e+03
25,30,1,4.070896e+03
25,30,2,4.070896e+03
25,30,3,4.070896e+03
25,30,5,4.070896e+03
25,30,1,4.509556e+03
25,30,2,4.509556e+03
25,30,3,4.509556e+03
25,30,5,4.509556e+03
25,30,1,5.347333e+03
25,30,2,5.347333e+03
25,30,3,5.347333e+03
25,30,5,5.347333e+03
25,30,1,5.290872e+03
25,30,2,5.290872e+03
25,30,3,5.290872e+03
25,30,5,5.290872e+03
25,30,1,6.928489e+03
25,30,2,6.928489e+03
25,30,3,6.928489e+03
25,30,5,6.928489e+03
25,30,1,4.058612e+03
25,30,2,4.058612e+03
25,30,3,4.058612e+03
25,30,5,4.058612e+03
25,30,1,4.957536e+03
25,30,2,4.957536e+03
25,30,3,4.957536e+03
25,30,5,4.957536e+03
25,30,1,1.899941e+04
25,30,2,1.899941e+04
25,30,3,1.899941e+04
25,30,5,1.899941e+04
25,30,1,3.727733e+03
25,30,2,3.727733e+03
25,30,3,3.727733e+03
25,30,5,3.727733e+03
25,30,1,1.463098e+04
25,30,2,1.463098e+04
25,30,3,1.463098e+04
25,30,5,1.463098e+04
25,30,1,2.840734e+03
25,30,2,2.840734e+03
25,30,3,2.840734e+03
25,30,5,2.840734e+03
25,30,1,5.369492e+03
25,30,2,5.369492e+03
25,30,3,5.369492e+03
25,30,5,2.427767e+03
25,30,1,7.291347e+03
25,30,2,7.291347e+03
25,30,3,7.291347e+03
25,30,5,3.166979e+03
25,30,1,1.885162e+04
25,30,2,1.885162e+04
25,30,3,1.885162e+04
25,30,5,1.885162e+04
25,30,1,2.420326e+04
25,30,2,2.420326e+04
25,30,3,2.420326e+04
25,30,5,2.420326e+04
25,30,1,1.221628e+04
25,30,2,1.221628e+04
25,30,3,1.221628e+04
25,30,5,1.221628e+04
25,30,1,1.565838e+04
25,30,2,1.565838e+04
25,30,3,1.565838e+04
25,30,5,1.565838e+04
25,30,1,1.329040e+04
25,30,2,1.329040e+04
25,30,3,1.329040e+04
25,30,5,1.329040e+04
25,30,1,1.692498e+04
25,30,2,1.692498e+04
25,30,3,1.692498e+04
25,30,5,1.692498e+04
25,30,1,7.657319e+03
25,30,2,7.657319e+03
25,30,3,7.657319e+03
25,30,5,7.657319e+03
25,30,1,5.460730e+03
25,30,2,5.460730e+03
25,30,3,5.460730e+03
25,30,5,5.460730e+03
25,30,1,4.844245e+03
25,30,2,4.844245e+03
25,30,3,4.844245e+03
25,30,5,4.844245e+03
25,30,1,7.050808e+03
25,30,2,7.050808e+03
25,30,3,7.050808e+03
25,30,5,7.050808e+03
25,30,1,4.049357e+03
25,30,2,2.832164e+03
25,30,3,2.832164e+03
25,30,5,2.200628e+03
25,30,1,2.208400e+04
25,30,2,2.208400e+04
25,30,3,2.208400e+04
25,30,5,2.208400e+04
25,30,1,8.720802e+03
25,30,2,8.720802e+03
25,30,3,8.720802e+03
25,30,5,8.720802e+03
25,30,1,2.476848e+04
25,30,2,2.476848e+04
25,30,3,2.476848e+04
25,30,5,2.476848e+04
25,30,1,6.213420e+03
25,30,2,6.213420e+03
25,30,3,6.213420e+03
25,30,5,2.480721e+03
25,30,1,3.451199e+03
25,30,2,3.451199e+03
25,30,3,3.451199e+03
25,30,5,3.451199e+03
25,30,1,2.935719e+03
25,30,2,2.935719e+03
25,30,3,2.935719e+03
25,30,5,2.935719e+03
25,30,1,3.759801e+03
25,30,2,3.759801e+03
25,30,3,3.759801e+03
25,30,5,3.759801e+03
25,30,1,3.826478e+03
25,30,2,3.826478e+03
25,30,3,3.826478e+03
25,30,5,3.826478e+03
25,30,1,2.261718e+04
25,30,2,2.261718e+04
25,30,3,2.261718e+04
25,30,5,2.261718e+04
25,30,1,3.879875e+03
25,30,2,3.879875e+03
25,30,3,3.879875e+03
25,30,5,3.879875e+03
25,30,1,4.734960e+03
25,30,2,4.734960e+03
25,30,3,4.734960e+03
25,30,5,2.871695e+03
25,30,1,4.414892e+03
25,30,2,4.414892e+03
25,30,3,4.414892e+03
25,30,5,4.414892e+03
25,30,1,5.058833e+03
25,30,2,4.735777e+03
25,30,3,4.735777e+03
25,30,5,4.735777e+03
25,30,1,3.395847e+03
25,30,2,3.395847e+03
25,30,3,3.395847e+03
25,30,5,3.395847e+03
25,30,1,5.754675e+03
25,30,2,4.735934e+03
25,30,3,4.735934e+03
25,30,5,4.735934e+03
25,30,1,1.106193e+04
25,30,2,1.106193e+04
25,30,3,1.106193e+04
25,30,5,1.106193e+04
25,30,1,1.183413e+04
25,30,2,1.183413e+04
25,30,3,1.183413e+04
25,30,5,2.513219e+03
25,30,1,2.386538e+04
25,30,2,2.386538e+04
25,30,3,2.386538e+04
25,30,5,3.500332e+03
25,30,1,4.183896e+03
25,30,2,4.183896e+03
25,30,3,4.183896e+03
25,30,5,4.183896e+03
25,30,1,5.162463e+03
25,30,2,5.162463e+03
25,30,3,5.162463e+03
25,30,5,5.162463e+03
25,30,1,8.758148e+03
25,30,2,8.758148e+03
25,30,3,8.758148e+03
25,30,5,8.758148e+03
25,30,1,4.358151e+03
25,30,2,4.358151e+03
25,30,3,4.358151e+03
25,30,5,4.358151e+03
25,30,1,3.409245e+03
25,30,2,3.409245e+03
25,30,3,3.409245e+03
25,30,5,3.409245e+03
25,30,1,5.671200e+03
25,30,2,5.378997e+03
25,30,3,5.378997e+03
25,30,5,5.378997e+03
25,30,1,1.305965e+04
25,30,2,1.305965e+04
25,30,3,1.305965e+04
25,30,5,1.305965e+04
25,30,1,1.158848e+04
25,30,2,1.158848e+04
25,30,3,1.158848e+04
25,30,5,1.158848e+04
25,30,1,5.410863e+03
25,30,2,5.410863e+03
25,30,3,5.410863e+03
25,30,5,5.410863e+03
25,30,1,1.580690e+04
25,30,2,1.580690e+04
25,30,3,1.580690e+04
25,30,5,1.580690e+04
25,30,1,4.247962e+03
25,30,2,4.247962e+03
25,30,3,4.247962e+03
25,30,5,4.247962e+03
25,30,1,2.372107e+04
25,30,2,2.372107e+04
25,30,3,2.372107e+04
25,30,5,2.372107e+04
25,30,1,3.914811e+03
25,30,2,3.914811e+03
25,30,3,3.914811e+03
25,30,5,3.914811e+03
25,30,1,1.389258e+04
25,30,2,1.389258e+04
25,30,3,1.389258e+04
25,30,5,1.389258e+04
25,30,1,1.023866e+04
25,30,2,1.023866e+04
25,30,3,1.023866e+04
25,30,5,1.023866e+04
25,30,1,2.410034e+04
25,30,2,2.410034e+04
25,30,3,2.410034e+04
25,30,5,2.410034e+04
25,30,1,1.567208e+04
25,30,2,1.567208e+04
25,30,3,1.567208e+04
25,30,5,1.567208e+04
25,30,1,5.102311e+03
25,30,2,5.102311e+03
25,30,3,5.102311e+03
25,30,5,5.102311e+03
25,30,1,5.948732e+03
25,30,2,5.948732e+03
25,30,3,5.948732e+03
25,30,5,5.948732e+03
25,30,1,5.274405e+03
25,30,2,5.274405e+03
25,30,3,5.274405e+03
25,30,5,3.759931e+03
25,30,1,1.040865e+04
25,30,2,1.040865e+04
25,30,3,1.040865e+04
25,30,5,2.896533e+03
25,30,1,3.961654e+03
25,30,2,3.961654e+03
25,30,3,3.961654e+03
25,30,5,3.961654e+03
25,30,1,5.913449e+03
25,30,2,5.913449e+03
25,30,3,5.913449e+03
25,30,5,5.913449e+03
25,30,1,1.948514e+04
25,30,2,1.948514e+04
25,30,3,1.948514e+04
25,30,5,1.948514e+04
25,30,1,9.006690e+03
25,30,2,9.006690e+03
25,30,3,9.006690e+03
25,30,5,9.006690e+03
25,30,1,1.122151e+04
25,30,2,1.122151e+04
25,30,3,1.122151e+04
25,30,5,7.989105e+03
25,30,1,2.683391e+04
25,30,2,2.683391e+04
25,30,3,2.683391e+04
25,30,5,2.683391e+04
25,30,1,1.689162e+03
25,30,2,1.689162e+03
25,30,3,1.689162e+03
25,30,5,1.689162e+03
25,30,1,3.475247e+03
25,30,2,2.920627e+03
25,30,3,2.920627e+03
25,30,5,2.748668e+03
25,30,1,4.740312e+03
25,30,2,4.740312e+03
25,30,3,2.959700e+03
25,30,5,2.959700e+03
25,30,1,1.592967e+04
25,30,2,1.592967e+04
25,30,3,1.592967e+04
25,30,5,1.592967e+04
25,30,1,1.719547e+04
25,30,2,1.719547e+04
25,30,3,1.719547e+04
25,30,5,1.719547e+04
25,30,1,2.429845e+03
25,30,2,2.429845e+03
25,30,3,2.429845e+03
25,30,5,2.429845e+03
25,30,1,7.071322e+03
25,30,2,7.071322e+03
25,30,3,7.071322e+03
25,30,5,7.071322e+03
25,30,1,3.997709e+03
25,30,2,3.997709e+03
25,30,3,3.997709e+03
25,30,5,3.997709e+03
25,30,1,4.297451e+03
25,30,2,4.297451e+03
25,30,3,4.297451e+03
25,30,5,4.297451e+03
25,30,1,2.950613e+03
25,30,2,2.950613e+03
25,30,3,2.950613e+03
25,30,5,2.950613e+03
25,30,1,3.809815e+03
25,30,2,3.809815e+03
25,30,3,3.809815e+03
25,30,5,3.809815e+03
25,30,1,1.649642e+04
25,30,2,1.649642e+04
25,30,3,1.649642e+04
25,30,5,1.649642e+04
25,30,1,1.871077e+04
25,30,2,1.871077e+04
25,30,3,1.871077e+04
25,30,5,1.871077e+04
25,30,1,4.472801e+03
25,30,2,4.472801e+03
25,30,3,4.472801e+03
25,30,5,4.472801e+03
25,30,1,1.680579e+04
25,30,2,1.680579e+04
25,30,3,1.680579e+04
25,30,5,1.680579e+04
25,30,1,4.351896e+03
25,30,2,4.351896e+03
25,30,3,4.351896e+03
25,30,5,4.351896e+03
25,30,1,1.737295e+04
25,30,2,1.737295e+04
25,30,3,1.737295e+04
25,30,5,1.737295e+04
25,30,1,1.109489e+04
25,30,2,1.109489e+04
25,30,3,1.109489e+04
25,30,5,1.109489e+04
25,30,1,1.935861e+04
25,30,2,1.935861e+04
25,30,3,1.935861e+04
25,30,5,1.935861e+04
25,30,1,3.776348e+03
25,30,2,3.776348e+03
25,30,3,3.776348e+03
25,30,5,3.776348e+03
25,30,1,5.808228e+03
25,30,2,5.808228e+03
25,30,3,5.808228e+03
25,30,5,5.432596e+03
25,30,1,6.223375e+03
25,30,2,6.223375e+03
25,30,3,6.223375e+03
25,30,5,4.661200e+03
25,30,1,4.130379e+03
25,30,2,4.130379e+03
25,30,3,4.130379e+03
25,30,5,4.130379e+03
25,30,1,1.831875e+04
25,30,2,1.831875e+04
25,30,3,1.831875e+04
25,30,5,1.831875e+04
25,30,1,4.493120e+03
25,30,2,4.493120e+03
25,30,3,4.493120e+03
25,30,5,4.493120e+03
25,30,1,1.604165e+04
25,30,2,1.604165e+04
25,30,3,1.604165e+04
25,30,5,6.030112e+03
25,30,1,7.150991e+03
25,30,2,6.768100e+03
25,30,3,6.768100e+03
25,30,5,6.768100e+03
25,30,1,5.270334e+03
25,30,2,5.270334e+03
25,30,3,5.270334e+03
25,30,5,5.270334e+03
25,30,1,3.277723e+03
25,30,2,3.277723e+03
25,30,3,3.277723e+03
25,30,5,3.277723e+03
25,30,1,9.134456e+03
25,30,2,9.134456e+03
25,30,3,9.134456e+03
25,30,5,9.134456e+03
25,30,1,6.474004e+03
25,30,2,6.474004e+03
25,30,3,6.136017e+03
25,30,5,2.742244e+03
25,30,1,8.303276e+03
25,30,2,8.303276e+03
25,30,3,8.303276e+03
25,30,5,8.303276e+03
25,30,1,1.428484e+04
25,30,2,1.428484e+04
25,30,3,1.428484e+04
25,30,5,1.428484e+04
25,30,1,7.248105e+03
25,30,2,7.248105e+03
25,30,3,7.248105e+03
25,30,5,7.248105e+03
25,30,1,5.828068e+03
25,30,2,5.828068e+03
25,30,3,4.182920e+03
25,30,5,2.382430e+03
25,30,1,1.453879e+04
25,30,2,5.523019e+03
25,30,3,5.139912e+03
25,30,5,5.139912e+03
25,30,1,1.713844e+04
25,30,2,1.713844e+04
25,30,3,1.713844e+04
25,30,5,5.404785e+03
25,30,1,3.670683e+03
25,30,2,3.670683e+03
25,30,3,3.670683e+03
25,30,5,3.670683e+03
25,30,1,5.828403e+03
25,30,2,5.828403e+03
25,30,3,5.828403e+03
25,30,5,5.828403e+03
25,30,1,1.525128e+04
25,30,2,1.525128e+04
25,30,3,1.525128e+04
25,30,5,3.630004e+03
25,30,1,4.835849e+03
25,30,2,4.835849e+03
25,30,3,4.835849e+03
25,30,5,4.835849e+03
25,30,1,1.157294e+04
25,30,2,1.157294e+04
25,30,3,1.157294e+04
25,30,5,1.157294e+04
25,30,1,3.756211e+03
25,30,2,3.756211e+03
25,30,3,3.756211e+03
25,30,5,3.756211e+03
25,30,1,6.287320e+03
25,30,2,4.555147e+03
25,30,3,4.555147e+03
25,30,5,4.555147e+03
25,30,1,1.208045e+04
25,30,2,1.208045e+04
25,30,3,1.208045e+04
25,30,5,1.208045e+04
25,30,1,4.524506e+03
25,30,2,4.524506e+03
25,30,3,4.524506e+03
25,30,5,3.082467e+03
25,30,1,1.554801e+04
25,30,2,1.554801e+04
25,30,3,1.554801e+04
25,30,5,1.554801e+04
25,30,1,4.852722e+03
25,30,2,4.852722e+03
25,30,3,4.852722e+03
25,30,5,4.852722e+03
25,30,1,5.235394e+03
25,30,2,5.235394e+03
25,30,3,5.235394e+03
25,30,5,2.625294e+03
25,30,1,1.123870e+04
25,30,2,1.123870e+04
25,30,3,1.123870e+04
25,30,5,1.123870e+04
25,30,1,5.834089e+03
25,30,2,5.834089e+03
25,30,3,5.834089e+03
25,30,5,5.834089e+03
25,30,1,4.197245e+03
25,30,2,3.518881e+03
25,30,3,3.518881e+03
25,30,5,3.518881e+03
25,30,1,3.925503e+03
25,30,2,3.925503e+03
25,30,3,3.925503e+03
25,30,5,3.925503e+03
25,30,1,1.526830e+04
25,30,2,1.526830e+04
25,30,3,1.526830e+04
25,30,5,1.526830e+04
25,30,1,5.231391e+03
25,30,2,5.231391e+03
25,30,3,5.231391e+03
25,30,5,5.231391e+03
25,30,1,4.444647e+03
25,30,2,4.444647e+03
25,30,3,4.444647e+03
25,30,5,4.444647e+03
25,30,1,1.209159e+04
25,30,2,1.209159e+04
25,30,3,1.209159e+04
25,30,5,1.209159e+04
25,30,1,5.410146e+03
25,30,2,5.410146e+03
25,30,3,5.410146e+03
25,30,5,5.410146e+03
25,30,1,6.243230e+03
25,30,2,6.243230e+03
25,30,3,6.243230e+03
25,30,5,6.243230e+03
25,30,1,5.309621e+03
25,30,2,2.809602e+03
25,30,3,2.809602e+03
25,30,5,2.809602e+03
25,30,1,4.351826e+03
25,30,2,4.351826e+03
25,30,3,4.351826e+03
25,30,5,4.351826e+03
25,30,1,6.837252e+03
25,30,2,2.849888e+03
25,30,3,2.278928e+03
25,30,5,2.278928e+03
25,30,1,4.677378e+03
25,30,2,4.677378e+03
25,30,3,4.677378e+03
25,30,5,4.677378e+03
25,30,1,7.105688e+03
25,30,2,5.025293e+03
25,30,3,3.965701e+03
25,30,5,2.584558e+03
25,30,1,4.475956e+03
25,30,2,3.251741e+03
25,30,3,3.251741e+03
25,30,5,3.251741e+03
25,30,1,5.693679e+03
25,30,2,5.693679e+03
25,30,3,5.693679e+03
25,30,5,5.693679e+03
25,30,1,3.586685e+03
25,30,2,3.180718e+03
25,30,3,2.374346e+03
25,30,5,2.374346e+03
25,30,1,5.609778e+03
25,30,2,3.496129e+03
25,30,3,2.462691e+03
25,30,5,2.280366e+03
25,30,1,6.358776e+03
25,30,2,4.117869e+03
25,30,3,4.117869e+03
25,30,5,4.117869e+03
25,30,1,6.395646e+03
25,30,2,4.501361e+03
25,30,3,3.701067e+03
25,30,5,3.701067e+03
25,30,1,1.027811e+04
25,30,2,5.311729e+03
25,30,3,5.311729e+03
25,30,5,2.549203e+03
25,30,1,2.794153e+03
25,30,2,2.700833e+03
25,30,3,1.786813e+03
25,30,5,1.547339e+03
25,30,1,3.953786e+03
25,30,2,3.674703e+03
25,30,3,3.674703e+03
25,30,5,3.674703e+03
25,30,1,5.288368e+03
25,30,2,4.493030e+03
25,30,3,4.493030e+03
25,30,5,4.493030e+03
25,30,1,3.338366e+03
25,30,2,3.338366e+03
25,30,3,3.338366e+03
25,30,5,3.338366e+03
25,30,1,4.586763e+03
25,30,2,4.586763e+03
25,30,3,3.269821e+03
25,30,5,3.269821e+03
25,30,1,6.191969e+03
25,30,2,6.191969e+03
25,30,3,3.847036e+03
25,30,5,3.847036e+03
25,30,1,8.658850e+03
25,30,2,8.658850e+03
25,30,3,7.263120e+03
25,30,5,4.172116e+03
25,30,1,3.562989e+03
25,30,2,3.562989e+03
25,30,3,3.562989e+03
25,30,5,3.562989e+03
25,30,1,7.104271e+03
25,30,2,4.952865e+03
25,30,3,4.952865e+03
25,30,5,1.448579e+03
25,30,1,3.923008e+03
25,30,2,3.762714e+03
25,30,3,2.760735e+03
25,30,5,2.760735e+03
25,30,1,6.820388e+03
25,30,2,6.820388e+03
25,30,3,3.714511e+03
25,30,5,3.714511e+03
25,30,1,4.017979e+03
25,30,2,4.017979e+03
25,30,3,3.898469e+03
25,30,5,3.898469e+03
25,30,1,2.909428e+03
25,30,2,2.909428e+03
25,30,3,2.909428e+03
25,30,5,2.909428e+03
25,30,1,7.628842e+03
25,30,2,7.628842e+03
25,30,3,4.571887e+03
25,30,5,3.635628e+03
25,30,1,4.457236e+03
25,30,2,3.721970e+03
25,30,3,3.374906e+03
25,30,5,3.374906e+03
25,30,1,5.117695e+03
25,30,2,5.117695e+03
25,30,3,5.065732e+03
25,30,5,4.847599e+03
25,30,1,2.791209e+03
25,30,2,2.791209e+03
25,30,3,2.791209e+03
25,30,5,2.791209e+03
25,30,1,3.192924e+03
25,30,2,3.192924e+03
25,30,3,2.821416e+03
25,30,5,2.569065e+03
25,30,1,1.912440e+04
25,30,2,5.781149e+03
25,30,3,4.534477e+03
25,30,5,4.514678e+03
25,30,1,6.029917e+03
25,30,2,5.849928e+03
25,30,3,5.849928e+03
25,30,5,5.522291e+03
25,30,1,6.296310e+03
25,30,2,3.245555e+03
25,30,3,3.245555e+03
25,30,5,3.245555e+03
25,30,1,5.732003e+03
25,30,2,5.732003e+03
25,30,3,5.732003e+03
25,30,5,5.732003e+03
25,30,1,4.266458e+03
25,30,2,3.996392e+03
25,30,3,3.818730e+03
25,30,5,3.818730e+03
25,30,1,1.525660e+04
25,30,2,1.525660e+04
25,30,3,3.687091e+03
25,30,5,2.173775e+03
25,30,1,1.684645e+04
25,30,2,7.300751e+03
25,30,3,4.582868e+03
25,30,5,4.006134e+03
25,30,1,1.119383e+04
25,30,2,9.656862e+03
25,30,3,3.260120e+03
25,30,5,3.260120e+03
25,30,1,3.248245e+03
25,30,2,3.248245e+03
25,30,3,3.248245e+03
25,30,5,3.248245e+03
25,30,1,2.959673e+03
25,30,2,2.959673e+03
25,30,3,2.959673e+03
25,30,5,2.959673e+03
25,30,1,8.419890e+03
25,30,2,8.419890e+03
25,30,3,8.419890e+03
25,30,5,4.682863e+03
25,30,1,2.540484e+04
25,30,2,4.149387e+03
25,30,3,4.149387e+03
25,30,5,4.149387e+03
25,30,1,5.414998e+03
25,30,2,4.669169e+03
25,30,3,3.784944e+03
25,30,5,3.784944e+03
25,30,1,6.039096e+03
25,30,2,6.039096e+03
25,30,3,6.039096e+03
25,30,5,6.039096e+03
25,30,1,1.319413e+04
25,30,2,1.319413e+04
25,30,3,7.041356e+03
25,30,5,4.338354e+03
25,30,1,4.711372e+03
25,30,2,4.711372e+03
25,30,3,3.817729e+03
25,30,5,2.777609e+03
25,30,1,3.912679e+03
25,30,2,3.250531e+03
25,30,3,3.250531e+03
25,30,5,3.250531e+03
25,30,1,4.774077e+03
25,30,2,3.969163e+03
25,30,3,3.969163e+03
25,30,5,3.969163e+03
25,30,1,4.247137e+03
25,30,2,3.105068e+03
25,30,3,3.105068e+03
25,30,5,3.105068e+03
25,30,1,6.001462e+03
25,30,2,5.647788e+03
25,30,3,5.647788e+03
25,30,5,5.059534e+03
25,30,1,4.440269e+03
25,30,2,4.440269e+03
25,30,3,4.440269e+03
25,30,5,4.440269e+03
25,30,1,4.504868e+03
25,30,2,4.504868e+03
25,30,1,5.554700e+03
25,30,2,5.554700e+03
25,30,1,2.403974e+03
25,30,2,2.257480e+03
25,30,1,5.765094e+03
25,30,2,5.554657e+03
25,30,1,3.451182e+03
25,30,2,3.144100e+03
25,30,1,4.373225e+03
25,30,2,3.771232e+03
25,30,1,5.228658e+03
25,30,2,4.339842e+03
25,30,1,5.086244e+03
25,30,2,5.086244e+03
25,30,1,4.296581e+03
25,30,2,4.296581e+03
25,30,1,5.301846e+03
25,30,2,5.220857e+03
25,30,1,3.352815e+03
25,30,2,3.094312e+03
25,30,1,3.399568e+03
25,30,2,3.399568e+03
25,30,1,3.861734e+03
25,30,2,3.861734e+03
25,30,1,4.682183e+03
25,30,2,4.682183e+03
25,30,1,3.924378e+03
25,30,2,3.924378e+03
25,30,1,4.527312e+03
25,30,2,4.527312e+03
25,30,1,3.511189e+03
25,30,2,3.442039e+03
25,30,1,1.088969e+04
25,30,2,1.088969e+04
25,30,1,6.111788e+03
25,30,2,6.111788e+03
25,30,1,4.003004e+03
25,30,2,4.003004e+03
25,30,1,2.781999e+03
25,30,2,2.781999e+03
25,30,1,3.858350e+03
25,30,2,3.858350e+03
25,30,1,1.032856e+04
25,30,2,3.590085e+03
25,30,1,3.794144e+03
25,30,2,3.672716e+03
25,30,1,2.798329e+03
25,30,2,2.798329e+03
25,30,1,3.097890e+03
25,30,2,3.097890e+03
25,30,1,5.011320e+03
25,30,2,3.563882e+03
25,30,1,2.636150e+03
25,30,2,2.636150e+03
25,30,1,3.055665e+03
25,30,2,3.055665e+03
25,30,1,2.575789e+03
25,30,2,2.575789e+03
25,30,1,5.243534e+03
25,30,2,3.997650e+03
25,30,1,4.506355e+03
25,30,2,4.172479e+03
25,30,1,3.507509e+03
25,30,2,3.507509e+03
25,30,1,8.001625e+03
25,30,2,8.001625e+03
25,30,1,4.323301e+03
25,30,2,3.897974e+03
25,30,1,5.495642e+03
25,30,2,4.016383e+03
25,30,1,5.373541e+03
25,30,2,3.828075e+03
25,30,1,4.854823e+03
25,30,2,4.854823e+03
25,30,1,5.238429e+03
25,30,2,4.188963e+03
25,30,1,4.179594e+03
25,30,2,3.724443e+03
25,30,1,4.947043e+03
25,30,2,4.353093e+03
25,30,1,4.134634e+03
25,30,2,4.134634e+03
25,30,1,7.624666e+03
25,30,2,5.545268e+03
25,30,1,2.397375e+03
25,30,2,2.397375e+03
25,30,1,2.455062e+03
25,30,2,2.284541e+03
25,30,1,3.470909e+03
25,30,2,3.470909e+03
25,30,1,2.560402e+03
25,30,2,2.560402e+03
25,30,1,1.105155e+04
25,30,2,1.105155e+04
25,30,1,4.605085e+03
25,30,2,4.605085e+03
25,30,1,3.652965e+03
25,30,2,3.652965e+03
25,30,1,3.464695e+03
25,30,2,3.044550e+03
25,30,1,8.492133e+03
25,30,2,8.492133e+03
25,30,3,8.492133e+03
25,30,5,8.492133e+03
25,30,10,4.215919e+03
25,30,20,2.600545e+03
25,30,30,2.600545e+03
25,30,1,3.755067e+03
25,30,2,3.755067e+03
25,30,3,3.755067e+03
25,30,5,3.755067e+03
25,30,10,3.755067e+03
25,30,20,3.755067e+03
25,30,30,3.755067e+03
25,30,1,5.040751e+03
25,30,2,3.270074e+03
25,30,3,3.270074e+03
25,30,5,3.270074e+03
25,30,10,3.270074e+03
25,30,20,3.270074e+03
25,30,30,3.270074e+03
25,30,1,6.444057e+03
25,30,2,6.444057e+03
25,30,3,3.002048e+03
25,30,5,3.002048e+03
25,30,10,3.002048e+03
25,30,20,3.002048e+03
25,30,30,3.002048e+03
25,30,1,4.906115e+03
25,30,2,4.906115e+03
25,30,3,4.906115e+03
25,30,5,4.906115e+03
25,30,10,4.906115e+03
25,30,20,4.906115e+03
25,30,30,4.906115e+03
25,30,1,1.370689e+04
25,30,2,1.370689e+04
25,30,3,3.905276e+03
25,30,5,3.905276e+03
25,30,10,3.905276e+03
25,30,20,3.905276e+03
25,30,30,3.905276e+03
25,30,1,5.348474e+03
25,30,2,5.348474e+03
25,30,3,5.051395e+03
25,30,5,5.051395e+03
25,30,10,4.144166e+03
25,30,20,4.144166e+03
25,30,30,4.144166e+03
25,30,1,4.281003e+03
25,30,2,3.550426e+03
25,30,3,2.005485e+03
25,30,5,2.005485e+03
25,30,10,2.005485e+03
25,30,20,2.005485e+03
25,30,30,2.005485e+03
25,30,1,9.192873e+03
25,30,2,9.192873e+03
25,30,3,9.192873e+03
25,30,5,4.086384e+03
25,30,10,2.898483e+03
25,30,20,2.898483e+03
25,30,30,2.898483e+03
25,30,1,8.175188e+03
25,30,2,3.004681e+03
25,30,3,3.004681e+03
25,30,5,2.851378e+03
25,30,10,2.851378e+03
25,30,20,2.851378e+03
25,30,30,2.851378e+03
25,30,1,3.763149e+03
25,30,2,3.763149e+03
25,30,3,3.763149e+03
25,30,5,3.763149e+03
25,30,10,3.166145e+03
25,30,20,3.166145e+03
25,30,30,3.166145e+03
25,30,1,2.082971e+04
25,30,2,4.106237e+03
25,30,3,4.106237e+03
25,30,5,4.106237e+03
25,30,10,4.106237e+03
25,30,20,4.106237e+03
25,30,30,4.106237e+03
25,30,1,1.118497e+04
25,30,2,1.118497e+04
25,30,3,1.118497e+04
25,30,5,1.118497e+04
25,30,10,1.118497e+04
25,30,20,2.684236e+03
25,30,30,2.684236e+03
25,30,1,2.163365e+04
25,30,2,2.163365e+04
25,30,3,2.163365e+04
25,30,5,6.651412e+03
25,30,10,2.991028e+03
25,30,20,2.919015e+03
25,30,30,2.919015e+03
25,30,1,2.423036e+03
25,30,2,2.423036e+03
25,30,3,2.423036e+03
25,30,5,2.423036e+03
25,30,10,2.423036e+03
25,30,20,2.423036e+03
25,30,30,2.423036e+03
25,30,1,3.749878e+03
25,30,2,3.749878e+03
25,30,3,3.496852e+03
25,30,5,2.373550e+03
25,30,10,2.373550e+03
25,30,20,2.373550e+03
25,30,30,2.373550e+03
25,30,1,2.816339e+03
25,30,2,2.816339e+03
25,30,3,2.816339e+03
25,30,5,2.816339e+03
25,30,10,2.679963e+03
25,30,20,2.679963e+03
25,30,30,2.679963e+03
25,30,1,9.572148e+03
25,30,2,4.358437e+03
25,30,3,2.157117e+03
25,30,5,1.585880e+03
25,30,10,1.585880e+03
25,30,20,1.585880e+03
25,30,30,1.585880e+03
25,30,1,2.208891e+03
25,30,2,2.208891e+03
25,30,3,2.208891e+03
25,30,5,2.208891e+03
25,30,10,2.208891e+03
25,30,20,2.208891e+03
25,30,30,2.208891e+03
25,30,1,4.961661e+03
25,30,2,4.293756e+03
25,30,3,3.097198e+03
25,30,5,2.619808e+03
25,30,10,2.619808e+03
25,30,20,1.004593e+03
25,30,30,1.004593e+03
25,30,1,1.385952e+04
25,30,2,1.385952e+04
25,30,3,1.385952e+04
25,30,5,1.385952e+04
25,30,10,5.758091e+03
25,30,20,5.758091e+03
25,30,30,5.758091e+03
25,30,1,3.504561e+03
25,30,2,3.396960e+03
25,30,3,3.396960e+03
25,30,5,3.396960e+03
25,30,10,3.396960e+03
25,30,20,3.396960e+03
25,30,30,3.396960e+03
25,30,1,7.071051e+03
25,30,2,3.774383e+03
25,30,3,3.774383e+03
25,30,5,3.774383e+03
25,30,10,2.908632e+03
25,30,20,2.908632e+03
25,30,30,2.908632e+03
25,30,1,1.344703e+04
25,30,2,5.638267e+03
25,30,3,3.677694e+03
25,30,5,3.677694e+03
25,30,10,3.677694e+03
25,30,20,3.677694e+03
25,30,30,3.677694e+03
25,30,1,2.749475e+04
25,30,2,3.945095e+03
25,30,3,3.359018e+03
25,30,5,3.285429e+03
25,30,10,3.285429e+03
25,30,20,3.285429e+03
25,30,30,3.285429e+03
25,30,1,4.543728e+03
25,30,2,3.818217e+03
25,30,3,3.818217e+03
25,30,5,3.818217e+03
25,30,10,3.818217e+03
25,30,20,3.818217e+03
25,30,30,3.818217e+03
25,30,1,2.808135e+03
25,30,2,2.808135e+03
25,30,3,2.808135e+03
25,30,5,2.808135e+03
25,30,10,2.808135e+03
25,30,20,2.808135e+03
25,30,30,2.808135e+03
25,30,1,5.536844e+03
25,30,2,3.888503e+03
25,30,3,3.888503e+03
25,30,5,3.888503e+03
25,30,10,3.888503e+03
25,30,20,3.888503e+03
25,30,30,3.888503e+03
25,30,1,3.321345e+03
25,30,2,3.165366e+03
25,30,3,2.779143e+03
25,30,5,2.779143e+03
25,30,10,1.793557e+03
25,30,20,1.793557e+03
25,30,30,1.793557e+03
25,30,1,3.352781e+03
25,30,2,3.352781e+03
25,30,3,3.149827e+03
25,30,5,2.203474e+03
25,30,10,2.203474e+03
25,30,20,2.203474e+03
25,30,30,2.203474e+03
25,30,1,6.361958e+03
25,30,2,4.555648e+03
25,30,3,4.555648e+03
25,30,5,4.555648e+03
25,30,10,4.555648e+03
25,30,20,4.262708e+03
25,30,30,4.262708e+03
25,30,1,2.461808e+03
25,30,2,2.190821e+03
25,30,3,2.190821e+03
25,30,5,2.190821e+03
25,30,10,2.190821e+03
25,30,20,2.190821e+03
25,30,30,2.190821e+03
25,30,1,8.423222e+03
25,30,2,4.506815e+03
25,30,3,4.506815e+03
25,30,5,4.506815e+03
25,30,10,4.506815e+03
25,30,20,4.506815e+03
25,30,30,4.506815e+03
25,30,1,2.660053e+03
25,30,2,2.584652e+03
25,30,3,2.584652e+03
25,30,5,2.423973e+03
25,30,10,2.423973e+03
25,30,20,2.423973e+03
25,30,30,2.423973e+03
25,30,1,3.367802e+03
25,30,2,3.367802e+03
25,30,3,3.367802e+03
25,30,5,3.367802e+03
25,30,10,3.367802e+03
25,30,20,3.367802e+03
25,30,30,3.367802e+03
25,30,1,1.028909e+04
25,30,2,1.028909e+04
25,30,3,2.680588e+03
25,30,5,2.677918e+03
25,30,10,2.677918e+03
25,30,20,2.677918e+03
25,30,30,2.677918e+03
25,30,1,2.583872e+03
25,30,2,1.904998e+03
25,30,3,1.753089e+03
25,30,5,1.753089e+03
25,30,10,1.485757e+03
25,30,20,1.485757e+03
25,30,30,1.485757e+03
25,30,1,1.305418e+04
25,30,2,8.217265e+03
25,30,3,7.570551e+03
25,30,5,4.906188e+03
25,30,10,3.304833e+03
25,30,20,3.304833e+03
25,30,30,3.304833e+03
25,30,1,7.369555e+03
25,30,2,3.636531e+03
25,30,3,3.414460e+03
25,30,5,3.414460e+03
25,30,10,3.414460e+03
25,30,20,3.414460e+03
25,30,30,3.414460e+03
25,30,1,2.699549e+03
25,30,2,2.699549e+03
25,30,3,2.699549e+03
25,30,5,2.699549e+03
25,30,10,2.699549e+03
25,30,20,2.699549e+03
25,30,30,2.699549e+03
25,30,1,7.298331e+03
25,30,2,2.305276e+03
25,30,3,2.305276e+03
25,30,5,2.305276e+03
25,30,10,2.305276e+03
25,30,20,2.305276e+03
25,30,30,2.305276e+03
25,30,1,3.138977e+03
25,30,2,3.138977e+03
25,30,3,3.138977e+03
25,30,5,3.044737e+03
25,30,10,3.044737e+03
25,30,20,3.044737e+03
25,30,30,5.622133e+02
25,30,1,1.649383e+04
25,30,2,4.021276e+03
25,30,3,3.069937e+03
25,30,5,2.454876e+03
25,30,10,2.454876e+03
25,30,20,2.454876e+03
25,30,30,2.454876e+03
25,30,1,3.564597e+03
25,30,2,3.245164e+03
25,30,3,3.245164e+03
25,30,5,3.245164e+03
25,30,10,3.245164e+03
25,30,20,3.245164e+03
25,30,30,3.245164e+03
25,30,1,1.759813e+04
25,30,2,3.465209e+03
25,30,3,3.465209e+03
25,30,5,3.465209e+03
25,30,10,3.465209e+03
25,30,20,3.465209e+03
25,30,30,3.465209e+03
25,30,1,1.913822e+03
25,30,2,1.895975e+03
25,30,3,1.895975e+03
25,30,5,1.895975e+03
25,30,10,1.873940e+03
25,30,20,1.873940e+03
25,30,30,1.873940e+03
25,30,1,3.432551e+03
25,30,2,3.216254e+03
25,30,3,3.216254e+03
25,30,5,3.216254e+03
25,30,10,3.216254e+03
25,30,20,3.216254e+03
25,30,30,3.216254e+03
25,30,1,8.182221e+03
25,30,2,5.292257e+03
25,30,3,5.292257e+03
25,30,5,5.292257e+03
25,30,10,5.292257e+03
25,30,20,5.292257e+03
25,30,30,5.292257e+03
25,30,1,9.139034e+03
25,30,2,6.936483e+03
25,30,3,4.946999e+03
25,30,5,2.586026e+03
25,30,10,2.192036e+03
25,30,20,2.192036e+03
25,30,30,2.192036e+03
25,30,1,2.701424e+03
25,30,2,2.701424e+03
25,30,3,2.701424e+03
25,30,5,2.510282e+03
25,30,10,2.510282e+03
25,30,20,2.510282e+03
25,30,30,2.510282e+03
25,30,1,5.537724e+03
25,30,2,5.537724e+03
25,30,3,5.537724e+03
25,30,5,4.980460e+03
25,30,10,4.980460e+03
25,30,20,3.794575e+03
25,30,30,3.794575e+03
25,30,1,1.853253e+04
25,30,2,1.853253e+04
25,30,3,1.853253e+04
25,30,5,1.853253e+04
25,30,1,1.380521e+04
25,30,2,1.380521e+04
25,30,3,1.380521e+04
25,30,5,3.757585e+03
25,30,1,4.516262e+03
25,30,2,4.516262e+03
25,30,3,3.732016e+03
25,30,5,3.453645e+03
25,30,1,9.878588e+03
25,30,2,9.878588e+03
25,30,3,9.878588e+03
25,30,5,9.878588e+03
25,30,1,1.834492e+04
25,30,2,1.834492e+04
25,30,3,1.834492e+04
25,30,5,1.834492e+04
25,30,1,1.300794e+04
25,30,2,1.300794e+04
25,30,3,1.300794e+04
25,30,5,1.300794e+04
25,30,1,4.365133e+03
25,30,2,4.365133e+03
25,30,3,4.365133e+03
25,30,5,4.365133e+03
25,30,1,3.172250e+03
25,30,2,3.172250e+03
25,30,3,3.172250e+03
25,30,5,3.172250e+03
25,30,1,6.390712e+03
25,30,2,6.390712e+03
25,30,3,6.390712e+03
25,30,5,4.812797e+03
25,30,1,5.469521e+03
25,30,2,5.469521e+03
25,30,3,5.469521e+03
25,30,5,5.469521e+03
25,30,1,5.634951e+03
25,30,2,5.289700e+03
25,30,3,5.289700e+03
25,30,5,5.289700e+03
25,30,1,4.986688e+03
25,30,2,4.986688e+03
25,30,3,4.986688e+03
25,30,5,4.986688e+03
25,30,1,1.318885e+04
25,30,2,1.318885e+04
25,30,3,1.318885e+04
25,30,5,3.331364e+03
25,30,1,5.323322e+03
25,30,2,5.323322e+03
25,30,3,5.323322e+03
25,30,5,3.147593e+03
25,30,1,1.089563e+04
25,30,2,1.089563e+04
25,30,3,1.089563e+04
25,30,5,1.089563e+04
25,30,1,4.224342e+03
25,30,2,4.224342e+03
25,30,3,4.224342e+03
25,30,5,4.224342e+03
25,30,1,2.398403e+04
25,30,2,2.398403e+04
25,30,3,2.398403e+04
25,30,5,2.398403e+04
25,30,1,1.680613e+04
25,30,2,1.680613e+04
25,30,3,1.680613e+04
25,30,5,1.680613e+04
25,30,1,7.086305e+03
25,30,2,7.086305e+03
25,30,3,7.086305e+03
25,30,5,6.276872e+03
25,30,1,9.799276e+03
25,30,2,9.799276e+03
25,30,3,9.799276e+03
25,30,5,9.799276e+03
25,30,1,1.626349e+04
25,30,2,1.626349e+04
25,30,3,1.626349e+04
25,30,5,1.626349e+04
25,30,1,5.463831e+03
25,30,2,5.463831e+03
25,30,3,5.463831e+03
25,30,5,5.463831e+03
25,30,1,8.644738e+03
25,30,2,8.644738e+03
25,30,3,8.644738e+03
25,30,5,5.631022e+03
25,30,1,1.004326e+04
25,30,2,1.004326e+04
25,30,3,1.004326e+04
25,30,5,1.004326e+04
25,30,1,4.816073e+03
25,30,2,4.816073e+03
25,30,3,4.816073e+03
25,30,5,4.816073e+03
25,30,1,3.989907e+03
25,30,2,3.989907e+03
25,30,3,3.989907e+03
25,30,5,3.989907e+03
25,30,1,1.240584e+04
25,30,2,1.240584e+04
25,30,3,1.240584e+04
25,30,5,1.240584e+04
25,30,1,4.290452e+03
25,30,2,4.290452e+03
25,30,3,4.290452e+03
25,30,5,4.290452e+03
25,30,1,1.339923e+04
25,30,2,1.339923e+04
25,30,3,1.339923e+04
25,30,5,1.339923e+04
25,30,1,5.556609e+03
25,30,2,5.556609e+03
25,30,3,5.556609e+03
25,30,5,5.556609e+03
25,30,1,7.159290e+03
25,30,2,7.159290e+03
25,30,3,7.159290e+03
25,30,5,7.159290e+03
25,30,1,1.803412e+04
25,30,2,1.803412e+04
25,30,3,1.803412e+04
25,30,5,1.803412e+04
25,30,1,6.196319e+03
25,30,2,6.196319e+03
25,30,3,6.196319e+03
25,30,5,6.196319e+03
25,30,1,1.815284e+04
25,30,2,1.815284e+04
25,30,3,1.815284e+04
25,30,5,1.815284e+04
25,30,1,1.771240e+04
25,30,2,1.771240e+04
25,30,3,1.771240e+04
25,30,5,1.771240e+04
25,30,1,1.251430e+04
25,30,2,1.251430e+04
25,30,3,1.251430e+04
25,30,5,1.251430e+04
25,30,1,4.518254e+03
25,30,2,4.518254e+03
25,30,3,4.518254e+03
25,30,5,4.518254e+03
25,30,1,2.186078e+04
25,30,2,2.186078e+04
25,30,3,2.186078e+04
25,30,5,2.186078e+04
25,30,1,6.747017e+03
25,30,2,6.747017e+03
25,30,3,6.747017e+03
25,30,5,6.747017e+03
25,30,1,9.201304e+03
25,30,2,9.201304e+03
25,30,3,9.201304e+03
25,30,5,9.201304e+03
25,30,1,1.308384e+04
25,30,2,1.308384e+04
25,30,3,1.308384e+04
25,30,5,1.308384e+04
25,30,1,3.757300e+03
25,30,2,3.757300e+03
25,30,3,3.757300e+03
25,30,5,3.757300e+03
25,30,1,1.532636e+04
25,30,2,1.532636e+04
25,30,3,1.532636e+04
25,30,5,1.532636e+04
25,30,1,1.135584e+04
25,30,2,1.135584e+04
25,30,3,1.135584e+04
25,30,5,1.135584e+04
25,30,1,6.664645e+03
25,30,2,6.664645e+03
25,30,3,6.664645e+03
25,30,5,6.664645e+03
25,30,1,1.267983e+04
25,30,2,1.267983e+04
25,30,3,1.267983e+04
25,30,5,1.267983e+04
25,30,1,6.712677e+03
25,30,2,6.712677e+03
25,30,3,6.712677e+03
25,30,5,6.712677e+03
25,30,1,4.042729e+03
25,30,2,4.042729e+03
25,30,3,4.042729e+03
25,30,5,4.042729e+03
25,30,1,1.255201e+04
25,30,2,1.255201e+04
25,30,3,1.255201e+04
25,30,5,1.255201e+04
25,30,1,1.855900e+04
25,30,2,1.855900e+04
25,30,3,1.855900e+04
25,30,5,4.789858e+03
25,30,1,6.579054e+03
25,30,2,6.579054e+03
25,30,3,6.579054e+03
25,30,5,6.579054e+03
