funcid,dim,milestone,error
16,30,1,9.892425e+03
16,30,2,9.892425e+03
16,30,3,9.892425e+03
16,30,5,9.892425e+03
16,30,1,1.188267e+04
16,30,2,1.188267e+04
16,30,3,1.188267e+04
16,30,5,1.188267e+04
16,30,1,5.728228e+03
16,30,2,5.728228e+03
16,30,3,5.728228e+03
16,30,5,5.728228e+03
16,30,1,9.828992e+03
16,30,2,9.828992e+03
16,30,3,9.828992e+03
16,30,5,9.828992e+03
16,30,1,9.709517e+03
16,30,2,9.709517e+03
16,30,3,9.709517e+03
16,30,5,9.709517e+03
16,30,1,5.285466e+03
16,30,2,5.285466e+03
16,30,3,5.285466e+03
16,30,5,5.285466e+03
16,30,1,8.210360e+03
16,30,2,8.210360e+03
16,30,3,8.210360e+03
16,30,5,8.210360e+03
16,30,1,1.217420e+04
16,30,2,1.217420e+04
16,30,3,1.217420e+04
16,30,5,1.217420e+04
16,30,1,9.414947e+03
16,30,2,9.414947e+03
16,30,3,9.414947e+03
16,30,5,9.414947e+03
16,30,1,3.964054e+03
16,30,2,3.964054e+03
16,30,3,3.964054e+03
16,30,5,3.964054e+03
16,30,1,4.972925e+03
16,30,2,4.972925e+03
16,30,3,4.972925e+03
16,30,5,4.972925e+03
16,30,1,4.726038e+03
16,30,2,4.726038e+03
16,30,3,4.726038e+03
16,30,5,4.726038e+03
16,30,1,9.076901e+03
16,30,2,9.076901e+03
16,30,3,9.076901e+03
16,30,5,9.076901e+03
16,30,1,7.436701e+03
16,30,2,7.436701e+03
16,30,3,7.436701e+03
16,30,5,7.436701e+03
16,30,1,1.210089e+04
16,30,2,1.127525e+04
16,30,3,1.127525e+04
16,30,5,1.127525e+04
16,30,1,7.957860e+03
16,30,2,7.957860e+03
16,30,3,7.957860e+03
16,30,5,7.957860e+03
16,30,1,7.752474e+03
16,30,2,7.752474e+03
16,30,3,7.752474e+03
16,30,5,7.752474e+03
16,30,1,1.021462e+04
16,30,2,1.021462e+04
16,30,3,1.021462e+04
16,30,5,1.021462e+04
16,30,1,9.507750e+03
16,30,2,9.507750e+03
16,30,3,9.507750e+03
16,30,5,9.507750e+03
16,30,1,5.651028e+03
16,30,2,5.651028e+03
16,30,3,5.651028e+03
16,30,5,5.651028e+03
16,30,1,6.773110e+03
16,30,2,6.773110e+03
16,30,3,6.773110e+03
16,30,5,6.773110e+03
16,30,1,7.745441e+03
16,30,2,7.745441e+03
16,30,3,7.745441e+03
16,30,5,7.745441e+03
16,30,1,1.036951e+04
16,30,2,1.036951e+04
16,30,3,1.036951e+04
16,30,5,1.036951e+04
16,30,1,8.650592e+03
16,30,2,8.650592e+03
16,30,3,8.650592e+03
16,30,5,8.650592e+03
16,30,1,4.819759e+03
16,30,2,4.819759e+03
16,30,3,4.819759e+03
16,30,5,4.819759e+03
16,30,1,9.283833e+03
16,30,2,9.283833e+03
16,30,3,9.283833e+03
16,30,5,9.283833e+03
16,30,1,9.323835e+03
16,30,2,9.323835e+03
16,30,3,9.323835e+03
16,30,5,9.323835e+03
16,30,1,4.095579e+03
16,30,2,4.095579e+03
16,30,3,4.095579e+03
16,30,5,4.095579e+03
16,30,1,6.831604e+03
16,30,2,6.831604e+03
16,30,3,6.831604e+03
16,30,5,6.831604e+03
16,30,1,6.468580e+03
16,30,2,6.468580e+03
16,30,3,6.468580e+03
16,30,5,6.468580e+03
16,30,1,1.404700e+04
16,30,2,1.404700e+04
16,30,3,1.404700e+04
16,30,5,1.404700e+04
16,30,1,1.141818e+04
16,30,2,1.141818e+04
16,30,3,1.141818e+04
16,30,5,1.141818e+04
16,30,1,6.418742e+03
16,30,2,6.418742e+03
16,30,3,6.418742e+03
16,30,5,6.418742e+03
16,30,1,1.063553e+04
16,30,2,1.063553e+04
16,30,3,1.063553e+04
16,30,5,1.063553e+04
16,30,1,9.812867e+03
16,30,2,9.812867e+03
16,30,3,9.812867e+03
16,30,5,9.812867e+03
16,30,1,5.116811e+03
16,30,2,5.116811e+03
16,30,3,5.116811e+03
16,30,5,5.116811e+03
16,30,1,5.671408e+03
16,30,2,5.671408e+03
16,30,3,5.671408e+03
16,30,5,5.671408e+03
16,30,1,8.696227e+03
16,30,2,8.696227e+03
16,30,3,8.696227e+03
16,30,5,8.696227e+03
16,30,1,9.823121e+03
16,30,2,9.823121e+03
16,30,3,9.823121e+03
16,30,5,9.823121e+03
16,30,1,1.619144e+04
16,30,2,1.619144e+04
16,30,3,1.619144e+04
16,30,5,1.619144e+04
16,30,1,5.190017e+03
16,30,2,5.190017e+03
16,30,3,5.190017e+03
16,30,5,5.190017e+03
16,30,1,7.192697e+03
16,30,2,7.192697e+03
16,30,3,7.192697e+03
16,30,5,7.192697e+03
16,30,1,7.193069e+03
16,30,2,7.030094e+03
16,30,3,6.111993e+03
16,30,5,6.111993e+03
16,30,1,1.330074e+04
16,30,2,1.330074e+04
16,30,3,1.330074e+04
16,30,5,1.330074e+04
16,30,1,8.512005e+03
16,30,2,8.512005e+03
16,30,3,8.512005e+03
16,30,5,7.871581e+03
16,30,1,8.069129e+03
16,30,2,8.069129e+03
16,30,3,8.069129e+03
16,30,5,8.069129e+03
16,30,1,5.187523e+03
16,30,2,5.187523e+03
16,30,3,5.187523e+03
16,30,5,5.187523e+03
16,30,1,6.828512e+03
16,30,2,6.828512e+03
16,30,3,6.828512e+03
16,30,5,6.828512e+03
16,30,1,1.055482e+04
16,30,2,1.055482e+04
16,30,3,1.055482e+04
16,30,5,1.055482e+04
16,30,1,7.399791e+03
16,30,2,7.399791e+03
16,30,3,7.399791e+03
16,30,5,7.399791e+03
16,30,1,4.331078e+03
16,30,2,4.331078e+03
16,30,3,4.331078e+03
16,30,5,4.331078e+03
16,30,1,6.597510e+03
16,30,2,6.597510e+03
16,30,3,6.597510e+03
16,30,5,6.597510e+03
16,30,1,7.797368e+03
16,30,2,7.797368e+03
16,30,3,7.797368e+03
16,30,5,7.797368e+03
16,30,1,6.451193e+03
16,30,2,6.451193e+03
16,30,3,6.451193e+03
16,30,5,6.451193e+03
16,30,1,5.022758e+03
16,30,2,5.022758e+03
16,30,3,5.022758e+03
16,30,5,5.022758e+03
16,30,1,5.764235e+03
16,30,2,5.764235e+03
16,30,3,5.764235e+03
16,30,5,5.764235e+03
16,30,1,1.045573e+04
16,30,2,1.045573e+04
16,30,3,1.045573e+04
16,30,5,1.045573e+04
16,30,1,1.060449e+04
16,30,2,1.060449e+04
16,30,3,1.060449e+04
16,30,5,1.060449e+04
16,30,1,7.638175e+03
16,30,2,7.638175e+03
16,30,3,7.638175e+03
16,30,5,7.638175e+03
16,30,1,5.124262e+03
16,30,2,5.124262e+03
16,30,3,5.124262e+03
16,30,5,5.124262e+03
16,30,1,3.799686e+03
16,30,2,3.799686e+03
16,30,3,3.799686e+03
16,30,5,3.799686e+03
16,30,1,5.606561e+03
16,30,2,5.606561e+03
16,30,3,5.606561e+03
16,30,5,5.606561e+03
16,30,1,7.488226e+03
16,30,2,7.488226e+03
16,30,3,7.488226e+03
16,30,5,7.488226e+03
16,30,1,4.824967e+03
16,30,2,4.824967e+03
16,30,3,4.824967e+03
16,30,5,4.654194e+03
16,30,1,6.317671e+03
16,30,2,6.317671e+03
16,30,3,6.317671e+03
16,30,5,6.317671e+03
16,30,1,7.278996e+03
16,30,2,7.278996e+03
16,30,3,7.278996e+03
16,30,5,7.278996e+03
16,30,1,9.376056e+03
16,30,2,9.376056e+03
16,30,3,9.376056e+03
16,30,5,9.376056e+03
16,30,1,7.734926e+03
16,30,2,7.734926e+03
16,30,3,7.734926e+03
16,30,5,7.734926e+03
16,30,1,4.807551e+03
16,30,2,4.807551e+03
16,30,3,4.807551e+03
16,30,5,4.807551e+03
16,30,1,6.769317e+03
16,30,2,6.769317e+03
16,30,3,6.769317e+03
16,30,5,6.769317e+03
16,30,1,6.735875e+03
16,30,2,6.735875e+03
16,30,3,6.735875e+03
16,30,5,6.735875e+03
16,30,1,9.588204e+03
16,30,2,9.588204e+03
16,30,3,9.588204e+03
16,30,5,9.588204e+03
16,30,1,8.291912e+03
16,30,2,8.291912e+03
16,30,3,8.291912e+03
16,30,5,8.291912e+03
16,30,1,8.362850e+03
16,30,2,8.362850e+03
16,30,3,8.362850e+03
16,30,5,8.362850e+03
16,30,1,5.957022e+03
16,30,2,5.957022e+03
16,30,3,5.957022e+03
16,30,5,5.957022e+03
16,30,1,8.314286e+03
16,30,2,8.314286e+03
16,30,3,8.314286e+03
16,30,5,8.314286e+03
16,30,1,5.877460e+03
16,30,2,5.877460e+03
16,30,3,5.877460e+03
16,30,5,5.877460e+03
16,30,1,7.738165e+03
16,30,2,7.738165e+03
16,30,3,7.738165e+03
16,30,5,7.738165e+03
16,30,1,8.296950e+03
16,30,2,8.296950e+03
16,30,3,8.296950e+03
16,30,5,8.296950e+03
16,30,1,4.495600e+03
16,30,2,4.495600e+03
16,30,3,4.495600e+03
16,30,5,4.495600e+03
16,30,1,5.564479e+03
16,30,2,5.564479e+03
16,30,3,5.564479e+03
16,30,5,5.564479e+03
16,30,1,4.376575e+03
16,30,2,4.376575e+03
16,30,3,4.376575e+03
16,30,5,4.376575e+03
16,30,1,3.709735e+03
16,30,2,3.709735e+03
16,30,3,3.709735e+03
16,30,5,3.709735e+03
16,30,1,7.797859e+03
16,30,2,7.797859e+03
16,30,3,7.797859e+03
16,30,5,7.797859e+03
16,30,1,6.617679e+03
16,30,2,6.617679e+03
16,30,3,6.617679e+03
16,30,5,6.617679e+03
16,30,1,5.755478e+03
16,30,2,5.755478e+03
16,30,3,5.755478e+03
16,30,5,5.755478e+03
16,30,1,3.764157e+03
16,30,2,3.764157e+03
16,30,3,3.764157e+03
16,30,5,3.764157e+03
16,30,1,9.649948e+03
16,30,2,9.649948e+03
16,30,3,9.649948e+03
16,30,5,4.364845e+03
16,30,1,8.086268e+03
16,30,2,8.086268e+03
16,30,3,8.086268e+03
16,30,5,8.086268e+03
16,30,1,1.189402e+04
16,30,2,1.189402e+04
16,30,3,1.189402e+04
16,30,5,1.189402e+04
16,30,1,1.095070e+04
16,30,2,1.095070e+04
16,30,3,1.095070e+04
16,30,5,1.095070e+04
16,30,1,4.858624e+03
16,30,2,4.858624e+03
16,30,3,4.858624e+03
16,30,5,4.858624e+03
16,30,1,8.998719e+03
16,30,2,8.998719e+03
16,30,3,8.998719e+03
16,30,5,8.998719e+03
16,30,1,3.669582e+03
16,30,2,3.669582e+03
16,30,3,3.669582e+03
16,30,5,3.669582e+03
16,30,1,7.772115e+03
16,30,2,7.772115e+03
16,30,3,7.772115e+03
16,30,5,7.772115e+03
16,30,1,9.095918e+03
16,30,2,9.095918e+03
16,30,3,9.095918e+03
16,30,5,9.095918e+03
16,30,1,4.633223e+03
16,30,2,4.633223e+03
16,30,3,4.633223e+03
16,30,5,4.633223e+03
16,30,1,6.921756e+03
16,30,2,6.921756e+03
16,30,3,6.921756e+03
16,30,5,6.921756e+03
16,30,1,5.460019e+03
16,30,2,5.460019e+03
16,30,3,5.460019e+03
16,30,5,5.460019e+03
16,30,1,4.224398e+03
16,30,2,4.224398e+03
16,30,3,4.224398e+03
16,30,5,4.224398e+03
16,30,1,7.314351e+03
16,30,2,7.314351e+03
16,30,3,7.314351e+03
16,30,5,7.314351e+03
16,30,1,5.826717e+03
16,30,2,5.826717e+03
16,30,3,5.826717e+03
16,30,5,5.826717e+03
