funcid,dim,milestone,error
29,30,1,5.721126e+03
29,30,2,5.721126e+03
29,30,3,5.721126e+03
29,30,5,5.721126e+03
29,30,1,4.117677e+03
29,30,2,4.117677e+03
29,30,3,4.117677e+03
29,30,5,4.117677e+03
29,30,1,6.389979e+03
29,30,2,6.389979e+03
29,30,3,6.389979e+03
29,30,5,6.389979e+03
29,30,1,1.055154e+04
29,30,2,1.055154e+04
29,30,3,1.055154e+04
29,30,5,1.055154e+04
29,30,1,6.724813e+04
29,30,2,6.724813e+04
29,30,3,6.724813e+04
29,30,5,6.724813e+04
29,30,1,1.976573e+05
29,30,2,1.976573e+05
29,30,3,1.976573e+05
29,30,5,1.976573e+05
29,30,1,1.497472e+04
29,30,2,1.497472e+04
29,30,3,1.497472e+04
29,30,5,1.497472e+04
29,30,1,6.073695e+04
29,30,2,6.073695e+04
29,30,3,6.073695e+04
29,30,5,6.073695e+04
29,30,1,6.420029e+03
29,30,2,6.420029e+03
29,30,3,6.420029e+03
29,30,5,6.420029e+03
29,30,1,3.228328e+03
29,30,2,3.228328e+03
29,30,3,3.228328e+03
29,30,5,3.228328e+03
29,30,1,3.251081e+03
29,30,2,3.251081e+03
29,30,3,3.251081e+03
29,30,5,3.251081e+03
29,30,1,2.688938e+04
29,30,2,2.688938e+04
29,30,3,2.688938e+04
29,30,5,9.103613e+03
29,30,1,1.189789e+05
29,30,2,1.189789e+05
29,30,3,1.189789e+05
29,30,5,1.488884e+04
29,30,1,5.323768e+03
29,30,2,5.323768e+03
29,30,3,5.323768e+03
29,30,5,5.323768e+03
29,30,1,1.153453e+04
29,30,2,1.153453e+04
29,30,3,1.153453e+04
29,30,5,1.153453e+04
29,30,1,2.529088e+04
29,30,2,2.529088e+04
29,30,3,2.529088e+04
29,30,5,2.529088e+04
29,30,1,5.007210e+04
29,30,2,5.007210e+04
29,30,3,5.007210e+04
29,30,5,5.007210e+04
29,30,1,4.756091e+04
29,30,2,4.756091e+04
29,30,3,4.756091e+04
29,30,5,4.756091e+04
29,30,1,1.427125e+05
29,30,2,1.427125e+05
29,30,3,1.427125e+05
29,30,5,1.427125e+05
29,30,1,1.220980e+05
29,30,2,1.220980e+05
29,30,3,1.220980e+05
29,30,5,1.220980e+05
29,30,1,1.309611e+04
29,30,2,1.309611e+04
29,30,3,1.309611e+04
29,30,5,1.309611e+04
29,30,1,1.572147e+05
29,30,2,1.572147e+05
29,30,3,1.572147e+05
29,30,5,1.572147e+05
29,30,1,3.071904e+04
29,30,2,3.071904e+04
29,30,3,3.071904e+04
29,30,5,3.071904e+04
29,30,1,4.706462e+04
29,30,2,4.706462e+04
29,30,3,4.706462e+04
29,30,5,4.706462e+04
29,30,1,2.292837e+04
29,30,2,2.292837e+04
29,30,3,2.292837e+04
29,30,5,2.292837e+04
29,30,1,4.767435e+03
29,30,2,4.767435e+03
29,30,3,4.767435e+03
29,30,5,4.767435e+03
29,30,1,3.322016e+04
29,30,2,3.322016e+04
29,30,3,3.322016e+04
29,30,5,3.322016e+04
29,30,1,4.170314e+03
29,30,2,4.170314e+03
29,30,3,4.170314e+03
29,30,5,4.170314e+03
29,30,1,2.909460e+04
29,30,2,2.909460e+04
29,30,3,8.991305e+03
29,30,5,8.991305e+03
29,30,1,3.746324e+04
29,30,2,3.746324e+04
29,30,3,3.746324e+04
29,30,5,3.746324e+04
29,30,1,1.611617e+04
29,30,2,1.611617e+04
29,30,3,1.611617e+04
29,30,5,1.611617e+04
29,30,1,7.850924e+03
29,30,2,7.850924e+03
29,30,3,7.850924e+03
29,30,5,7.850924e+03
29,30,1,1.918503e+05
29,30,2,1.918503e+05
29,30,3,1.918503e+05
29,30,5,1.918503e+05
29,30,1,1.946839e+04
29,30,2,1.946839e+04
29,30,3,1.946839e+04
29,30,5,1.946839e+04
29,30,1,5.936532e+03
29,30,2,5.936532e+03
29,30,3,5.936532e+03
29,30,5,5.936532e+03
29,30,1,3.689619e+04
29,30,2,3.689619e+04
29,30,3,3.689619e+04
29,30,5,3.689619e+04
29,30,1,2.134651e+04
29,30,2,2.134651e+04
29,30,3,2.134651e+04
29,30,5,2.134651e+04
29,30,1,7.541779e+03
29,30,2,7.541779e+03
29,30,3,7.541779e+03
29,30,5,7.541779e+03
29,30,1,5.435476e+04
29,30,2,5.435476e+04
29,30,3,5.435476e+04
29,30,5,5.435476e+04
29,30,1,1.200586e+05
29,30,2,1.200586e+05
29,30,3,1.200586e+05
29,30,5,1.200586e+05
29,30,1,3.660666e+03
29,30,2,3.660666e+03
29,30,3,3.660666e+03
29,30,5,3.660666e+03
29,30,1,1.443134e+05
29,30,2,1.443134e+05
29,30,3,1.443134e+05
29,30,5,1.443134e+05
29,30,1,6.488025e+04
29,30,2,6.488025e+04
29,30,3,6.488025e+04
29,30,5,6.488025e+04
29,30,1,5.761364e+03
29,30,2,5.761364e+03
29,30,3,5.761364e+03
29,30,5,5.761364e+03
29,30,1,1.411722e+05
29,30,2,4.733203e+04
29,30,3,4.733203e+04
29,30,5,4.733203e+04
29,30,1,1.052553e+04
29,30,2,1.052553e+04
29,30,3,1.052553e+04
29,30,5,1.052553e+04
29,30,1,2.378468e+04
29,30,2,2.378468e+04
29,30,3,2.378468e+04
29,30,5,2.378468e+04
29,30,1,5.404708e+03
29,30,2,5.404708e+03
29,30,3,5.404708e+03
29,30,5,5.404708e+03
29,30,1,6.840535e+03
29,30,2,6.840535e+03
29,30,3,6.840535e+03
29,30,5,6.840535e+03
29,30,1,4.443051e+04
29,30,2,4.443051e+04
29,30,3,4.443051e+04
29,30,5,4.443051e+04
29,30,1,5.216899e+03
29,30,2,5.216899e+03
29,30,3,5.216899e+03
29,30,5,5.216899e+03
29,30,1,5.692942e+03
29,30,2,5.692942e+03
29,30,3,5.692942e+03
29,30,5,5.692942e+03
29,30,1,1.103815e+04
29,30,2,1.103815e+04
29,30,3,1.103815e+04
29,30,5,1.103815e+04
29,30,1,9.090115e+03
29,30,2,9.090115e+03
29,30,3,9.090115e+03
29,30,5,9.090115e+03
29,30,1,5.530766e+03
29,30,2,5.530766e+03
29,30,3,5.530766e+03
29,30,5,5.530766e+03
29,30,1,6.376105e+03
29,30,2,6.376105e+03
29,30,3,6.376105e+03
29,30,5,6.376105e+03
29,30,1,4.298121e+03
29,30,2,4.298121e+03
29,30,3,4.298121e+03
29,30,5,4.298121e+03
29,30,1,1.757958e+04
29,30,2,1.757958e+04
29,30,3,1.757958e+04
29,30,5,1.757958e+04
29,30,1,1.025240e+05
29,30,2,1.025240e+05
29,30,3,1.025240e+05
29,30,5,1.025240e+05
29,30,1,8.397166e+03
29,30,2,8.397166e+03
29,30,3,8.397166e+03
29,30,5,8.397166e+03
29,30,1,6.877280e+03
29,30,2,6.877280e+03
29,30,3,6.877280e+03
29,30,5,6.877280e+03
29,30,1,7.057451e+03
29,30,2,7.057451e+03
29,30,3,7.057451e+03
29,30,5,7.057451e+03
29,30,1,8.338069e+03
29,30,2,8.338069e+03
29,30,3,8.338069e+03
29,30,5,8.338069e+03
29,30,1,8.515645e+03
29,30,2,8.515645e+03
29,30,3,8.515645e+03
29,30,5,8.515645e+03
29,30,1,1.551989e+05
29,30,2,1.551989e+05
29,30,3,1.551989e+05
29,30,5,1.551989e+05
29,30,1,1.274490e+04
29,30,2,1.274490e+04
29,30,3,1.274490e+04
29,30,5,1.274490e+04
29,30,1,1.366403e+04
29,30,2,1.366403e+04
29,30,3,1.366403e+04
29,30,5,1.366403e+04
29,30,1,3.028773e+03
29,30,2,3.028773e+03
29,30,3,3.028773e+03
29,30,5,3.028773e+03
29,30,1,1.956330e+04
29,30,2,1.956330e+04
29,30,3,1.956330e+04
29,30,5,1.956330e+04
29,30,1,1.608230e+04
29,30,2,1.608230e+04
29,30,3,1.608230e+04
29,30,5,1.608230e+04
29,30,1,7.929694e+03
29,30,2,7.929694e+03
29,30,3,7.929694e+03
29,30,5,7.929694e+03
29,30,1,4.443309e+04
29,30,2,4.443309e+04
29,30,3,4.443309e+04
29,30,5,4.443309e+04
29,30,1,2.801491e+04
29,30,2,2.801491e+04
29,30,3,2.801491e+04
29,30,5,2.801491e+04
29,30,1,2.683974e+05
29,30,2,2.683974e+05
29,30,3,2.683974e+05
29,30,5,2.683974e+05
29,30,1,5.114373e+04
29,30,2,5.114373e+04
29,30,3,5.114373e+04
29,30,5,5.114373e+04
29,30,1,3.569231e+04
29,30,2,3.569231e+04
29,30,3,3.569231e+04
29,30,5,3.569231e+04
29,30,1,3.702816e+03
29,30,2,3.702816e+03
29,30,3,3.702816e+03
29,30,5,3.702816e+03
29,30,1,1.854423e+04
29,30,2,1.854423e+04
29,30,3,1.854423e+04
29,30,5,1.854423e+04
29,30,1,4.542308e+03
29,30,2,4.542308e+03
29,30,3,4.542308e+03
29,30,5,4.542308e+03
29,30,1,5.255161e+03
29,30,2,5.255161e+03
29,30,3,5.255161e+03
29,30,5,5.255161e+03
29,30,1,6.279655e+03
29,30,2,6.279655e+03
29,30,3,6.279655e+03
29,30,5,6.279655e+03
29,30,1,1.494502e+04
29,30,2,1.494502e+04
29,30,3,1.494502e+04
29,30,5,1.494502e+04
29,30,1,4.672541e+05
29,30,2,4.672541e+05
29,30,3,4.672541e+05
29,30,5,4.672541e+05
29,30,1,5.888238e+05
29,30,2,5.888238e+05
29,30,3,5.888238e+05
29,30,5,5.888238e+05
29,30,1,5.419225e+04
29,30,2,5.419225e+04
29,30,3,5.419225e+04
29,30,5,5.419225e+04
29,30,1,3.403085e+05
29,30,2,3.403085e+05
29,30,3,3.403085e+05
29,30,5,9.348026e+03
29,30,1,4.318291e+03
29,30,2,4.318291e+03
29,30,3,4.318291e+03
29,30,5,4.318291e+03
29,30,1,3.208047e+04
29,30,2,3.208047e+04
29,30,3,3.208047e+04
29,30,5,3.208047e+04
29,30,1,3.927205e+03
29,30,2,3.927205e+03
29,30,3,3.927205e+03
29,30,5,3.927205e+03
29,30,1,1.426161e+04
29,30,2,1.426161e+04
29,30,3,1.426161e+04
29,30,5,1.426161e+04
29,30,1,1.657788e+04
29,30,2,1.657788e+04
29,30,3,1.657788e+04
29,30,5,1.657788e+04
29,30,1,3.285563e+04
29,30,2,3.285563e+04
29,30,3,3.285563e+04
29,30,5,3.285563e+04
29,30,1,7.791951e+04
29,30,2,7.791951e+04
29,30,3,7.791951e+04
29,30,5,7.791951e+04
29,30,1,9.307372e+03
29,30,2,9.307372e+03
29,30,3,9.307372e+03
29,30,5,9.307372e+03
29,30,1,6.266247e+03
29,30,2,6.266247e+03
29,30,3,6.266247e+03
29,30,5,6.266247e+03
29,30,1,6.935410e+03
29,30,2,6.935410e+03
29,30,3,6.935410e+03
29,30,5,6.935410e+03
29,30,1,1.297680e+04
29,30,2,1.297680e+04
29,30,3,1.297680e+04
29,30,5,1.297680e+04
29,30,1,1.126235e+04
29,30,2,1.126235e+04
29,30,3,1.126235e+04
29,30,5,1.126235e+04
29,30,1,9.387421e+03
29,30,2,9.387421e+03
29,30,3,9.387421e+03
29,30,5,9.387421e+03
29,30,1,3.628806e+04
29,30,2,3.628806e+04
29,30,3,3.628806e+04
29,30,5,3.628806e+04
29,30,1,1.734181e+04
29,30,2,1.245993e+04
29,30,3,1.245993e+04
29,30,5,1.245993e+04
29,30,1,1.983784e+04
29,30,2,1.983784e+04
29,30,3,1.983784e+04
29,30,5,1.983784e+04
29,30,1,8.993344e+03
29,30,2,8.993344e+03
29,30,3,8.993344e+03
29,30,5,8.993344e+03
29,30,1,8.395563e+03
29,30,2,8.395563e+03
29,30,3,8.395563e+03
29,30,5,8.395563e+03
29,30,1,2.583117e+04
29,30,2,2.583117e+04
29,30,3,2.583117e+04
29,30,5,2.583117e+04
29,30,1,6.745940e+04
29,30,2,6.745940e+04
29,30,3,6.745940e+04
29,30,5,6.745940e+04
29,30,1,1.896772e+04
29,30,2,1.896772e+04
29,30,3,1.896772e+04
29,30,5,1.896772e+04
29,30,1,1.342418e+04
29,30,2,1.342418e+04
29,30,3,1.342418e+04
29,30,5,1.342418e+04
29,30,1,7.984613e+04
29,30,2,7.984613e+04
29,30,3,7.984613e+04
29,30,5,7.984613e+04
29,30,1,1.226269e+05
29,30,2,1.226269e+05
29,30,3,1.226269e+05
29,30,5,1.226269e+05
29,30,1,1.351973e+04
29,30,2,1.351973e+04
29,30,3,1.351973e+04
29,30,5,1.351973e+04
29,30,1,1.866715e+04
29,30,2,1.866715e+04
29,30,3,1.866715e+04
29,30,5,1.866715e+04
29,30,1,7.658290e+04
29,30,2,7.658290e+04
29,30,3,7.658290e+04
29,30,5,7.658290e+04
29,30,1,5.936808e+04
29,30,2,5.936808e+04
29,30,3,3.468172e+04
29,30,5,3.468172e+04
29,30,1,5.059028e+04
29,30,2,5.059028e+04
29,30,3,5.059028e+04
29,30,5,5.059028e+04
29,30,1,1.946710e+04
29,30,2,1.946710e+04
29,30,3,1.946710e+04
29,30,5,1.946710e+04
29,30,1,5.148156e+03
29,30,2,5.148156e+03
29,30,3,5.148156e+03
29,30,5,5.148156e+03
29,30,1,9.694397e+03
29,30,2,9.694397e+03
29,30,3,9.694397e+03
29,30,5,9.694397e+03
29,30,1,2.924767e+04
29,30,2,2.924767e+04
29,30,3,2.924767e+04
29,30,5,2.924767e+04
29,30,1,1.359343e+05
29,30,2,1.359343e+05
29,30,3,1.359343e+05
29,30,5,1.336205e+05
29,30,1,9.776469e+03
29,30,2,9.776469e+03
29,30,3,9.776469e+03
29,30,5,9.776469e+03
29,30,1,3.821090e+04
29,30,2,3.821090e+04
29,30,3,3.821090e+04
29,30,5,3.821090e+04
29,30,1,6.049685e+03
29,30,2,6.049685e+03
29,30,3,6.049685e+03
29,30,5,6.049685e+03
29,30,1,9.900487e+03
29,30,2,9.900487e+03
29,30,3,9.900487e+03
29,30,5,9.900487e+03
29,30,1,1.089447e+04
29,30,2,1.089447e+04
29,30,3,1.089447e+04
29,30,5,1.089447e+04
29,30,1,1.722291e+05
29,30,2,1.722291e+05
29,30,3,1.722291e+05
29,30,5,1.722291e+05
29,30,1,1.621617e+04
29,30,2,1.621617e+04
29,30,3,1.621617e+04
29,30,5,1.621617e+04
29,30,1,3.464609e+03
29,30,2,3.464609e+03
29,30,3,3.464609e+03
29,30,5,3.464609e+03
29,30,1,6.476385e+04
29,30,2,6.476385e+04
29,30,3,6.476385e+04
29,30,5,6.476385e+04
29,30,1,8.229169e+05
29,30,2,8.229169e+05
29,30,3,8.229169e+05
29,30,5,2.195744e+04
29,30,1,1.131186e+04
29,30,2,1.131186e+04
29,30,3,1.131186e+04
29,30,5,1.131186e+04
29,30,1,2.482077e+04
29,30,2,2.482077e+04
29,30,3,2.482077e+04
29,30,5,2.482077e+04
29,30,1,7.062562e+04
29,30,2,7.062562e+04
29,30,3,7.062562e+04
29,30,5,7.062562e+04
29,30,1,8.271826e+03
29,30,2,8.271826e+03
29,30,3,8.271826e+03
29,30,5,8.271826e+03
29,30,1,1.793109e+04
29,30,2,1.793109e+04
29,30,3,1.793109e+04
29,30,5,1.793109e+04
29,30,1,2.035934e+04
29,30,2,2.035934e+04
29,30,3,2.035934e+04
29,30,5,2.035934e+04
29,30,1,9.971352e+03
29,30,2,9.971352e+03
29,30,3,9.971352e+03
29,30,5,9.971352e+03
29,30,1,1.333139e+04
29,30,2,1.333139e+04
29,30,3,1.333139e+04
29,30,5,1.333139e+04
29,30,1,8.355863e+03
29,30,2,8.355863e+03
29,30,3,8.355863e+03
29,30,5,8.355863e+03
29,30,1,4.610038e+04
29,30,2,4.610038e+04
29,30,3,4.610038e+04
29,30,5,4.610038e+04
29,30,1,6.056796e+03
29,30,2,6.056796e+03
29,30,3,6.056796e+03
29,30,5,6.056796e+03
29,30,1,4.805044e+05
29,30,2,4.805044e+05
29,30,3,4.805044e+05
29,30,5,4.805044e+05
29,30,1,3.773871e+04
29,30,2,3.773871e+04
29,30,3,3.773871e+04
29,30,5,2.939773e+04
29,30,1,1.574073e+04
29,30,2,1.574073e+04
29,30,3,1.574073e+04
29,30,5,1.574073e+04
29,30,1,2.149575e+04
29,30,2,2.149575e+04
29,30,3,2.149575e+04
29,30,5,2.149575e+04
29,30,1,9.818217e+03
29,30,2,9.818217e+03
29,30,3,9.818217e+03
29,30,5,9.818217e+03
29,30,1,5.690945e+03
29,30,2,5.690945e+03
29,30,3,5.690945e+03
29,30,5,5.690945e+03
29,30,1,8.127699e+04
29,30,2,8.127699e+04
29,30,3,8.127699e+04
29,30,5,8.127699e+04
29,30,1,1.343156e+04
29,30,2,1.343156e+04
29,30,3,1.343156e+04
29,30,5,1.343156e+04
29,30,1,1.882590e+04
29,30,2,1.882590e+04
29,30,3,1.882590e+04
29,30,5,1.882590e+04
29,30,1,1.044398e+04
29,30,2,1.044398e+04
29,30,3,1.044398e+04
29,30,5,1.044398e+04
29,30,1,9.299829e+03
29,30,2,9.299829e+03
29,30,3,9.299829e+03
29,30,5,9.299829e+03
29,30,1,1.821866e+04
29,30,2,1.821866e+04
29,30,3,1.821866e+04
29,30,5,1.821866e+04
29,30,1,3.474500e+03
29,30,2,3.213373e+03
29,30,3,3.213373e+03
29,30,5,3.213373e+03
29,30,1,4.509179e+03
29,30,2,3.140178e+03
29,30,3,3.140178e+03
29,30,5,3.140178e+03
29,30,1,5.785502e+03
29,30,2,5.785502e+03
29,30,3,5.785502e+03
29,30,5,5.785502e+03
29,30,1,4.159635e+03
29,30,2,4.159635e+03
29,30,3,4.159635e+03
29,30,5,4.159635e+03
29,30,1,3.806340e+03
29,30,2,3.806340e+03
29,30,3,3.806340e+03
29,30,5,3.806340e+03
29,30,1,7.377407e+03
29,30,2,5.395073e+03
29,30,3,5.395073e+03
29,30,5,5.395073e+03
29,30,1,1.535223e+04
29,30,2,1.535223e+04
29,30,3,1.535223e+04
29,30,5,1.535223e+04
29,30,1,5.963236e+03
29,30,2,5.963236e+03
29,30,3,5.963236e+03
29,30,5,5.963236e+03
29,30,1,2.220169e+04
29,30,2,1.725436e+04
29,30,3,1.698601e+04
29,30,5,1.698601e+04
29,30,1,4.763616e+03
29,30,2,4.763616e+03
29,30,3,4.763616e+03
29,30,5,4.763616e+03
29,30,1,4.209804e+04
29,30,2,1.224771e+04
29,30,3,7.237760e+03
29,30,5,6.247823e+03
29,30,1,6.160863e+03
29,30,2,6.160863e+03
29,30,3,6.160863e+03
29,30,5,6.160863e+03
29,30,1,8.223334e+03
29,30,2,8.223334e+03
29,30,3,8.223334e+03
29,30,5,8.223334e+03
29,30,1,3.495825e+04
29,30,2,3.495825e+04
29,30,3,9.832404e+03
29,30,5,9.832404e+03
29,30,1,1.322071e+04
29,30,2,1.322071e+04
29,30,3,1.062922e+04
29,30,5,7.319423e+03
29,30,1,3.440673e+04
29,30,2,3.440673e+04
29,30,3,3.440673e+04
29,30,5,3.440673e+04
29,30,1,1.993744e+04
29,30,2,1.993744e+04
29,30,3,1.807588e+04
29,30,5,1.464900e+04
29,30,1,6.424571e+03
29,30,2,5.918200e+03
29,30,3,5.918200e+03
29,30,5,5.409709e+03
29,30,1,5.178257e+03
29,30,2,2.890433e+03
29,30,3,2.684076e+03
29,30,5,2.485586e+03
29,30,1,1.325844e+04
29,30,2,1.325844e+04
29,30,3,1.325844e+04
29,30,5,1.325844e+04
29,30,1,5.738459e+04
29,30,2,5.738459e+04
29,30,3,5.738459e+04
29,30,5,5.738459e+04
29,30,1,1.345663e+04
29,30,2,1.345663e+04
29,30,3,1.345663e+04
29,30,5,1.345663e+04
29,30,1,1.286056e+04
29,30,2,1.286056e+04
29,30,3,1.286056e+04
29,30,5,1.286056e+04
29,30,1,5.319950e+03
29,30,2,5.319950e+03
29,30,3,5.319950e+03
29,30,5,5.319950e+03
29,30,1,8.988185e+03
29,30,2,8.135730e+03
29,30,3,8.135730e+03
29,30,5,8.135730e+03
29,30,1,7.292471e+03
29,30,2,7.292471e+03
29,30,3,7.292471e+03
29,30,5,7.292471e+03
29,30,1,6.361665e+03
29,30,2,6.361665e+03
29,30,3,6.361665e+03
29,30,5,6.361665e+03
29,30,1,1.111735e+04
29,30,2,1.111735e+04
29,30,3,1.111735e+04
29,30,5,1.111735e+04
29,30,1,2.186239e+04
29,30,2,2.186239e+04
29,30,3,2.186239e+04
29,30,5,2.186239e+04
29,30,1,1.263514e+04
29,30,2,1.201586e+04
29,30,3,9.443310e+03
29,30,5,8.099423e+03
29,30,1,3.046656e+03
29,30,2,3.046656e+03
29,30,3,3.046656e+03
29,30,5,3.046656e+03
29,30,1,3.791942e+03
29,30,2,3.791942e+03
29,30,3,3.791942e+03
29,30,5,3.791942e+03
29,30,1,3.767141e+04
29,30,2,3.767141e+04
29,30,3,3.767141e+04
29,30,5,3.767141e+04
29,30,1,1.764180e+04
29,30,2,1.764180e+04
29,30,3,1.764180e+04
29,30,5,1.764180e+04
29,30,1,6.355462e+04
29,30,2,5.720267e+04
29,30,3,3.919277e+04
29,30,5,8.831619e+03
29,30,1,5.747353e+03
29,30,2,5.747353e+03
29,30,3,5.747353e+03
29,30,5,5.747353e+03
29,30,1,6.178216e+03
29,30,2,6.178216e+03
29,30,3,6.178216e+03
29,30,5,6.178216e+03
29,30,1,2.238914e+04
29,30,2,2.238914e+04
29,30,3,2.238914e+04
29,30,5,2.238914e+04
29,30,1,6.251922e+03
29,30,2,6.251922e+03
29,30,3,6.251922e+03
29,30,5,6.251922e+03
29,30,1,7.199665e+03
29,30,2,7.199665e+03
29,30,3,7.199665e+03
29,30,5,7.199665e+03
29,30,1,5.986719e+03
29,30,2,5.986719e+03
29,30,3,5.739905e+03
29,30,5,5.649288e+03
29,30,1,7.244852e+03
29,30,2,7.244852e+03
29,30,3,7.244852e+03
29,30,5,7.244852e+03
29,30,1,3.667641e+03
29,30,2,3.667641e+03
29,30,3,3.667641e+03
29,30,5,3.667641e+03
29,30,1,3.035167e+04
29,30,2,3.035167e+04
29,30,3,3.035167e+04
29,30,5,3.035167e+04
29,30,1,1.937752e+04
29,30,2,1.937752e+04
29,30,3,1.937752e+04
29,30,5,1.937752e+04
29,30,1,8.875515e+03
29,30,2,7.711290e+03
29,30,3,7.484198e+03
29,30,5,7.484198e+03
29,30,1,7.316670e+04
29,30,2,7.316670e+04
29,30,3,7.316670e+04
29,30,5,7.316670e+04
29,30,1,1.306230e+04
29,30,2,1.306230e+04
29,30,3,1.306230e+04
29,30,5,1.306230e+04
29,30,1,6.567833e+03
29,30,2,6.567833e+03
29,30,3,6.567833e+03
29,30,5,6.567833e+03
29,30,1,9.914857e+03
29,30,2,9.914857e+03
29,30,3,9.914857e+03
29,30,5,3.969598e+03
29,30,1,2.618870e+03
29,30,2,2.618870e+03
29,30,3,2.618870e+03
29,30,5,2.618870e+03
29,30,1,6.120031e+03
29,30,2,6.120031e+03
29,30,1,3.456448e+03
29,30,2,3.456448e+03
29,30,1,7.236586e+03
29,30,2,5.335681e+03
29,30,1,2.556931e+04
29,30,2,1.045844e+04
29,30,1,9.404182e+03
29,30,2,9.404182e+03
29,30,1,1.079049e+04
29,30,2,1.079049e+04
29,30,1,1.238057e+05
29,30,2,1.238057e+05
29,30,1,7.957271e+03
29,30,2,3.816027e+03
29,30,1,4.993238e+03
29,30,2,4.993238e+03
29,30,1,1.488606e+04
29,30,2,1.488606e+04
29,30,1,6.372410e+03
29,30,2,6.372410e+03
29,30,1,2.514036e+04
29,30,2,2.514036e+04
29,30,1,6.305522e+03
29,30,2,6.305522e+03
29,30,1,5.534096e+03
29,30,2,5.534096e+03
29,30,1,2.260893e+04
29,30,2,2.260893e+04
29,30,1,1.276585e+04
29,30,2,1.276585e+04
29,30,1,9.605051e+03
29,30,2,9.605051e+03
29,30,1,8.470296e+03
29,30,2,8.470296e+03
29,30,1,3.690305e+04
29,30,2,3.690305e+04
29,30,1,6.438623e+03
29,30,2,6.378276e+03
29,30,1,8.145678e+03
29,30,2,8.145678e+03
29,30,1,3.295943e+03
29,30,2,3.119585e+03
29,30,1,9.486143e+03
29,30,2,9.486143e+03
29,30,1,8.419340e+03
29,30,2,5.294144e+03
29,30,1,4.994206e+04
29,30,2,4.994206e+04
29,30,1,4.413591e+03
29,30,2,4.413591e+03
29,30,1,3.618117e+03
29,30,2,3.618117e+03
29,30,1,9.296222e+04
29,30,2,9.296222e+04
29,30,1,1.096948e+04
29,30,2,1.096948e+04
29,30,1,3.933815e+04
29,30,2,3.933815e+04
29,30,1,3.292571e+03
29,30,2,3.292571e+03
29,30,1,6.870162e+03
29,30,2,6.870162e+03
29,30,1,6.202763e+03
29,30,2,6.202763e+03
29,30,1,5.788632e+03
29,30,2,4.071926e+03
29,30,1,8.339019e+03
29,30,2,8.339019e+03
29,30,1,8.520400e+03
29,30,2,8.520400e+03
29,30,1,7.044976e+03
29,30,2,7.044976e+03
29,30,1,2.374986e+04
29,30,2,2.374986e+04
29,30,1,4.984289e+03
29,30,2,4.984289e+03
29,30,1,2.238887e+04
29,30,2,2.238887e+04
29,30,1,6.371326e+03
29,30,2,6.371326e+03
29,30,1,1.522526e+05
29,30,2,1.522526e+05
29,30,1,7.895220e+03
29,30,2,7.895220e+03
29,30,1,1.086556e+04
29,30,2,1.086556e+04
29,30,1,7.500806e+03
29,30,2,7.500806e+03
29,30,1,4.321781e+03
29,30,2,4.321781e+03
29,30,1,7.971452e+04
29,30,2,7.971452e+04
29,30,1,3.255555e+03
29,30,2,3.255555e+03
29,30,1,8.664325e+03
29,30,2,8.664325e+03
29,30,1,6.533816e+03
29,30,2,6.533816e+03
29,30,1,6.847702e+03
29,30,2,6.847702e+03
29,30,1,2.372059e+04
29,30,2,2.372059e+04
29,30,3,2.372059e+04
29,30,5,1.120075e+04
29,30,10,1.120075e+04
29,30,20,1.120075e+04
29,30,30,1.120075e+04
29,30,1,5.073607e+03
29,30,2,5.073607e+03
29,30,3,3.800185e+03
29,30,5,3.800185e+03
29,30,10,3.800185e+03
29,30,20,3.800185e+03
29,30,30,3.800185e+03
29,30,1,1.051262e+04
29,30,2,1.051262e+04
29,30,3,1.051262e+04
29,30,5,1.051262e+04
29,30,10,1.051262e+04
29,30,20,1.051262e+04
29,30,30,1.051262e+04
29,30,1,1.232314e+04
29,30,2,5.470520e+03
29,30,3,5.470520e+03
29,30,5,5.470520e+03
29,30,10,5.470520e+03
29,30,20,5.470520e+03
29,30,30,5.470520e+03
29,30,1,6.506622e+03
29,30,2,6.506622e+03
29,30,3,6.506622e+03
29,30,5,6.506622e+03
29,30,10,6.506622e+03
29,30,20,6.506622e+03
29,30,30,6.506622e+03
29,30,1,2.360427e+05
29,30,2,4.019646e+03
29,30,3,3.577071e+03
29,30,5,3.577071e+03
29,30,10,3.133305e+03
29,30,20,3.133305e+03
29,30,30,3.133305e+03
29,30,1,3.560170e+03
29,30,2,3.560170e+03
29,30,3,3.560170e+03
29,30,5,3.560170e+03
29,30,10,3.560170e+03
29,30,20,3.560170e+03
29,30,30,3.560170e+03
29,30,1,1.394408e+05
29,30,2,1.305261e+05
29,30,3,1.305261e+05
29,30,5,1.305261e+05
29,30,10,3.867440e+04
29,30,20,3.867440e+04
29,30,30,3.867440e+04
29,30,1,5.747035e+04
29,30,2,5.747035e+04
29,30,3,5.747035e+04
29,30,5,5.747035e+04
29,30,10,5.350526e+04
29,30,20,5.350526e+04
29,30,30,5.350526e+04
29,30,1,2.216827e+04
29,30,2,1.177358e+04
29,30,3,1.177358e+04
29,30,5,1.177358e+04
29,30,10,8.835237e+03
29,30,20,8.835237e+03
29,30,30,8.835237e+03
29,30,1,3.797662e+03
29,30,2,3.797662e+03
29,30,3,3.797662e+03
29,30,5,3.797662e+03
29,30,10,3.797662e+03
29,30,20,3.797662e+03
29,30,30,3.797662e+03
29,30,1,2.766754e+04
29,30,2,2.766754e+04
29,30,3,2.766754e+04
29,30,5,2.766754e+04
29,30,10,2.766754e+04
29,30,20,2.766754e+04
29,30,30,2.766754e+04
29,30,1,5.146117e+03
29,30,2,5.146117e+03
29,30,3,5.146117e+03
29,30,5,5.146117e+03
29,30,10,5.146117e+03
29,30,20,5.146117e+03
29,30,30,5.146117e+03
29,30,1,3.038062e+03
29,30,2,2.555394e+03
29,30,3,2.489295e+03
29,30,5,2.460744e+03
29,30,10,2.460744e+03
29,30,20,2.460744e+03
29,30,30,2.460744e+03
29,30,1,6.057193e+03
29,30,2,4.344275e+03
29,30,3,4.091803e+03
29,30,5,4.073504e+03
29,30,10,4.060454e+03
29,30,20,4.060454e+03
29,30,30,4.060454e+03
29,30,1,3.801528e+03
29,30,2,3.801528e+03
29,30,3,3.801528e+03
29,30,5,3.801528e+03
29,30,10,3.801528e+03
29,30,20,3.801528e+03
29,30,30,3.801528e+03
29,30,1,8.655379e+03
29,30,2,8.655379e+03
29,30,3,8.655379e+03
29,30,5,8.655379e+03
29,30,10,6.009834e+03
29,30,20,6.009834e+03
29,30,30,6.009834e+03
29,30,1,6.365847e+03
29,30,2,6.365847e+03
29,30,3,6.365847e+03
29,30,5,6.365847e+03
29,30,10,6.235149e+03
29,30,20,4.186205e+03
29,30,30,4.186205e+03
29,30,1,7.581794e+03
29,30,2,7.581794e+03
29,30,3,7.581794e+03
29,30,5,7.581794e+03
29,30,10,7.581794e+03
29,30,20,7.581794e+03
29,30,30,7.581794e+03
29,30,1,3.516966e+03
29,30,2,3.516966e+03
29,30,3,3.516966e+03
29,30,5,3.516966e+03
29,30,10,3.516966e+03
29,30,20,3.516966e+03
29,30,30,3.516966e+03
29,30,1,9.752250e+03
29,30,2,9.752250e+03
29,30,3,9.752250e+03
29,30,5,9.752250e+03
29,30,10,8.629276e+03
29,30,20,8.629276e+03
29,30,30,8.629276e+03
29,30,1,5.865819e+03
29,30,2,5.865819e+03
29,30,3,5.865819e+03
29,30,5,5.865819e+03
29,30,10,5.865819e+03
29,30,20,5.865819e+03
29,30,30,5.865819e+03
29,30,1,1.442311e+05
29,30,2,1.442311e+05
29,30,3,1.442311e+05
29,30,5,1.442311e+05
29,30,10,5.647677e+03
29,30,20,5.258599e+03
29,30,30,5.258599e+03
29,30,1,4.504288e+03
29,30,2,4.504288e+03
29,30,3,4.504288e+03
29,30,5,4.504288e+03
29,30,10,4.504288e+03
29,30,20,4.504288e+03
29,30,30,4.504288e+03
29,30,1,1.463670e+04
29,30,2,1.463670e+04
29,30,3,1.463670e+04
29,30,5,1.463670e+04
29,30,10,1.463670e+04
29,30,20,1.463670e+04
29,30,30,1.463670e+04
29,30,1,7.886609e+04
29,30,2,1.859508e+04
29,30,3,1.401884e+04
29,30,5,1.042573e+04
29,30,10,1.042573e+04
29,30,20,1.042573e+04
29,30,30,1.042573e+04
29,30,1,1.701829e+04
29,30,2,1.701829e+04
29,30,3,1.701829e+04
29,30,5,1.701829e+04
29,30,10,1.701829e+04
29,30,20,1.701829e+04
29,30,30,1.701829e+04
29,30,1,8.172768e+03
29,30,2,6.378038e+03
29,30,3,6.378038e+03
29,30,5,6.378038e+03
29,30,10,6.378038e+03
29,30,20,6.378038e+03
29,30,30,6.378038e+03
29,30,1,8.200647e+03
29,30,2,8.200647e+03
29,30,3,8.200647e+03
29,30,5,8.200647e+03
29,30,10,8.200647e+03
29,30,20,8.200647e+03
29,30,30,8.200647e+03
29,30,1,1.174126e+04
29,30,2,1.174126e+04
29,30,3,9.778551e+03
29,30,5,9.778551e+03
29,30,10,8.913255e+03
29,30,20,8.913255e+03
29,30,30,8.913255e+03
29,30,1,1.331295e+04
29,30,2,1.331295e+04
29,30,3,6.047580e+03
29,30,5,5.717758e+03
29,30,10,5.717758e+03
29,30,20,5.101201e+03
29,30,30,5.101201e+03
29,30,1,2.750954e+03
29,30,2,2.750954e+03
29,30,3,2.750954e+03
29,30,5,2.750954e+03
29,30,10,2.750954e+03
29,30,20,2.750954e+03
29,30,30,2.750954e+03
29,30,1,6.599865e+03
29,30,2,6.599865e+03
29,30,3,6.599865e+03
29,30,5,6.599865e+03
29,30,10,6.599865e+03
29,30,20,6.599865e+03
29,30,30,6.599865e+03
29,30,1,3.576011e+03
29,30,2,3.576011e+03
29,30,3,3.576011e+03
29,30,5,3.497135e+03
29,30,10,3.497135e+03
29,30,20,3.497135e+03
29,30,30,3.497135e+03
29,30,1,6.847017e+03
29,30,2,6.847017e+03
29,30,3,6.847017e+03
29,30,5,6.847017e+03
29,30,10,6.847017e+03
29,30,20,6.847017e+03
29,30,30,6.847017e+03
29,30,1,1.261390e+04
29,30,2,3.654494e+03
29,30,3,2.842352e+03
29,30,5,2.386494e+03
29,30,10,2.386494e+03
29,30,20,2.286055e+03
29,30,30,2.286055e+03
29,30,1,9.256394e+03
29,30,2,9.256394e+03
29,30,3,9.256394e+03
29,30,5,9.256394e+03
29,30,10,9.256394e+03
29,30,20,9.256394e+03
29,30,30,9.256394e+03
29,30,1,4.622430e+03
29,30,2,4.622430e+03
29,30,3,4.100273e+03
29,30,5,4.100273e+03
29,30,10,4.100273e+03
29,30,20,4.100273e+03
29,30,30,4.100273e+03
29,30,1,7.305388e+04
29,30,2,1.697325e+04
29,30,3,8.875264e+03
29,30,5,8.875264e+03
29,30,10,5.939389e+03
29,30,20,5.939389e+03
29,30,30,5.939389e+03
29,30,1,9.226928e+03
29,30,2,9.226928e+03
29,30,3,9.226928e+03
29,30,5,9.226928e+03
29,30,10,9.226928e+03
29,30,20,9.226928e+03
29,30,30,9.226928e+03
29,30,1,7.575963e+03
29,30,2,7.575963e+03
29,30,3,5.082386e+03
29,30,5,4.966603e+03
29,30,10,4.966603e+03
29,30,20,4.966603e+03
29,30,30,4.966603e+03
29,30,1,2.175422e+04
29,30,2,2.175422e+04
29,30,3,2.175422e+04
29,30,5,6.126772e+03
29,30,10,6.126772e+03
29,30,20,6.126772e+03
29,30,30,6.126772e+03
29,30,1,5.276914e+03
29,30,2,5.276914e+03
29,30,3,5.276914e+03
29,30,5,5.276914e+03
29,30,10,3.235549e+03
29,30,20,3.235549e+03
29,30,30,3.235549e+03
29,30,1,3.438357e+03
29,30,2,3.438357e+03
29,30,3,3.438357e+03
29,30,5,3.438357e+03
29,30,10,3.404926e+03
29,30,20,3.404926e+03
29,30,30,3.404926e+03
29,30,1,1.653431e+04
29,30,2,1.619487e+04
29,30,3,1.619487e+04
29,30,5,1.619487e+04
29,30,10,1.619487e+04
29,30,20,1.619487e+04
29,30,30,1.619487e+04
29,30,1,8.830760e+03
29,30,2,8.830760e+03
29,30,3,8.830760e+03
29,30,5,8.830760e+03
29,30,10,8.830760e+03
29,30,20,8.830760e+03
29,30,30,8.830760e+03
29,30,1,8.808109e+04
29,30,2,1.384284e+04
29,30,3,1.384284e+04
29,30,5,1.384284e+04
29,30,10,1.384284e+04
29,30,20,1.384284e+04
29,30,30,1.384284e+04
29,30,1,8.958496e+03
29,30,2,7.232558e+03
29,30,3,7.232558e+03
29,30,5,7.232558e+03
29,30,10,7.232558e+03
29,30,20,7.232558e+03
29,30,30,7.232558e+03
29,30,1,1.528703e+04
29,30,2,5.772021e+03
29,30,3,5.726535e+03
29,30,5,5.726535e+03
29,30,10,5.307432e+03
29,30,20,4.365279e+03
29,30,30,4.365279e+03
29,30,1,6.564586e+03
29,30,2,6.564586e+03
29,30,3,6.564586e+03
29,30,5,6.564586e+03
29,30,10,6.514630e+03
29,30,20,6.514630e+03
29,30,30,6.514630e+03
29,30,1,3.769099e+03
29,30,2,3.769099e+03
29,30,3,3.769099e+03
29,30,5,3.769099e+03
29,30,10,3.341504e+03
29,30,20,2.995708e+03
29,30,30,2.995708e+03
29,30,1,2.968697e+04
29,30,2,2.968697e+04
29,30,3,2.968697e+04
29,30,5,2.968697e+04
29,30,1,8.819889e+03
29,30,2,8.819889e+03
29,30,3,8.819889e+03
29,30,5,8.819889e+03
29,30,1,8.739728e+03
29,30,2,8.739728e+03
29,30,3,8.739728e+03
29,30,5,8.739728e+03
29,30,1,8.796463e+03
29,30,2,8.796463e+03
29,30,3,8.796463e+03
29,30,5,8.796463e+03
29,30,1,8.935315e+04
29,30,2,8.935315e+04
29,30,3,8.935315e+04
29,30,5,8.935315e+04
29,30,1,1.817988e+04
29,30,2,1.817988e+04
29,30,3,1.817988e+04
29,30,5,1.817988e+04
29,30,1,6.575229e+03
29,30,2,6.575229e+03
29,30,3,6.575229e+03
29,30,5,6.575229e+03
29,30,1,1.406054e+04
29,30,2,1.406054e+04
29,30,3,1.406054e+04
29,30,5,1.406054e+04
29,30,1,1.858392e+04
29,30,2,1.858392e+04
29,30,3,1.858392e+04
29,30,5,1.858392e+04
29,30,1,6.844174e+04
29,30,2,6.844174e+04
29,30,3,6.844174e+04
29,30,5,6.844174e+04
29,30,1,3.035698e+05
29,30,2,3.035698e+05
29,30,3,3.035698e+05
29,30,5,3.035698e+05
29,30,1,4.069793e+03
29,30,2,4.069793e+03
29,30,3,4.069793e+03
29,30,5,4.069793e+03
29,30,1,1.593881e+04
29,30,2,1.593881e+04
29,30,3,1.593881e+04
29,30,5,1.593881e+04
29,30,1,8.800269e+04
29,30,2,8.800269e+04
29,30,3,8.800269e+04
29,30,5,8.800269e+04
29,30,1,6.804051e+04
29,30,2,6.804051e+04
29,30,3,6.804051e+04
29,30,5,6.804051e+04
29,30,1,3.486435e+04
29,30,2,3.486435e+04
29,30,3,3.486435e+04
29,30,5,3.486435e+04
29,30,1,6.752550e+03
29,30,2,6.752550e+03
29,30,3,6.752550e+03
29,30,5,6.752550e+03
29,30,1,3.573545e+04
29,30,2,3.573545e+04
29,30,3,3.573545e+04
29,30,5,3.573545e+04
29,30,1,7.413413e+03
29,30,2,7.413413e+03
29,30,3,7.413413e+03
29,30,5,7.413413e+03
29,30,1,7.788527e+03
29,30,2,7.788527e+03
29,30,3,7.788527e+03
29,30,5,7.788527e+03
29,30,1,1.081337e+04
29,30,2,1.081337e+04
29,30,3,1.081337e+04
29,30,5,1.081337e+04
29,30,1,3.971204e+03
29,30,2,3.971204e+03
29,30,3,3.971204e+03
29,30,5,3.971204e+03
29,30,1,7.696703e+04
29,30,2,7.696703e+04
29,30,3,7.696703e+04
29,30,5,7.696703e+04
29,30,1,2.575097e+04
29,30,2,2.575097e+04
29,30,3,2.575097e+04
29,30,5,2.575097e+04
29,30,1,1.670781e+04
29,30,2,1.670781e+04
29,30,3,1.670781e+04
29,30,5,1.670781e+04
29,30,1,1.945695e+05
29,30,2,1.945695e+05
29,30,3,1.945695e+05
29,30,5,1.945695e+05
29,30,1,7.518201e+03
29,30,2,7.518201e+03
29,30,3,7.518201e+03
29,30,5,7.518201e+03
29,30,1,3.043103e+04
29,30,2,3.043103e+04
29,30,3,3.043103e+04
29,30,5,3.043103e+04
29,30,1,3.132403e+04
29,30,2,3.132403e+04
29,30,3,3.132403e+04
29,30,5,3.132403e+04
29,30,1,4.747117e+04
29,30,2,4.747117e+04
29,30,3,4.747117e+04
29,30,5,4.747117e+04
29,30,1,3.252540e+03
29,30,2,3.252540e+03
29,30,3,3.252540e+03
29,30,5,3.252540e+03
29,30,1,8.340876e+03
29,30,2,8.340876e+03
29,30,3,8.340876e+03
29,30,5,8.340876e+03
29,30,1,5.606518e+03
29,30,2,5.606518e+03
29,30,3,5.606518e+03
29,30,5,5.606518e+03
29,30,1,6.658934e+05
29,30,2,6.658934e+05
29,30,3,6.658934e+05
29,30,5,6.658934e+05
29,30,1,2.490739e+04
29,30,2,2.490739e+04
29,30,3,2.490739e+04
29,30,5,2.490739e+04
29,30,1,3.652306e+04
29,30,2,3.652306e+04
29,30,3,3.652306e+04
29,30,5,3.652306e+04
29,30,1,2.931261e+04
29,30,2,2.931261e+04
29,30,3,2.931261e+04
29,30,5,2.931261e+04
29,30,1,4.283050e+04
29,30,2,4.283050e+04
29,30,3,4.283050e+04
29,30,5,4.283050e+04
29,30,1,3.512291e+03
29,30,2,3.512291e+03
29,30,3,3.512291e+03
29,30,5,3.512291e+03
29,30,1,1.024293e+05
29,30,2,1.024293e+05
29,30,3,1.024293e+05
29,30,5,1.024293e+05
29,30,1,8.173030e+03
29,30,2,8.173030e+03
29,30,3,8.173030e+03
29,30,5,8.173030e+03
29,30,1,6.262403e+03
29,30,2,6.262403e+03
29,30,3,6.262403e+03
29,30,5,6.262403e+03
29,30,1,3.876468e+03
29,30,2,3.876468e+03
29,30,3,3.876468e+03
29,30,5,3.876468e+03
29,30,1,1.737213e+05
29,30,2,1.737213e+05
29,30,3,1.737213e+05
29,30,5,8.309320e+03
29,30,1,7.253610e+04
29,30,2,7.253610e+04
29,30,3,7.253610e+04
29,30,5,7.253610e+04
29,30,1,4.047489e+03
29,30,2,4.047489e+03
29,30,3,4.047489e+03
29,30,5,4.047489e+03
29,30,1,2.847590e+04
29,30,2,2.847590e+04
29,30,3,2.847590e+04
29,30,5,2.847590e+04
29,30,1,7.967502e+03
29,30,2,7.967502e+03
29,30,3,7.967502e+03
29,30,5,7.967502e+03
29,30,1,1.621198e+05
29,30,2,1.621198e+05
29,30,3,1.621198e+05
29,30,5,1.621198e+05
29,30,1,1.018709e+05
29,30,2,1.018709e+05
29,30,3,1.018709e+05
29,30,5,3.451550e+04
29,30,1,1.275359e+04
29,30,2,1.275359e+04
29,30,3,1.275359e+04
29,30,5,1.275359e+04
