funcid,dim,milestone,error
13,30,1,2.136060e+10
13,30,2,2.136060e+10
13,30,3,2.136060e+10
13,30,5,2.136060e+10
13,30,1,8.238696e+09
13,30,2,8.238696e+09
13,30,3,8.238696e+09
13,30,5,8.238696e+09
13,30,1,2.152007e+10
13,30,2,1.912753e+10
13,30,3,1.912753e+10
13,30,5,1.912753e+10
13,30,1,2.213883e+10
13,30,2,2.213883e+10
13,30,3,2.213883e+10
13,30,5,2.213883e+10
13,30,1,3.038128e+10
13,30,2,3.038128e+10
13,30,3,3.038128e+10
13,30,5,3.038128e+10
13,30,1,1.978372e+10
13,30,2,1.978372e+10
13,30,3,1.978372e+10
13,30,5,1.978372e+10
13,30,1,1.644440e+10
13,30,2,1.644440e+10
13,30,3,1.644440e+10
13,30,5,1.644440e+10
13,30,1,1.732588e+10
13,30,2,1.732588e+10
13,30,3,1.732588e+10
13,30,5,1.732588e+10
13,30,1,2.852623e+10
13,30,2,2.852623e+10
13,30,3,2.852623e+10
13,30,5,2.852623e+10
13,30,1,2.274206e+10
13,30,2,2.274206e+10
13,30,3,2.274206e+10
13,30,5,2.274206e+10
13,30,1,2.146892e+10
13,30,2,2.146892e+10
13,30,3,2.146892e+10
13,30,5,2.146892e+10
13,30,1,1.322950e+10
13,30,2,1.322950e+10
13,30,3,1.322950e+10
13,30,5,1.322950e+10
13,30,1,1.323194e+10
13,30,2,1.323194e+10
13,30,3,1.323194e+10
13,30,5,1.323194e+10
13,30,1,1.276234e+10
13,30,2,1.276234e+10
13,30,3,1.276234e+10
13,30,5,1.276234e+10
13,30,1,3.270085e+10
13,30,2,3.270085e+10
13,30,3,3.270085e+10
13,30,5,3.270085e+10
13,30,1,2.603322e+10
13,30,2,2.603322e+10
13,30,3,2.603322e+10
13,30,5,2.603322e+10
13,30,1,6.038787e+10
13,30,2,6.038787e+10
13,30,3,6.038787e+10
13,30,5,6.038787e+10
13,30,1,1.714417e+10
13,30,2,1.714417e+10
13,30,3,1.714417e+10
13,30,5,1.714417e+10
13,30,1,2.512333e+09
13,30,2,2.512333e+09
13,30,3,2.512333e+09
13,30,5,2.512333e+09
13,30,1,2.232579e+10
13,30,2,2.232579e+10
13,30,3,2.232579e+10
13,30,5,2.232579e+10
13,30,1,3.701910e+10
13,30,2,3.701910e+10
13,30,3,3.701910e+10
13,30,5,3.701910e+10
13,30,1,3.414552e+10
13,30,2,3.414552e+10
13,30,3,3.414552e+10
13,30,5,3.414552e+10
13,30,1,9.968234e+09
13,30,2,9.968234e+09
13,30,3,9.968234e+09
13,30,5,9.968234e+09
13,30,1,1.624559e+10
13,30,2,1.624559e+10
13,30,3,1.624559e+10
13,30,5,1.624559e+10
13,30,1,2.561589e+10
13,30,2,2.561589e+10
13,30,3,2.561589e+10
13,30,5,2.561589e+10
13,30,1,2.673297e+10
13,30,2,2.673297e+10
13,30,3,2.673297e+10
13,30,5,2.673297e+10
13,30,1,3.185911e+10
13,30,2,3.185911e+10
13,30,3,3.185911e+10
13,30,5,3.185911e+10
13,30,1,2.754756e+10
13,30,2,2.754756e+10
13,30,3,2.754756e+10
13,30,5,2.754756e+10
13,30,1,2.187792e+10
13,30,2,2.187792e+10
13,30,3,2.187792e+10
13,30,5,2.187792e+10
13,30,1,1.095330e+10
13,30,2,1.095330e+10
13,30,3,1.095330e+10
13,30,5,1.095330e+10
13,30,1,3.132457e+10
13,30,2,3.132457e+10
13,30,3,3.132457e+10
13,30,5,3.132457e+10
13,30,1,1.065782e+10
13,30,2,1.065782e+10
13,30,3,1.065782e+10
13,30,5,1.065782e+10
13,30,1,2.607899e+10
13,30,2,2.607899e+10
13,30,3,2.607899e+10
13,30,5,2.607899e+10
13,30,1,1.750078e+10
13,30,2,1.750078e+10
13,30,3,1.750078e+10
13,30,5,1.750078e+10
13,30,1,1.296570e+10
13,30,2,1.296570e+10
13,30,3,1.296570e+10
13,30,5,1.296570e+10
13,30,1,3.565917e+10
13,30,2,3.565917e+10
13,30,3,3.565917e+10
13,30,5,3.565917e+10
13,30,1,2.892440e+10
13,30,2,2.892440e+10
13,30,3,2.892440e+10
13,30,5,2.892440e+10
13,30,1,3.870607e+10
13,30,2,3.870607e+10
13,30,3,3.870607e+10
13,30,5,3.870607e+10
13,30,1,4.080684e+10
13,30,2,4.080684e+10
13,30,3,4.080684e+10
13,30,5,4.080684e+10
13,30,1,2.467568e+10
13,30,2,2.467568e+10
13,30,3,2.467568e+10
13,30,5,2.467568e+10
13,30,1,2.154089e+10
13,30,2,2.154089e+10
13,30,3,2.154089e+10
13,30,5,2.154089e+10
13,30,1,5.709767e+09
13,30,2,5.709767e+09
13,30,3,5.709767e+09
13,30,5,5.709767e+09
13,30,1,4.126527e+10
13,30,2,4.126527e+10
13,30,3,4.126527e+10
13,30,5,4.126527e+10
13,30,1,3.128814e+10
13,30,2,3.128814e+10
13,30,3,3.128814e+10
13,30,5,3.128814e+10
13,30,1,2.106254e+10
13,30,2,2.106254e+10
13,30,3,2.106254e+10
13,30,5,2.106254e+10
13,30,1,3.961862e+10
13,30,2,3.961862e+10
13,30,3,3.961862e+10
13,30,5,3.961862e+10
13,30,1,2.320359e+10
13,30,2,2.320359e+10
13,30,3,2.320359e+10
13,30,5,2.320359e+10
13,30,1,2.510856e+10
13,30,2,2.510856e+10
13,30,3,2.510856e+10
13,30,5,2.510856e+10
13,30,1,4.057419e+10
13,30,2,4.057419e+10
13,30,3,4.057419e+10
13,30,5,4.057419e+10
13,30,1,2.525601e+10
13,30,2,2.525601e+10
13,30,3,2.525601e+10
13,30,5,2.525601e+10
13,30,1,2.549736e+10
13,30,2,2.549736e+10
13,30,3,2.549736e+10
13,30,5,2.549736e+10
13,30,1,1.905868e+10
13,30,2,1.905868e+10
13,30,3,1.905868e+10
13,30,5,1.905868e+10
13,30,1,2.237441e+10
13,30,2,2.237441e+10
13,30,3,2.237441e+10
13,30,5,2.237441e+10
13,30,1,1.455221e+10
13,30,2,1.455221e+10
13,30,3,1.455221e+10
13,30,5,1.455221e+10
13,30,1,2.151235e+09
13,30,2,2.151235e+09
13,30,3,2.151235e+09
13,30,5,2.151235e+09
13,30,1,4.431763e+10
13,30,2,4.431763e+10
13,30,3,4.431763e+10
13,30,5,4.431763e+10
13,30,1,2.284530e+10
13,30,2,2.284530e+10
13,30,3,2.284530e+10
13,30,5,2.284530e+10
13,30,1,7.447388e+09
13,30,2,7.447388e+09
13,30,3,7.447388e+09
13,30,5,7.447388e+09
13,30,1,1.939806e+10
13,30,2,1.939806e+10
13,30,3,1.939806e+10
13,30,5,1.939806e+10
13,30,1,2.791086e+10
13,30,2,2.791086e+10
13,30,3,2.791086e+10
13,30,5,2.791086e+10
13,30,1,4.171023e+10
13,30,2,4.171023e+10
13,30,3,4.171023e+10
13,30,5,4.171023e+10
13,30,1,1.813819e+10
13,30,2,1.813819e+10
13,30,3,1.813819e+10
13,30,5,1.813819e+10
13,30,1,2.492935e+10
13,30,2,2.492935e+10
13,30,3,2.492935e+10
13,30,5,2.492935e+10
13,30,1,1.587332e+10
13,30,2,1.587332e+10
13,30,3,1.587332e+10
13,30,5,1.587332e+10
13,30,1,1.627889e+10
13,30,2,1.627889e+10
13,30,3,1.627889e+10
13,30,5,1.627889e+10
13,30,1,3.631698e+10
13,30,2,3.631698e+10
13,30,3,3.631698e+10
13,30,5,3.631698e+10
13,30,1,3.580153e+10
13,30,2,3.580153e+10
13,30,3,3.580153e+10
13,30,5,3.580153e+10
13,30,1,1.907125e+10
13,30,2,1.907125e+10
13,30,3,1.907125e+10
13,30,5,1.907125e+10
13,30,1,2.075753e+10
13,30,2,2.075753e+10
13,30,3,2.075753e+10
13,30,5,2.075753e+10
13,30,1,3.240168e+10
13,30,2,3.240168e+10
13,30,3,3.240168e+10
13,30,5,3.240168e+10
13,30,1,3.611389e+10
13,30,2,2.951823e+10
13,30,3,2.951823e+10
13,30,5,2.951823e+10
13,30,1,2.590313e+10
13,30,2,2.590313e+10
13,30,3,2.590313e+10
13,30,5,2.590313e+10
13,30,1,5.591188e+10
13,30,2,5.591188e+10
13,30,3,5.591188e+10
13,30,5,5.591188e+10
13,30,1,1.515902e+10
13,30,2,1.515902e+10
13,30,3,1.515902e+10
13,30,5,1.515902e+10
13,30,1,1.653005e+10
13,30,2,1.653005e+10
13,30,3,1.653005e+10
13,30,5,1.653005e+10
13,30,1,1.558173e+10
13,30,2,1.558173e+10
13,30,3,1.558173e+10
13,30,5,1.558173e+10
13,30,1,4.125123e+10
13,30,2,4.125123e+10
13,30,3,4.125123e+10
13,30,5,4.125123e+10
13,30,1,1.245073e+10
13,30,2,1.245073e+10
13,30,3,1.245073e+10
13,30,5,1.245073e+10
13,30,1,1.898838e+10
13,30,2,1.898838e+10
13,30,3,1.898838e+10
13,30,5,1.898838e+10
13,30,1,2.061096e+10
13,30,2,2.061096e+10
13,30,3,2.061096e+10
13,30,5,2.061096e+10
13,30,1,1.507103e+10
13,30,2,1.507103e+10
13,30,3,1.507103e+10
13,30,5,1.507103e+10
13,30,1,3.747246e+10
13,30,2,3.747246e+10
13,30,3,3.747246e+10
13,30,5,3.747246e+10
13,30,1,1.780188e+10
13,30,2,1.780188e+10
13,30,3,1.780188e+10
13,30,5,1.780188e+10
13,30,1,7.342213e+09
13,30,2,7.342213e+09
13,30,3,7.342213e+09
13,30,5,7.342213e+09
13,30,1,3.178653e+10
13,30,2,3.178653e+10
13,30,3,3.178653e+10
13,30,5,3.178653e+10
13,30,1,1.860347e+10
13,30,2,1.860347e+10
13,30,3,1.860347e+10
13,30,5,1.860347e+10
13,30,1,2.430174e+10
13,30,2,2.430174e+10
13,30,3,2.430174e+10
13,30,5,2.430174e+10
13,30,1,1.991541e+10
13,30,2,1.991541e+10
13,30,3,1.991541e+10
13,30,5,1.991541e+10
13,30,1,2.614115e+10
13,30,2,2.614115e+10
13,30,3,2.614115e+10
13,30,5,2.614115e+10
13,30,1,2.093878e+10
13,30,2,2.093878e+10
13,30,3,2.093878e+10
13,30,5,2.093878e+10
13,30,1,2.895480e+10
13,30,2,2.895480e+10
13,30,3,2.895480e+10
13,30,5,2.065068e+10
13,30,1,2.133903e+10
13,30,2,2.133903e+10
13,30,3,2.133903e+10
13,30,5,2.133903e+10
13,30,1,4.197776e+10
13,30,2,4.197776e+10
13,30,3,4.197776e+10
13,30,5,4.197776e+10
13,30,1,3.896915e+10
13,30,2,3.896915e+10
13,30,3,3.896915e+10
13,30,5,3.896915e+10
13,30,1,9.715891e+09
13,30,2,9.715891e+09
13,30,3,9.715891e+09
13,30,5,9.715891e+09
13,30,1,2.787593e+10
13,30,2,2.787593e+10
13,30,3,2.787593e+10
13,30,5,2.333979e+10
13,30,1,2.195358e+10
13,30,2,2.195358e+10
13,30,3,2.195358e+10
13,30,5,2.195358e+10
13,30,1,1.496755e+10
13,30,2,1.496755e+10
13,30,3,1.496755e+10
13,30,5,1.496755e+10
13,30,1,2.310722e+10
13,30,2,2.310722e+10
13,30,3,2.310722e+10
13,30,5,2.310722e+10
13,30,1,2.276872e+10
13,30,2,2.276872e+10
13,30,3,2.276872e+10
13,30,5,2.276872e+10
13,30,1,2.213823e+10
13,30,2,2.213823e+10
13,30,3,2.213823e+10
13,30,5,2.213823e+10
13,30,1,3.578748e+10
13,30,2,3.578748e+10
13,30,3,3.578748e+10
13,30,5,3.578748e+10
13,30,1,1.861773e+10
13,30,2,1.861773e+10
13,30,3,1.861773e+10
13,30,5,1.861773e+10
13,30,1,4.388452e+10
13,30,2,4.388452e+10
13,30,3,4.388452e+10
13,30,5,4.388452e+10
13,30,1,2.328469e+10
13,30,2,2.328469e+10
13,30,3,2.328469e+10
13,30,5,2.328469e+10
13,30,1,2.480379e+10
13,30,2,2.480379e+10
13,30,3,2.480379e+10
13,30,5,2.480379e+10
13,30,1,7.476547e+09
13,30,2,7.476547e+09
13,30,3,7.476547e+09
13,30,5,7.476547e+09
13,30,1,1.803916e+10
13,30,2,1.803916e+10
13,30,3,1.803916e+10
13,30,5,1.803916e+10
13,30,1,2.604673e+10
13,30,2,2.604673e+10
13,30,3,2.604673e+10
13,30,5,2.604673e+10
13,30,1,3.874901e+10
13,30,2,3.874901e+10
13,30,3,3.874901e+10
13,30,5,3.874901e+10
13,30,1,2.721267e+10
13,30,2,2.721267e+10
13,30,3,2.721267e+10
13,30,5,2.721267e+10
13,30,1,2.323839e+10
13,30,2,2.323839e+10
13,30,3,2.323839e+10
13,30,5,2.323839e+10
13,30,1,1.223086e+10
13,30,2,1.223086e+10
13,30,3,1.223086e+10
13,30,5,1.223086e+10
13,30,1,1.965221e+10
13,30,2,1.965221e+10
13,30,3,1.965221e+10
13,30,5,1.965221e+10
13,30,1,2.494383e+10
13,30,2,2.494383e+10
13,30,3,2.494383e+10
13,30,5,2.494383e+10
13,30,1,2.996903e+10
13,30,2,2.996903e+10
13,30,3,2.996903e+10
13,30,5,2.996903e+10
13,30,1,2.022287e+10
13,30,2,2.022287e+10
13,30,3,2.022287e+10
13,30,5,2.022287e+10
13,30,1,2.127081e+10
13,30,2,2.127081e+10
13,30,3,2.127081e+10
13,30,5,2.127081e+10
13,30,1,2.676234e+10
13,30,2,2.676234e+10
13,30,3,2.676234e+10
13,30,5,2.676234e+10
13,30,1,4.292641e+10
13,30,2,4.292641e+10
13,30,3,4.292641e+10
13,30,5,4.292641e+10
13,30,1,1.968028e+10
13,30,2,1.968028e+10
13,30,3,1.968028e+10
13,30,5,1.968028e+10
13,30,1,1.701256e+10
13,30,2,1.701256e+10
13,30,3,1.701256e+10
13,30,5,1.701256e+10
13,30,1,4.013092e+10
13,30,2,4.013092e+10
13,30,3,4.013092e+10
13,30,5,4.013092e+10
13,30,1,1.482355e+10
13,30,2,1.482355e+10
13,30,3,1.482355e+10
13,30,5,1.482355e+10
13,30,1,3.101122e+10
13,30,2,3.101122e+10
13,30,3,3.101122e+10
13,30,5,3.101122e+10
13,30,1,1.430759e+10
13,30,2,1.430759e+10
13,30,3,1.430759e+10
13,30,5,1.430759e+10
13,30,1,3.297180e+10
13,30,2,3.297180e+10
13,30,3,3.297180e+10
13,30,5,3.297180e+10
13,30,1,2.904941e+10
13,30,2,2.904941e+10
13,30,3,2.904941e+10
13,30,5,2.904941e+10
13,30,1,1.345973e+10
13,30,2,1.345973e+10
13,30,3,1.345973e+10
13,30,5,1.345973e+10
13,30,1,1.344425e+10
13,30,2,1.344425e+10
13,30,3,1.344425e+10
13,30,5,1.344425e+10
13,30,1,3.150398e+10
13,30,2,3.150398e+10
13,30,3,3.150398e+10
13,30,5,3.150398e+10
13,30,1,2.901173e+10
13,30,2,2.901173e+10
13,30,3,2.901173e+10
13,30,5,2.901173e+10
13,30,1,2.934052e+10
13,30,2,2.934052e+10
13,30,3,2.934052e+10
13,30,5,2.934052e+10
13,30,1,1.698782e+10
13,30,2,1.698782e+10
13,30,3,1.698782e+10
13,30,5,1.698782e+10
13,30,1,1.440353e+10
13,30,2,1.440353e+10
13,30,3,1.440353e+10
13,30,5,1.440353e+10
13,30,1,1.335888e+10
13,30,2,1.335888e+10
13,30,3,1.335888e+10
13,30,5,1.335888e+10
13,30,1,1.695487e+10
13,30,2,1.695487e+10
13,30,3,1.695487e+10
13,30,5,1.695487e+10
13,30,1,2.366345e+10
13,30,2,2.366345e+10
13,30,3,2.366345e+10
13,30,5,2.366345e+10
13,30,1,2.452901e+10
13,30,2,2.452901e+10
13,30,3,2.452901e+10
13,30,5,2.193309e+10
13,30,1,3.424769e+10
13,30,2,3.424769e+10
13,30,3,3.424769e+10
13,30,5,3.424769e+10
13,30,1,3.287180e+10
13,30,2,3.287180e+10
13,30,3,3.287180e+10
13,30,5,3.287180e+10
13,30,1,2.394849e+10
13,30,2,2.394849e+10
13,30,3,2.394849e+10
13,30,5,2.394849e+10
13,30,1,3.887897e+10
13,30,2,3.887897e+10
13,30,3,3.887897e+10
13,30,5,1.812335e+10
13,30,1,3.944608e+10
13,30,2,3.944608e+10
13,30,3,3.944608e+10
13,30,5,3.944608e+10
13,30,1,1.769268e+10
13,30,2,1.769268e+10
13,30,3,1.769268e+10
13,30,5,1.769268e+10
13,30,1,2.453016e+10
13,30,2,2.453016e+10
13,30,3,2.453016e+10
13,30,5,2.453016e+10
13,30,1,4.595728e+10
13,30,2,4.595728e+10
13,30,3,4.595728e+10
13,30,5,1.837227e+10
13,30,1,9.104577e+09
13,30,2,9.104577e+09
13,30,3,9.104577e+09
13,30,5,9.104577e+09
13,30,1,3.525892e+10
13,30,2,3.525892e+10
13,30,3,3.525892e+10
13,30,5,3.525892e+10
13,30,1,2.502687e+10
13,30,2,2.502687e+10
13,30,3,2.502687e+10
13,30,5,2.502687e+10
13,30,1,1.051401e+10
13,30,2,1.051401e+10
13,30,3,1.051401e+10
13,30,5,1.051401e+10
13,30,1,3.458939e+10
13,30,2,3.458939e+10
13,30,3,3.458939e+10
13,30,5,3.458939e+10
13,30,1,2.882410e+10
13,30,2,2.882410e+10
13,30,3,2.882410e+10
13,30,5,2.882410e+10
