funcid,dim,milestone,error
9,30,1,4.475162e+04
9,30,2,4.475162e+04
9,30,3,4.475162e+04
9,30,5,1.267140e+04
9,30,1,2.830625e+04
9,30,2,2.830625e+04
9,30,3,2.830625e+04
9,30,5,2.830625e+04
9,30,1,2.721784e+04
9,30,2,2.721784e+04
9,30,3,2.721784e+04
9,30,5,1.385749e+04
9,30,1,1.339166e+04
9,30,2,1.339166e+04
9,30,3,1.339166e+04
9,30,5,1.339166e+04
9,30,1,3.112296e+04
9,30,2,3.112296e+04
9,30,3,3.112296e+04
9,30,5,3.112296e+04
9,30,1,2.044290e+04
9,30,2,2.044290e+04
9,30,3,2.044290e+04
9,30,5,2.044290e+04
9,30,1,1.832120e+04
9,30,2,1.832120e+04
9,30,3,1.832120e+04
9,30,5,1.832120e+04
9,30,1,3.783433e+04
9,30,2,3.783433e+04
9,30,3,3.783433e+04
9,30,5,3.783433e+04
9,30,1,3.626044e+04
9,30,2,3.626044e+04
9,30,3,3.626044e+04
9,30,5,3.626044e+04
9,30,1,1.686289e+04
9,30,2,1.686289e+04
9,30,3,1.686289e+04
9,30,5,1.686289e+04
9,30,1,3.337120e+04
9,30,2,3.337120e+04
9,30,3,3.337120e+04
9,30,5,1.117301e+04
9,30,1,1.978848e+04
9,30,2,1.978848e+04
9,30,3,1.978848e+04
9,30,5,1.978848e+04
9,30,1,1.760229e+04
9,30,2,1.506739e+04
9,30,3,1.506739e+04
9,30,5,1.506739e+04
9,30,1,1.621354e+04
9,30,2,1.621354e+04
9,30,3,1.621354e+04
9,30,5,1.621354e+04
9,30,1,2.796668e+04
9,30,2,2.796668e+04
9,30,3,2.796668e+04
9,30,5,2.796668e+04
9,30,1,4.354279e+04
9,30,2,4.354279e+04
9,30,3,4.354279e+04
9,30,5,9.265079e+03
9,30,1,2.038349e+04
9,30,2,2.038349e+04
9,30,3,2.038349e+04
9,30,5,2.038349e+04
9,30,1,2.054307e+04
9,30,2,2.054307e+04
9,30,3,2.054307e+04
9,30,5,2.054307e+04
9,30,1,1.745886e+04
9,30,2,1.745886e+04
9,30,3,1.745886e+04
9,30,5,1.745886e+04
9,30,1,3.768884e+04
9,30,2,3.768884e+04
9,30,3,3.768884e+04
9,30,5,3.768884e+04
9,30,1,2.121719e+04
9,30,2,2.121719e+04
9,30,3,2.121719e+04
9,30,5,1.790565e+04
9,30,1,2.089193e+04
9,30,2,2.089193e+04
9,30,3,2.089193e+04
9,30,5,2.089193e+04
9,30,1,1.266323e+04
9,30,2,1.266323e+04
9,30,3,1.266323e+04
9,30,5,1.266323e+04
9,30,1,1.817952e+04
9,30,2,1.817952e+04
9,30,3,1.817952e+04
9,30,5,1.817952e+04
9,30,1,2.560294e+04
9,30,2,2.560294e+04
9,30,3,2.560294e+04
9,30,5,2.560294e+04
9,30,1,1.466795e+04
9,30,2,1.466795e+04
9,30,3,1.466795e+04
9,30,5,1.466795e+04
9,30,1,3.933436e+04
9,30,2,3.933436e+04
9,30,3,3.933436e+04
9,30,5,3.933436e+04
9,30,1,2.781006e+04
9,30,2,2.781006e+04
9,30,3,2.781006e+04
9,30,5,2.781006e+04
9,30,1,2.350456e+04
9,30,2,2.350456e+04
9,30,3,2.350456e+04
9,30,5,1.392770e+04
9,30,1,1.845780e+04
9,30,2,1.845780e+04
9,30,3,1.845780e+04
9,30,5,1.845780e+04
9,30,1,2.441745e+04
9,30,2,2.441745e+04
9,30,3,2.441745e+04
9,30,5,2.441745e+04
9,30,1,4.577505e+04
9,30,2,4.577505e+04
9,30,3,4.577505e+04
9,30,5,4.577505e+04
9,30,1,2.263512e+04
9,30,2,2.263512e+04
9,30,3,2.263512e+04
9,30,5,2.263512e+04
9,30,1,1.973161e+04
9,30,2,1.973161e+04
9,30,3,1.973161e+04
9,30,5,1.973161e+04
9,30,1,2.821827e+04
9,30,2,2.821827e+04
9,30,3,2.821827e+04
9,30,5,2.821827e+04
9,30,1,1.970593e+04
9,30,2,1.970593e+04
9,30,3,1.970593e+04
9,30,5,1.970593e+04
9,30,1,4.575051e+04
9,30,2,4.575051e+04
9,30,3,4.575051e+04
9,30,5,4.575051e+04
9,30,1,1.314068e+04
9,30,2,1.314068e+04
9,30,3,1.314068e+04
9,30,5,1.314068e+04
9,30,1,4.628102e+04
9,30,2,4.628102e+04
9,30,3,4.628102e+04
9,30,5,4.628102e+04
9,30,1,2.436607e+04
9,30,2,2.436607e+04
9,30,3,2.436607e+04
9,30,5,2.436607e+04
9,30,1,1.872892e+04
9,30,2,1.872892e+04
9,30,3,1.872892e+04
9,30,5,1.872892e+04
9,30,1,4.776309e+04
9,30,2,4.776309e+04
9,30,3,1.613922e+04
9,30,5,1.266692e+04
9,30,1,2.870440e+04
9,30,2,2.870440e+04
9,30,3,2.870440e+04
9,30,5,1.143133e+04
9,30,1,4.525915e+04
9,30,2,2.946372e+04
9,30,3,2.946372e+04
9,30,5,2.946372e+04
9,30,1,3.731600e+04
9,30,2,3.731600e+04
9,30,3,3.731600e+04
9,30,5,3.731600e+04
9,30,1,2.048943e+04
9,30,2,2.048943e+04
9,30,3,2.048943e+04
9,30,5,2.048943e+04
9,30,1,1.212178e+04
9,30,2,1.212178e+04
9,30,3,1.212178e+04
9,30,5,1.212178e+04
9,30,1,1.655524e+04
9,30,2,1.655524e+04
9,30,3,1.655524e+04
9,30,5,1.655524e+04
9,30,1,2.757617e+04
9,30,2,2.757617e+04
9,30,3,2.757617e+04
9,30,5,1.324299e+04
9,30,1,1.734677e+04
9,30,2,1.734677e+04
9,30,3,1.734677e+04
9,30,5,1.734677e+04
9,30,1,2.178814e+04
9,30,2,2.178814e+04
9,30,3,2.178814e+04
9,30,5,2.178814e+04
9,30,1,1.966253e+04
9,30,2,1.966253e+04
9,30,3,1.966253e+04
9,30,5,1.966253e+04
9,30,1,1.362228e+04
9,30,2,1.362228e+04
9,30,3,1.362228e+04
9,30,5,1.283390e+04
9,30,1,1.647124e+04
9,30,2,1.647124e+04
9,30,3,1.647124e+04
9,30,5,1.255604e+04
9,30,1,1.807972e+04
9,30,2,1.676865e+04
9,30,3,1.416539e+04
9,30,5,1.416539e+04
9,30,1,1.587847e+04
9,30,2,1.587847e+04
9,30,3,1.587847e+04
9,30,5,1.299174e+04
9,30,1,3.514207e+04
9,30,2,3.514207e+04
9,30,3,3.514207e+04
9,30,5,3.514207e+04
9,30,1,3.282779e+04
9,30,2,3.282779e+04
9,30,3,3.282779e+04
9,30,5,3.282779e+04
9,30,1,1.622189e+04
9,30,2,1.622189e+04
9,30,3,1.622189e+04
9,30,5,1.513676e+04
9,30,1,3.311533e+04
9,30,2,3.311533e+04
9,30,3,3.311533e+04
9,30,5,3.311533e+04
9,30,1,1.312773e+04
9,30,2,1.312773e+04
9,30,3,1.312773e+04
9,30,5,1.312773e+04
9,30,1,1.893102e+04
9,30,2,1.893102e+04
9,30,3,1.893102e+04
9,30,5,1.893102e+04
9,30,1,2.391996e+04
9,30,2,2.391996e+04
9,30,3,2.391996e+04
9,30,5,2.391996e+04
9,30,1,4.970178e+04
9,30,2,4.970178e+04
9,30,3,4.970178e+04
9,30,5,4.970178e+04
9,30,1,4.435504e+04
9,30,2,4.435504e+04
9,30,3,2.061052e+04
9,30,5,1.401057e+04
9,30,1,3.291639e+04
9,30,2,2.831277e+04
9,30,3,2.831277e+04
9,30,5,2.831277e+04
9,30,1,4.031231e+04
9,30,2,4.031231e+04
9,30,3,4.031231e+04
9,30,5,4.031231e+04
9,30,1,3.552919e+04
9,30,2,3.552919e+04
9,30,3,3.552919e+04
9,30,5,3.552919e+04
9,30,1,2.029512e+04
9,30,2,2.029512e+04
9,30,3,2.029512e+04
9,30,5,2.029512e+04
9,30,1,1.830942e+04
9,30,2,1.786669e+04
9,30,3,1.786669e+04
9,30,5,1.786669e+04
9,30,1,2.083610e+04
9,30,2,2.083610e+04
9,30,3,2.083610e+04
9,30,5,1.523496e+04
9,30,1,3.287667e+04
9,30,2,3.287667e+04
9,30,3,3.287667e+04
9,30,5,3.287667e+04
9,30,1,4.371583e+04
9,30,2,4.371583e+04
9,30,3,4.371583e+04
9,30,5,4.371583e+04
9,30,1,3.418685e+04
9,30,2,3.418685e+04
9,30,3,3.418685e+04
9,30,5,3.418685e+04
9,30,1,1.594041e+04
9,30,2,1.594041e+04
9,30,3,1.594041e+04
9,30,5,1.594041e+04
9,30,1,3.569651e+04
9,30,2,3.569651e+04
9,30,3,3.569651e+04
9,30,5,3.569651e+04
9,30,1,4.757516e+04
9,30,2,4.757516e+04
9,30,3,4.757516e+04
9,30,5,4.757516e+04
9,30,1,2.167868e+04
9,30,2,1.472628e+04
9,30,3,1.472628e+04
9,30,5,1.243378e+04
9,30,1,4.897896e+04
9,30,2,4.897896e+04
9,30,3,4.897896e+04
9,30,5,4.897896e+04
9,30,1,3.024933e+04
9,30,2,3.024933e+04
9,30,3,3.024933e+04
9,30,5,1.404154e+04
9,30,1,1.467840e+04
9,30,2,1.467840e+04
9,30,3,1.467840e+04
9,30,5,1.467840e+04
9,30,1,4.192020e+04
9,30,2,4.192020e+04
9,30,3,4.192020e+04
9,30,5,4.192020e+04
9,30,1,2.493864e+04
9,30,2,2.493864e+04
9,30,3,2.493864e+04
9,30,5,2.493864e+04
9,30,1,1.541838e+04
9,30,2,1.541838e+04
9,30,3,1.541838e+04
9,30,5,1.541838e+04
9,30,1,3.097335e+04
9,30,2,3.097335e+04
9,30,3,3.097335e+04
9,30,5,3.097335e+04
9,30,1,1.470806e+04
9,30,2,1.470806e+04
9,30,3,1.470806e+04
9,30,5,1.470806e+04
9,30,1,4.185736e+04
9,30,2,4.185736e+04
9,30,3,4.185736e+04
9,30,5,2.559428e+04
9,30,1,1.880840e+04
9,30,2,1.880840e+04
9,30,3,1.880840e+04
9,30,5,1.880840e+04
9,30,1,1.801434e+04
9,30,2,1.801434e+04
9,30,3,1.801434e+04
9,30,5,1.801434e+04
9,30,1,2.569515e+04
9,30,2,1.961279e+04
9,30,3,1.649716e+04
9,30,5,1.410842e+04
9,30,1,2.493986e+04
9,30,2,2.378225e+04
9,30,3,1.537893e+04
9,30,5,1.537893e+04
9,30,1,3.679134e+04
9,30,2,3.679134e+04
9,30,3,3.679134e+04
9,30,5,3.679134e+04
9,30,1,4.834639e+04
9,30,2,4.834639e+04
9,30,3,4.834639e+04
9,30,5,4.834639e+04
9,30,1,1.753964e+04
9,30,2,1.753964e+04
9,30,3,1.753964e+04
9,30,5,1.753964e+04
9,30,1,2.427769e+04
9,30,2,2.427769e+04
9,30,3,2.427769e+04
9,30,5,2.427769e+04
9,30,1,5.194905e+04
9,30,2,5.194905e+04
9,30,3,5.194905e+04
9,30,5,5.194905e+04
9,30,1,1.721456e+04
9,30,2,1.721456e+04
9,30,3,1.721456e+04
9,30,5,1.380751e+04
9,30,1,3.139255e+04
9,30,2,3.139255e+04
9,30,3,3.139255e+04
9,30,5,3.139255e+04
9,30,1,1.867879e+04
9,30,2,1.867879e+04
9,30,3,1.867879e+04
9,30,5,1.867879e+04
9,30,1,1.628373e+04
9,30,2,1.628373e+04
9,30,3,1.628373e+04
9,30,5,1.594883e+04
9,30,1,4.425483e+04
9,30,2,4.425483e+04
9,30,3,4.425483e+04
9,30,5,4.425483e+04
9,30,1,3.740607e+04
9,30,2,3.740607e+04
9,30,3,3.740607e+04
9,30,5,3.740607e+04
9,30,1,2.769713e+04
9,30,2,2.769713e+04
9,30,3,2.769713e+04
9,30,5,2.769713e+04
9,30,1,3.699757e+04
9,30,2,3.699757e+04
9,30,3,3.699757e+04
9,30,5,3.699757e+04
9,30,1,2.973452e+04
9,30,2,2.973452e+04
9,30,3,2.973452e+04
9,30,5,1.376326e+04
9,30,1,3.527007e+04
9,30,2,3.527007e+04
9,30,3,3.527007e+04
9,30,5,3.527007e+04
9,30,1,1.417321e+04
9,30,2,1.417321e+04
9,30,3,1.417321e+04
9,30,5,1.417321e+04
9,30,1,1.613125e+04
9,30,2,1.613125e+04
9,30,3,1.613125e+04
9,30,5,1.613125e+04
9,30,1,1.871129e+04
9,30,2,1.871129e+04
9,30,3,1.871129e+04
9,30,5,1.068730e+04
9,30,1,2.306846e+04
9,30,2,2.306846e+04
9,30,3,2.306846e+04
9,30,5,2.306846e+04
9,30,1,1.382290e+04
9,30,2,1.382290e+04
9,30,3,1.382290e+04
9,30,5,1.382290e+04
9,30,1,1.552945e+04
9,30,2,1.544967e+04
9,30,3,1.544967e+04
9,30,5,1.231877e+04
9,30,1,4.341463e+04
9,30,2,4.341463e+04
9,30,3,4.341463e+04
9,30,5,4.341463e+04
9,30,1,1.603575e+04
9,30,2,1.603575e+04
9,30,3,1.603575e+04
9,30,5,1.603575e+04
9,30,1,2.204173e+04
9,30,2,2.204173e+04
9,30,3,2.204173e+04
9,30,5,2.204173e+04
9,30,1,2.409525e+04
9,30,2,2.409525e+04
9,30,3,2.409525e+04
9,30,5,2.409525e+04
9,30,1,4.072912e+04
9,30,2,4.072912e+04
9,30,3,4.072912e+04
9,30,5,4.072912e+04
9,30,1,2.412882e+04
9,30,2,2.412882e+04
9,30,3,2.412882e+04
9,30,5,2.412882e+04
9,30,1,2.187795e+04
9,30,2,2.187795e+04
9,30,3,2.187795e+04
9,30,5,1.437087e+04
9,30,1,2.720133e+04
9,30,2,2.720133e+04
9,30,3,1.842339e+04
9,30,5,1.255400e+04
9,30,1,2.944520e+04
9,30,2,1.651561e+04
9,30,3,1.632210e+04
9,30,5,1.632210e+04
9,30,1,2.347429e+04
9,30,2,2.347429e+04
9,30,3,2.347429e+04
9,30,5,2.347429e+04
9,30,1,2.081675e+04
9,30,2,2.081675e+04
9,30,3,2.081675e+04
9,30,5,1.192248e+04
9,30,1,2.392378e+04
9,30,2,2.392378e+04
9,30,3,2.392378e+04
9,30,5,2.392378e+04
9,30,1,2.917795e+04
9,30,2,2.917795e+04
9,30,3,2.917795e+04
9,30,5,2.917795e+04
9,30,1,3.085792e+04
9,30,2,3.085792e+04
9,30,3,3.085792e+04
9,30,5,3.085792e+04
9,30,1,3.671607e+04
9,30,2,3.671607e+04
9,30,3,3.671607e+04
9,30,5,3.671607e+04
9,30,1,1.897981e+04
9,30,2,1.897981e+04
9,30,3,1.897981e+04
9,30,5,1.897981e+04
9,30,1,1.559870e+04
9,30,2,1.445140e+04
9,30,3,1.340856e+04
9,30,5,1.340856e+04
9,30,1,1.994670e+04
9,30,2,1.994670e+04
9,30,3,1.994670e+04
9,30,5,1.994670e+04
9,30,1,1.710112e+04
9,30,2,1.710112e+04
9,30,3,1.710112e+04
9,30,5,1.710112e+04
9,30,1,4.143084e+04
9,30,2,4.143084e+04
9,30,3,4.143084e+04
9,30,5,4.143084e+04
9,30,1,2.391924e+04
9,30,2,2.391924e+04
9,30,3,2.391924e+04
9,30,5,2.391924e+04
9,30,1,1.796359e+04
9,30,2,1.796359e+04
9,30,3,1.796359e+04
9,30,5,1.796359e+04
9,30,1,5.311495e+04
9,30,2,5.311495e+04
9,30,3,5.311495e+04
9,30,5,5.311495e+04
9,30,1,1.948840e+04
9,30,2,1.948840e+04
9,30,3,1.948840e+04
9,30,5,1.948840e+04
9,30,1,1.658128e+04
9,30,2,1.658128e+04
9,30,3,1.658128e+04
9,30,5,1.658128e+04
9,30,1,5.364895e+04
9,30,2,1.284971e+04
9,30,3,1.284971e+04
9,30,5,1.240077e+04
9,30,1,1.656998e+04
9,30,2,1.656998e+04
9,30,3,1.656998e+04
9,30,5,1.656998e+04
9,30,1,4.920726e+04
9,30,2,4.920726e+04
9,30,3,4.920726e+04
9,30,5,4.920726e+04
9,30,1,1.866845e+04
9,30,2,1.866845e+04
9,30,3,1.866845e+04
9,30,5,1.866845e+04
9,30,1,3.774623e+04
9,30,2,3.774623e+04
9,30,3,3.774623e+04
9,30,5,3.774623e+04
9,30,1,3.953708e+04
9,30,2,3.953708e+04
9,30,3,3.953708e+04
9,30,5,3.953708e+04
9,30,1,1.596404e+04
9,30,2,1.596404e+04
9,30,3,1.596404e+04
9,30,5,1.596404e+04
9,30,1,4.272950e+04
9,30,2,4.272950e+04
9,30,3,4.272950e+04
9,30,5,4.272950e+04
9,30,1,3.101525e+04
9,30,2,3.101525e+04
9,30,3,3.101525e+04
9,30,5,2.814918e+04
9,30,1,1.731921e+04
9,30,2,1.731921e+04
9,30,3,1.731921e+04
9,30,5,1.248601e+04
9,30,1,2.470761e+04
9,30,2,2.470761e+04
9,30,3,2.470761e+04
9,30,5,2.470761e+04
9,30,1,2.135126e+04
9,30,2,2.135126e+04
9,30,3,2.135126e+04
9,30,5,2.135126e+04
9,30,1,1.723979e+04
9,30,2,1.723979e+04
9,30,3,1.723979e+04
9,30,5,1.723979e+04
9,30,1,2.807384e+04
9,30,2,2.807384e+04
9,30,3,2.807384e+04
9,30,5,1.351361e+04
9,30,1,2.351000e+04
9,30,2,2.351000e+04
9,30,3,2.351000e+04
9,30,5,2.351000e+04
9,30,1,1.345360e+04
9,30,2,1.345360e+04
9,30,3,1.345360e+04
9,30,5,1.345360e+04
