funcid,dim,milestone,error
12,30,1,2.080956e+10
12,30,2,2.080956e+10
12,30,3,2.080956e+10
12,30,5,2.080956e+10
12,30,1,2.039345e+10
12,30,2,2.039345e+10
12,30,3,2.039345e+10
12,30,5,2.039345e+10
12,30,1,2.706587e+10
12,30,2,2.706587e+10
12,30,3,2.706587e+10
12,30,5,2.706587e+10
12,30,1,2.165258e+10
12,30,2,2.165258e+10
12,30,3,2.165258e+10
12,30,5,2.165258e+10
12,30,1,2.276481e+10
12,30,2,2.276481e+10
12,30,3,2.276481e+10
12,30,5,2.276481e+10
12,30,1,2.568956e+10
12,30,2,2.568956e+10
12,30,3,2.568956e+10
12,30,5,2.568956e+10
12,30,1,3.551842e+10
12,30,2,3.551842e+10
12,30,3,2.525309e+10
12,30,5,2.038556e+10
12,30,1,2.221512e+10
12,30,2,2.221512e+10
12,30,3,2.221512e+10
12,30,5,2.221512e+10
12,30,1,1.964956e+10
12,30,2,1.964956e+10
12,30,3,1.964956e+10
12,30,5,1.964956e+10
12,30,1,1.657380e+10
12,30,2,1.657380e+10
12,30,3,1.657380e+10
12,30,5,1.657380e+10
12,30,1,2.271780e+10
12,30,2,2.271780e+10
12,30,3,2.271780e+10
12,30,5,2.271780e+10
12,30,1,4.282597e+10
12,30,2,4.282597e+10
12,30,3,4.282597e+10
12,30,5,4.282597e+10
12,30,1,2.643051e+10
12,30,2,2.235288e+10
12,30,3,2.235288e+10
12,30,5,2.194912e+10
12,30,1,1.779949e+10
12,30,2,1.779949e+10
12,30,3,1.779949e+10
12,30,5,1.779949e+10
12,30,1,2.275784e+10
12,30,2,2.275784e+10
12,30,3,2.275784e+10
12,30,5,2.275784e+10
12,30,1,2.023919e+10
12,30,2,2.023919e+10
12,30,3,2.023919e+10
12,30,5,2.023919e+10
12,30,1,2.597597e+10
12,30,2,2.597597e+10
12,30,3,2.597597e+10
12,30,5,2.302784e+10
12,30,1,4.470463e+10
12,30,2,2.669903e+10
12,30,3,1.870116e+10
12,30,5,1.870116e+10
12,30,1,2.225357e+10
12,30,2,2.225357e+10
12,30,3,2.225357e+10
12,30,5,2.225357e+10
12,30,1,2.206546e+10
12,30,2,2.206546e+10
12,30,3,2.206546e+10
12,30,5,2.206546e+10
12,30,1,2.316133e+10
12,30,2,2.316133e+10
12,30,3,2.316133e+10
12,30,5,2.316133e+10
12,30,1,2.009113e+10
12,30,2,2.009113e+10
12,30,3,2.009113e+10
12,30,5,2.009113e+10
12,30,1,2.674993e+10
12,30,2,1.845088e+10
12,30,3,1.808950e+10
12,30,5,1.725547e+10
12,30,1,2.840840e+10
12,30,2,2.840840e+10
12,30,3,2.840840e+10
12,30,5,1.776349e+10
12,30,1,2.062387e+10
12,30,2,2.062387e+10
12,30,3,2.062387e+10
12,30,5,2.062387e+10
12,30,1,2.782930e+10
12,30,2,2.782930e+10
12,30,3,2.782930e+10
12,30,5,2.782930e+10
12,30,1,2.758963e+10
12,30,2,2.758963e+10
12,30,3,2.758963e+10
12,30,5,2.472234e+10
12,30,1,3.360204e+10
12,30,2,2.914439e+10
12,30,3,2.802599e+10
12,30,5,1.619660e+10
12,30,1,3.733680e+10
12,30,2,3.733680e+10
12,30,3,3.733680e+10
12,30,5,2.604533e+10
12,30,1,1.664239e+10
12,30,2,1.664239e+10
12,30,3,1.664239e+10
12,30,5,1.664239e+10
12,30,1,2.162953e+10
12,30,2,2.162953e+10
12,30,3,2.162953e+10
12,30,5,2.162953e+10
12,30,1,2.510507e+10
12,30,2,2.510507e+10
12,30,3,2.510507e+10
12,30,5,2.510507e+10
12,30,1,2.901338e+10
12,30,2,2.546839e+10
12,30,3,2.546839e+10
12,30,5,2.546839e+10
12,30,1,1.925114e+10
12,30,2,1.925114e+10
12,30,3,1.925114e+10
12,30,5,1.925114e+10
12,30,1,1.715523e+10
12,30,2,1.715523e+10
12,30,3,1.715523e+10
12,30,5,1.715523e+10
12,30,1,2.072859e+10
12,30,2,2.072859e+10
12,30,3,2.072859e+10
12,30,5,2.072859e+10
12,30,1,2.228940e+10
12,30,2,2.228940e+10
12,30,3,2.228940e+10
12,30,5,2.228940e+10
12,30,1,2.598657e+10
12,30,2,2.598657e+10
12,30,3,2.598657e+10
12,30,5,2.598657e+10
12,30,1,2.846865e+10
12,30,2,2.846865e+10
12,30,3,2.846865e+10
12,30,5,2.846865e+10
12,30,1,1.382653e+10
12,30,2,1.382653e+10
12,30,3,1.382653e+10
12,30,5,1.382653e+10
12,30,1,2.373715e+10
12,30,2,2.373715e+10
12,30,3,2.373715e+10
12,30,5,2.373715e+10
12,30,1,2.224855e+10
12,30,2,2.224855e+10
12,30,3,2.224855e+10
12,30,5,2.224855e+10
12,30,1,2.263324e+10
12,30,2,2.263324e+10
12,30,3,2.263324e+10
12,30,5,2.263324e+10
12,30,1,2.437654e+10
12,30,2,2.437654e+10
12,30,3,2.437654e+10
12,30,5,2.437654e+10
12,30,1,2.758459e+10
12,30,2,2.758459e+10
12,30,3,2.758459e+10
12,30,5,2.758459e+10
12,30,1,2.905062e+10
12,30,2,2.905062e+10
12,30,3,2.905062e+10
12,30,5,2.905062e+10
12,30,1,1.535249e+10
12,30,2,1.535249e+10
12,30,3,1.535249e+10
12,30,5,1.535249e+10
12,30,1,3.904058e+10
12,30,2,3.904058e+10
12,30,3,3.904058e+10
12,30,5,3.904058e+10
12,30,1,2.889483e+10
12,30,2,2.889483e+10
12,30,3,2.889483e+10
12,30,5,2.889483e+10
12,30,1,3.558341e+10
12,30,2,3.558341e+10
12,30,3,3.558341e+10
12,30,5,3.558341e+10
12,30,1,2.568332e+10
12,30,2,2.568332e+10
12,30,3,2.568332e+10
12,30,5,2.568332e+10
12,30,1,2.767272e+10
12,30,2,2.767272e+10
12,30,3,2.767272e+10
12,30,5,2.690041e+10
12,30,1,2.046311e+10
12,30,2,2.046311e+10
12,30,3,2.046311e+10
12,30,5,2.046311e+10
12,30,1,2.994301e+10
12,30,2,2.994301e+10
12,30,3,2.994301e+10
12,30,5,2.595037e+10
12,30,1,3.713964e+10
12,30,2,3.028582e+10
12,30,3,2.723660e+10
12,30,5,2.658550e+10
12,30,1,1.753636e+10
12,30,2,1.753636e+10
12,30,3,1.753636e+10
12,30,5,1.753636e+10
12,30,1,2.955140e+10
12,30,2,2.955140e+10
12,30,3,2.313675e+10
12,30,5,2.280995e+10
12,30,1,2.025910e+10
12,30,2,2.025910e+10
12,30,3,2.025910e+10
12,30,5,2.025910e+10
12,30,1,2.329158e+10
12,30,2,2.329158e+10
12,30,3,2.329158e+10
12,30,5,2.329158e+10
12,30,1,2.840542e+10
12,30,2,2.840542e+10
12,30,3,2.840542e+10
12,30,5,2.840542e+10
12,30,1,2.079081e+10
12,30,2,2.079081e+10
12,30,3,2.079081e+10
12,30,5,2.079081e+10
12,30,1,2.773971e+10
12,30,2,2.773971e+10
12,30,3,2.773971e+10
12,30,5,2.773971e+10
12,30,1,2.692519e+10
12,30,2,2.692519e+10
12,30,3,2.692519e+10
12,30,5,2.220618e+10
12,30,1,3.695764e+10
12,30,2,3.695764e+10
12,30,3,3.695764e+10
12,30,5,3.695764e+10
12,30,1,1.735507e+10
12,30,2,1.735507e+10
12,30,3,1.735507e+10
12,30,5,1.735507e+10
12,30,1,2.678566e+10
12,30,2,2.678566e+10
12,30,3,2.678566e+10
12,30,5,2.678566e+10
12,30,1,3.648376e+10
12,30,2,3.648376e+10
12,30,3,3.648376e+10
12,30,5,2.324712e+10
12,30,1,1.852140e+10
12,30,2,1.852140e+10
12,30,3,1.852140e+10
12,30,5,1.852140e+10
12,30,1,2.423689e+10
12,30,2,2.423689e+10
12,30,3,2.423689e+10
12,30,5,2.423689e+10
12,30,1,1.393865e+10
12,30,2,1.393865e+10
12,30,3,1.393865e+10
12,30,5,1.393865e+10
12,30,1,2.503815e+10
12,30,2,2.086580e+10
12,30,3,2.086580e+10
12,30,5,2.086580e+10
12,30,1,3.411670e+10
12,30,2,3.411670e+10
12,30,3,3.411670e+10
12,30,5,3.411670e+10
12,30,1,1.363555e+10
12,30,2,1.363555e+10
12,30,3,1.363555e+10
12,30,5,1.363555e+10
12,30,1,8.355760e+09
12,30,2,8.355760e+09
12,30,3,8.355760e+09
12,30,5,8.355760e+09
12,30,1,2.642954e+10
12,30,2,2.642954e+10
12,30,3,2.642954e+10
12,30,5,2.642954e+10
12,30,1,3.276534e+10
12,30,2,3.276534e+10
12,30,3,3.276534e+10
12,30,5,3.276534e+10
12,30,1,1.216267e+10
12,30,2,1.216267e+10
12,30,3,1.216267e+10
12,30,5,1.216267e+10
12,30,1,2.108885e+10
12,30,2,2.108885e+10
12,30,3,2.108885e+10
12,30,5,2.108885e+10
12,30,1,1.926705e+10
12,30,2,1.926705e+10
12,30,3,1.926705e+10
12,30,5,1.926705e+10
12,30,1,2.643749e+10
12,30,2,2.643749e+10
12,30,3,2.643749e+10
12,30,5,2.643749e+10
12,30,1,3.745047e+10
12,30,2,3.745047e+10
12,30,3,3.745047e+10
12,30,5,3.745047e+10
12,30,1,2.746193e+10
12,30,2,2.746193e+10
12,30,3,2.746193e+10
12,30,5,2.746193e+10
12,30,1,2.806285e+10
12,30,2,2.806285e+10
12,30,3,2.806285e+10
12,30,5,2.806285e+10
12,30,1,2.194227e+10
12,30,2,2.194227e+10
12,30,3,2.194227e+10
12,30,5,2.194227e+10
12,30,1,2.677486e+10
12,30,2,2.677486e+10
12,30,3,2.677486e+10
12,30,5,2.677486e+10
12,30,1,1.644898e+10
12,30,2,1.644898e+10
12,30,3,1.644898e+10
12,30,5,1.644898e+10
12,30,1,2.834279e+10
12,30,2,2.834279e+10
12,30,3,2.834279e+10
12,30,5,2.834279e+10
12,30,1,2.889215e+10
12,30,2,2.889215e+10
12,30,3,2.889215e+10
12,30,5,2.889215e+10
12,30,1,1.294701e+10
12,30,2,1.294701e+10
12,30,3,1.294701e+10
12,30,5,1.294701e+10
12,30,1,2.840686e+10
12,30,2,2.594893e+10
12,30,3,1.894388e+10
12,30,5,1.894388e+10
12,30,1,3.129200e+10
12,30,2,3.129200e+10
12,30,3,3.129200e+10
12,30,5,3.129200e+10
12,30,1,2.781957e+10
12,30,2,2.781957e+10
12,30,3,2.781957e+10
12,30,5,2.781957e+10
12,30,1,8.150863e+09
12,30,2,8.150863e+09
12,30,3,8.150863e+09
12,30,5,8.150863e+09
12,30,1,1.834954e+10
12,30,2,1.834954e+10
12,30,3,1.834954e+10
12,30,5,1.834954e+10
12,30,1,3.538045e+10
12,30,2,3.538045e+10
12,30,3,3.538045e+10
12,30,5,3.538045e+10
12,30,1,4.755823e+10
12,30,2,4.755823e+10
12,30,3,4.755823e+10
12,30,5,4.755823e+10
12,30,1,2.453910e+10
12,30,2,2.453910e+10
12,30,3,2.453910e+10
12,30,5,2.453910e+10
12,30,1,2.748596e+10
12,30,2,2.748596e+10
12,30,3,2.748596e+10
12,30,5,2.748596e+10
12,30,1,2.210070e+10
12,30,2,2.210070e+10
12,30,3,2.210070e+10
12,30,5,2.210070e+10
12,30,1,1.978185e+10
12,30,2,1.978185e+10
12,30,3,1.978185e+10
12,30,5,1.978185e+10
12,30,1,2.200789e+10
12,30,2,2.200789e+10
12,30,3,2.200789e+10
12,30,5,2.200789e+10
12,30,1,9.700425e+09
12,30,2,9.700425e+09
12,30,3,9.700425e+09
12,30,5,9.700425e+09
12,30,1,2.886042e+10
12,30,2,2.886042e+10
12,30,3,2.886042e+10
12,30,5,2.886042e+10
12,30,1,1.499251e+10
12,30,2,1.499251e+10
12,30,3,1.499251e+10
12,30,5,1.499251e+10
12,30,1,1.785649e+10
12,30,2,1.785649e+10
12,30,3,1.785649e+10
12,30,5,1.785649e+10
12,30,1,3.147076e+10
12,30,2,3.147076e+10
12,30,3,3.147076e+10
12,30,5,3.147076e+10
12,30,1,2.716734e+10
12,30,2,2.716734e+10
12,30,3,2.716734e+10
12,30,5,2.716734e+10
12,30,1,1.261251e+10
12,30,2,1.261251e+10
12,30,3,1.261251e+10
12,30,5,1.261251e+10
12,30,1,2.235918e+10
12,30,2,2.235918e+10
12,30,3,2.235918e+10
12,30,5,2.235918e+10
12,30,1,3.722635e+10
12,30,2,3.722635e+10
12,30,3,3.722635e+10
12,30,5,3.722635e+10
12,30,1,2.616746e+10
12,30,2,2.616746e+10
12,30,3,2.616746e+10
12,30,5,2.616746e+10
12,30,1,2.734751e+10
12,30,2,2.734751e+10
12,30,3,2.734751e+10
12,30,5,2.734751e+10
12,30,1,2.334268e+10
12,30,2,2.334268e+10
12,30,3,2.334268e+10
12,30,5,2.334268e+10
12,30,1,2.370378e+10
12,30,2,2.370378e+10
12,30,3,2.370378e+10
12,30,5,2.370378e+10
12,30,1,2.417720e+10
12,30,2,2.417720e+10
12,30,3,2.417720e+10
12,30,5,2.417720e+10
12,30,1,1.835309e+10
12,30,2,1.835309e+10
12,30,3,1.835309e+10
12,30,5,1.835309e+10
12,30,1,3.140352e+10
12,30,2,3.140352e+10
12,30,3,3.140352e+10
12,30,5,3.140352e+10
12,30,1,1.811747e+10
12,30,2,1.811747e+10
12,30,3,1.811747e+10
12,30,5,1.811747e+10
12,30,1,2.526567e+10
12,30,2,2.526567e+10
12,30,3,2.526567e+10
12,30,5,1.660132e+10
12,30,1,1.762379e+10
12,30,2,1.762379e+10
12,30,3,1.762379e+10
12,30,5,1.762379e+10
12,30,1,4.152471e+10
12,30,2,4.152471e+10
12,30,3,4.152471e+10
12,30,5,4.152471e+10
12,30,1,1.973771e+10
12,30,2,1.973771e+10
12,30,3,1.973771e+10
12,30,5,1.973771e+10
12,30,1,2.842552e+10
12,30,2,2.842552e+10
12,30,3,2.842552e+10
12,30,5,1.799365e+10
12,30,1,1.938577e+10
12,30,2,1.938577e+10
12,30,3,1.938577e+10
12,30,5,1.938577e+10
12,30,1,1.702108e+10
12,30,2,1.702108e+10
12,30,3,1.702108e+10
12,30,5,1.702108e+10
12,30,1,2.653967e+10
12,30,2,2.653967e+10
12,30,3,2.653967e+10
12,30,5,2.653967e+10
12,30,1,2.437645e+10
12,30,2,2.437645e+10
12,30,3,2.437645e+10
12,30,5,2.437645e+10
12,30,1,2.494911e+10
12,30,2,2.494911e+10
12,30,3,2.494911e+10
12,30,5,2.494911e+10
12,30,1,2.355318e+10
12,30,2,2.355318e+10
12,30,3,2.355318e+10
12,30,5,2.355318e+10
12,30,1,2.322035e+10
12,30,2,2.322035e+10
12,30,3,2.322035e+10
12,30,5,2.322035e+10
12,30,1,2.791965e+10
12,30,2,2.791965e+10
12,30,3,2.791965e+10
12,30,5,2.791965e+10
12,30,1,4.645827e+10
12,30,2,4.645827e+10
12,30,3,4.645827e+10
12,30,5,4.645827e+10
12,30,1,1.803188e+10
12,30,2,1.803188e+10
12,30,3,1.803188e+10
12,30,5,1.803188e+10
12,30,1,2.732562e+10
12,30,2,2.732562e+10
12,30,3,2.732562e+10
12,30,5,1.666074e+10
12,30,1,2.042369e+10
12,30,2,2.042369e+10
12,30,3,2.042369e+10
12,30,5,2.042369e+10
12,30,1,1.081347e+10
12,30,2,1.081347e+10
12,30,3,1.081347e+10
12,30,5,1.081347e+10
12,30,1,4.374775e+10
12,30,2,4.374775e+10
12,30,3,4.374775e+10
12,30,5,4.374775e+10
12,30,1,2.212933e+10
12,30,2,2.212933e+10
12,30,3,2.212933e+10
12,30,5,2.212933e+10
12,30,1,1.231289e+10
12,30,2,1.231289e+10
12,30,3,1.231289e+10
12,30,5,1.231289e+10
12,30,1,2.829234e+10
12,30,2,2.829234e+10
12,30,3,2.829234e+10
12,30,5,2.829234e+10
12,30,1,1.241742e+10
12,30,2,1.241742e+10
12,30,3,1.241742e+10
12,30,5,1.241742e+10
12,30,1,3.867362e+10
12,30,2,2.670164e+10
12,30,3,2.670164e+10
12,30,5,1.676256e+10
12,30,1,2.361680e+10
12,30,2,2.361680e+10
12,30,3,2.361680e+10
12,30,5,2.361680e+10
12,30,1,3.907100e+10
12,30,2,3.907100e+10
12,30,3,3.907100e+10
12,30,5,3.907100e+10
12,30,1,2.124752e+10
12,30,2,2.124752e+10
12,30,3,2.124752e+10
12,30,5,2.124752e+10
12,30,1,1.946605e+10
12,30,2,1.946605e+10
12,30,3,1.946605e+10
12,30,5,1.946605e+10
12,30,1,2.405837e+10
12,30,2,2.405837e+10
12,30,3,2.405837e+10
12,30,5,2.405837e+10
12,30,1,2.958478e+10
12,30,2,2.958478e+10
12,30,3,2.958478e+10
12,30,5,2.958478e+10
12,30,1,2.912423e+10
12,30,2,2.912423e+10
12,30,3,2.912423e+10
12,30,5,2.912423e+10
12,30,1,3.749168e+10
12,30,2,3.749168e+10
12,30,3,3.749168e+10
12,30,5,3.749168e+10
12,30,1,2.587208e+10
12,30,2,2.587208e+10
12,30,3,2.587208e+10
12,30,5,2.587208e+10
12,30,1,3.500125e+10
12,30,2,3.500125e+10
12,30,3,3.500125e+10
12,30,5,3.500125e+10
12,30,1,2.818534e+10
12,30,2,2.818534e+10
12,30,3,2.818534e+10
12,30,5,2.818534e+10
12,30,1,2.840324e+10
12,30,2,2.840324e+10
12,30,3,2.840324e+10
12,30,5,2.840324e+10
12,30,1,3.713585e+10
12,30,2,3.713585e+10
12,30,3,3.713585e+10
12,30,5,3.713585e+10
12,30,1,2.216231e+10
12,30,2,2.216231e+10
12,30,3,2.216231e+10
12,30,5,2.216231e+10
12,30,1,2.285098e+10
12,30,2,2.285098e+10
12,30,3,2.285098e+10
12,30,5,2.285098e+10
12,30,1,2.536575e+10
12,30,2,2.536575e+10
12,30,3,2.536575e+10
12,30,5,2.536575e+10
12,30,1,2.330575e+10
12,30,2,2.330575e+10
12,30,3,2.330575e+10
12,30,5,2.330575e+10
12,30,1,1.868554e+10
12,30,2,1.868554e+10
12,30,3,1.868554e+10
12,30,5,1.868554e+10
12,30,1,1.571424e+10
12,30,2,1.571424e+10
12,30,3,1.571424e+10
12,30,5,1.571424e+10
12,30,1,1.782863e+10
12,30,2,1.782863e+10
12,30,3,1.782863e+10
12,30,5,1.782863e+10
12,30,1,1.956774e+10
12,30,2,1.956774e+10
12,30,3,1.956774e+10
12,30,5,1.956774e+10
12,30,1,3.664677e+10
12,30,2,3.664677e+10
12,30,3,3.664677e+10
12,30,5,3.664677e+10
12,30,1,2.264156e+10
12,30,2,2.264156e+10
12,30,3,2.264156e+10
12,30,5,2.264156e+10
12,30,1,3.158278e+10
12,30,2,3.158278e+10
12,30,3,3.158278e+10
12,30,5,3.158278e+10
12,30,1,1.912730e+10
12,30,2,1.912730e+10
12,30,3,1.912730e+10
12,30,5,1.912730e+10
12,30,1,2.054223e+10
12,30,2,2.054223e+10
12,30,3,2.054223e+10
12,30,5,2.054223e+10
12,30,1,1.782757e+10
12,30,2,1.782757e+10
12,30,3,1.782757e+10
12,30,5,1.782757e+10
12,30,1,2.072717e+10
12,30,2,2.072717e+10
12,30,3,2.072717e+10
12,30,5,2.072717e+10
12,30,1,1.059481e+10
12,30,2,1.059481e+10
12,30,3,1.059481e+10
12,30,5,1.059481e+10
12,30,1,3.227792e+10
12,30,2,3.227792e+10
12,30,3,2.489033e+10
12,30,5,2.003526e+10
12,30,1,8.740539e+09
12,30,2,8.740539e+09
12,30,3,8.740539e+09
12,30,5,8.740539e+09
12,30,1,1.745331e+10
12,30,2,1.745331e+10
12,30,3,1.745331e+10
12,30,5,1.745331e+10
12,30,1,2.684331e+10
12,30,2,2.684331e+10
12,30,3,2.684331e+10
12,30,5,2.684331e+10
12,30,1,3.059459e+10
12,30,2,3.059459e+10
12,30,3,3.059459e+10
12,30,5,2.981467e+10
12,30,1,3.335466e+10
12,30,2,3.335466e+10
12,30,3,2.838905e+10
12,30,5,2.838905e+10
12,30,1,1.109693e+10
12,30,2,1.109693e+10
12,30,3,1.109693e+10
12,30,5,1.109693e+10
12,30,1,2.716949e+10
12,30,2,2.716949e+10
12,30,3,2.716949e+10
12,30,5,2.716949e+10
12,30,1,2.277104e+10
12,30,2,2.277104e+10
12,30,3,2.277104e+10
12,30,5,2.277104e+10
12,30,1,1.154353e+10
12,30,2,1.154353e+10
12,30,3,1.154353e+10
12,30,5,1.154353e+10
12,30,1,2.700231e+10
12,30,2,2.700231e+10
12,30,3,2.700231e+10
12,30,5,2.700231e+10
12,30,1,4.359529e+10
12,30,2,4.359529e+10
12,30,3,4.359529e+10
12,30,5,4.359529e+10
12,30,1,2.479026e+10
12,30,2,2.479026e+10
12,30,3,2.479026e+10
12,30,5,2.479026e+10
12,30,1,2.795468e+10
12,30,2,2.795468e+10
12,30,3,2.795468e+10
12,30,5,2.795468e+10
12,30,1,2.689911e+10
12,30,2,2.689911e+10
12,30,3,2.689911e+10
12,30,5,2.689911e+10
12,30,1,2.848719e+10
12,30,2,2.848719e+10
12,30,3,2.848719e+10
12,30,5,2.848719e+10
12,30,1,2.099443e+10
12,30,2,2.099443e+10
12,30,3,2.099443e+10
12,30,5,2.099443e+10
12,30,1,2.741729e+10
12,30,2,2.741729e+10
12,30,3,2.705711e+10
12,30,5,2.192436e+10
12,30,1,3.473947e+10
12,30,2,3.473947e+10
12,30,3,3.473947e+10
12,30,5,3.473947e+10
12,30,1,2.289395e+10
12,30,2,2.289395e+10
12,30,3,2.289395e+10
12,30,5,2.289395e+10
12,30,1,1.076879e+10
12,30,2,1.076879e+10
12,30,3,1.076879e+10
12,30,5,1.076879e+10
12,30,1,1.555245e+10
12,30,2,1.555245e+10
12,30,3,1.555245e+10
12,30,5,1.555245e+10
12,30,1,1.097430e+10
12,30,2,1.097430e+10
12,30,3,1.097430e+10
12,30,5,1.097430e+10
12,30,1,2.067171e+10
12,30,2,2.067171e+10
12,30,3,2.067171e+10
12,30,5,2.067171e+10
12,30,1,1.883949e+10
12,30,2,1.883949e+10
12,30,3,1.883949e+10
12,30,5,1.883949e+10
12,30,1,2.438536e+10
12,30,2,2.438536e+10
12,30,3,2.438536e+10
12,30,5,2.438536e+10
12,30,1,2.949046e+10
12,30,2,2.949046e+10
12,30,3,2.949046e+10
12,30,5,1.920797e+10
12,30,1,3.342233e+10
12,30,2,3.342233e+10
12,30,3,3.342233e+10
12,30,5,3.342233e+10
12,30,1,2.677323e+10
12,30,2,2.677323e+10
12,30,3,2.677323e+10
12,30,5,2.677323e+10
12,30,1,2.452064e+10
12,30,2,2.452064e+10
12,30,3,2.452064e+10
12,30,5,2.452064e+10
12,30,1,4.296652e+10
12,30,2,4.296652e+10
12,30,3,4.296652e+10
12,30,5,4.296652e+10
12,30,1,2.358905e+10
12,30,2,2.358905e+10
12,30,3,2.358905e+10
12,30,5,2.358905e+10
12,30,1,1.848574e+10
12,30,2,1.848574e+10
12,30,3,1.848574e+10
12,30,5,1.848574e+10
12,30,1,1.004215e+10
12,30,2,8.666997e+09
12,30,3,8.666997e+09
12,30,5,8.666997e+09
12,30,1,2.001148e+10
12,30,2,1.818362e+10
12,30,3,1.818362e+10
12,30,5,1.818362e+10
12,30,1,1.464267e+10
12,30,2,1.464267e+10
12,30,3,1.464267e+10
12,30,5,1.464267e+10
12,30,1,3.075905e+10
12,30,2,3.075905e+10
12,30,3,3.075905e+10
12,30,5,3.075905e+10
12,30,1,2.051848e+10
12,30,2,1.542706e+10
12,30,3,1.542706e+10
12,30,5,1.542706e+10
12,30,1,2.618192e+10
12,30,2,2.618192e+10
12,30,3,2.618192e+10
12,30,5,2.517381e+10
12,30,1,9.677931e+09
12,30,2,9.677931e+09
12,30,3,9.677931e+09
12,30,5,9.677931e+09
12,30,1,1.621331e+10
12,30,2,1.620177e+10
12,30,3,1.560861e+10
12,30,5,1.560861e+10
12,30,1,1.675712e+10
12,30,2,1.675712e+10
12,30,3,1.675712e+10
12,30,5,1.675712e+10
12,30,1,3.464437e+10
12,30,2,3.464437e+10
12,30,3,3.464437e+10
12,30,5,3.464437e+10
12,30,1,2.125599e+10
12,30,2,2.125599e+10
12,30,3,2.125599e+10
12,30,5,2.125599e+10
12,30,1,1.569998e+10
12,30,2,1.569998e+10
12,30,3,1.569998e+10
12,30,5,1.569998e+10
12,30,1,2.093261e+10
12,30,2,1.753489e+10
12,30,3,1.753489e+10
12,30,5,1.753489e+10
12,30,1,2.283134e+10
12,30,2,2.283134e+10
12,30,3,2.283134e+10
12,30,5,2.283134e+10
12,30,1,2.135411e+10
12,30,2,2.001171e+10
12,30,3,1.840058e+10
12,30,5,1.840058e+10
12,30,1,2.239475e+10
12,30,2,2.239475e+10
12,30,3,2.239475e+10
12,30,5,2.239475e+10
12,30,1,2.676324e+10
12,30,2,2.676324e+10
12,30,3,2.676324e+10
12,30,5,2.676324e+10
12,30,1,2.658469e+10
12,30,2,2.658469e+10
12,30,3,2.658469e+10
12,30,5,2.658469e+10
12,30,1,2.476251e+10
12,30,2,2.476251e+10
12,30,3,2.476251e+10
12,30,5,2.476251e+10
12,30,1,1.943904e+10
12,30,2,1.943904e+10
12,30,3,1.943904e+10
12,30,5,1.943904e+10
12,30,1,1.541317e+10
12,30,2,1.541317e+10
12,30,3,1.541317e+10
12,30,5,1.541317e+10
12,30,1,1.221454e+10
12,30,2,1.221454e+10
12,30,3,1.213258e+10
12,30,5,1.212889e+10
12,30,1,2.891800e+10
12,30,2,2.891800e+10
12,30,3,2.441103e+10
12,30,5,2.059254e+10
12,30,1,3.107305e+10
12,30,2,3.107305e+10
12,30,3,3.107305e+10
12,30,5,1.985631e+10
12,30,1,1.658228e+10
12,30,2,1.643342e+10
12,30,3,1.518472e+10
12,30,5,1.338518e+10
12,30,1,1.135561e+10
12,30,2,1.135561e+10
12,30,3,1.135561e+10
12,30,5,1.135561e+10
12,30,1,1.521280e+10
12,30,2,1.291011e+10
12,30,3,1.291011e+10
12,30,5,1.291011e+10
12,30,1,2.015771e+10
12,30,2,2.015771e+10
12,30,3,2.015771e+10
12,30,5,2.015771e+10
12,30,1,1.469615e+10
12,30,2,1.469615e+10
12,30,3,1.469615e+10
12,30,5,1.469615e+10
12,30,1,2.495473e+10
12,30,2,2.495473e+10
12,30,3,2.495473e+10
12,30,5,2.495473e+10
12,30,1,1.243928e+10
12,30,2,1.243928e+10
12,30,3,1.243928e+10
12,30,5,1.243928e+10
12,30,1,3.502253e+10
12,30,2,3.502253e+10
12,30,3,3.502253e+10
12,30,5,3.502253e+10
12,30,1,2.588666e+10
12,30,2,2.588666e+10
12,30,3,2.588666e+10
12,30,5,1.521401e+10
12,30,1,2.088732e+10
12,30,2,2.083395e+10
12,30,3,1.949934e+10
12,30,5,1.735942e+10
12,30,1,2.053681e+10
12,30,2,2.032961e+10
12,30,3,2.032961e+10
12,30,5,1.947111e+10
12,30,1,2.156505e+10
12,30,2,1.957972e+10
12,30,3,1.957972e+10
12,30,5,1.957972e+10
12,30,1,3.198077e+10
12,30,2,3.198077e+10
12,30,3,3.198077e+10
12,30,5,3.198077e+10
12,30,1,1.701993e+10
12,30,2,1.701993e+10
12,30,3,1.701993e+10
12,30,5,1.701993e+10
12,30,1,3.401949e+10
12,30,2,3.401949e+10
12,30,3,3.401949e+10
12,30,5,3.401949e+10
12,30,1,2.258512e+10
12,30,2,2.152112e+10
12,30,3,1.544553e+10
12,30,5,1.544553e+10
12,30,1,7.920047e+09
12,30,2,7.920047e+09
12,30,3,7.920047e+09
12,30,5,7.920047e+09
12,30,1,2.449317e+10
12,30,2,2.245022e+10
12,30,3,2.245022e+10
12,30,5,2.245022e+10
12,30,1,1.724556e+10
12,30,2,1.724556e+10
12,30,3,1.724556e+10
12,30,5,1.724556e+10
12,30,1,2.328684e+10
12,30,2,2.328684e+10
12,30,3,2.328684e+10
12,30,5,2.328684e+10
12,30,1,2.899984e+10
12,30,2,2.899984e+10
12,30,3,2.899984e+10
12,30,5,2.899984e+10
12,30,1,1.915488e+10
12,30,2,1.915488e+10
12,30,3,1.915488e+10
12,30,5,1.915488e+10
12,30,1,2.089369e+10
12,30,2,1.988778e+10
12,30,3,1.988778e+10
12,30,5,1.988778e+10
12,30,1,1.532626e+10
12,30,2,1.532626e+10
12,30,3,1.532626e+10
12,30,5,1.532626e+10
12,30,1,2.842029e+10
12,30,2,2.528194e+10
12,30,3,2.223361e+10
12,30,5,2.047131e+10
12,30,1,1.372986e+10
12,30,2,1.372986e+10
12,30,3,1.372986e+10
12,30,5,1.372986e+10
12,30,1,3.587548e+10
12,30,2,3.587548e+10
12,30,3,2.026827e+10
12,30,5,2.026827e+10
12,30,1,2.375425e+10
12,30,2,2.238582e+10
12,30,1,1.979087e+10
12,30,2,1.833760e+10
12,30,1,1.564140e+10
12,30,2,1.564140e+10
12,30,1,2.144982e+10
12,30,2,2.144982e+10
12,30,1,1.624228e+10
12,30,2,1.624228e+10
12,30,1,1.954329e+10
12,30,2,1.954329e+10
12,30,1,1.103516e+10
12,30,2,1.103516e+10
12,30,1,1.998880e+10
12,30,2,1.799807e+10
12,30,1,1.924041e+10
12,30,2,1.924041e+10
12,30,1,1.281944e+10
12,30,2,1.281944e+10
12,30,1,2.221166e+10
12,30,2,2.221166e+10
12,30,1,7.029811e+09
12,30,2,6.954862e+09
12,30,1,1.555316e+10
12,30,2,1.484840e+10
12,30,1,2.675313e+10
12,30,2,2.675313e+10
12,30,1,8.309870e+09
12,30,2,8.309870e+09
12,30,1,2.682439e+10
12,30,2,2.081769e+10
12,30,1,2.566129e+10
12,30,2,2.566129e+10
12,30,1,2.896915e+10
12,30,2,2.896915e+10
12,30,1,2.599944e+10
12,30,2,2.599944e+10
12,30,1,1.736054e+10
12,30,2,1.736054e+10
12,30,1,1.041594e+10
12,30,2,1.041594e+10
12,30,1,2.719978e+10
12,30,2,2.551672e+10
12,30,1,2.334040e+10
12,30,2,2.334040e+10
12,30,1,1.221214e+10
12,30,2,1.221214e+10
12,30,1,3.032126e+10
12,30,2,1.575686e+10
12,30,1,2.045120e+10
12,30,2,2.045120e+10
12,30,1,1.942974e+10
12,30,2,1.814782e+10
12,30,1,2.318571e+10
12,30,2,2.092881e+10
12,30,1,1.938467e+10
12,30,2,1.684979e+10
12,30,1,1.705962e+10
12,30,2,1.612117e+10
12,30,1,1.561594e+10
12,30,2,1.561594e+10
12,30,1,3.056043e+10
12,30,2,3.056043e+10
12,30,1,1.948550e+10
12,30,2,1.948550e+10
12,30,1,1.631995e+10
12,30,2,1.413825e+10
12,30,1,2.103819e+10
12,30,2,2.103819e+10
12,30,1,2.243179e+10
12,30,2,2.243179e+10
12,30,1,1.247009e+10
12,30,2,1.247009e+10
12,30,1,1.999602e+10
12,30,2,1.999602e+10
12,30,1,1.947147e+10
12,30,2,1.869796e+10
12,30,1,2.348060e+10
12,30,2,1.293485e+10
12,30,1,2.509953e+10
12,30,2,2.166668e+10
12,30,1,2.233363e+10
12,30,2,2.233363e+10
12,30,1,2.542310e+10
12,30,2,1.016624e+10
12,30,1,2.173696e+10
12,30,2,1.998806e+10
12,30,1,2.535309e+10
12,30,2,2.369120e+10
12,30,1,2.241706e+10
12,30,2,2.241706e+10
12,30,1,2.273820e+10
12,30,2,2.273820e+10
12,30,1,1.583409e+10
12,30,2,1.583409e+10
12,30,1,3.060750e+10
12,30,2,3.060750e+10
12,30,1,2.351534e+10
12,30,2,2.351534e+10
12,30,1,1.169320e+10
12,30,2,1.169320e+10
12,30,1,1.430526e+10
12,30,2,1.430526e+10
12,30,3,1.430526e+10
12,30,5,1.430526e+10
12,30,10,1.430526e+10
12,30,20,6.823010e+08
12,30,30,2.572238e+08
12,30,1,1.874641e+10
12,30,2,1.874641e+10
12,30,3,1.874641e+10
12,30,5,1.874641e+10
12,30,10,1.874641e+10
12,30,20,1.874641e+10
12,30,30,1.874641e+10
12,30,1,2.666632e+10
12,30,2,2.666632e+10
12,30,3,2.317502e+10
12,30,5,2.317502e+10
12,30,10,2.317502e+10
12,30,20,1.985242e+10
12,30,30,1.985242e+10
12,30,1,2.421954e+10
12,30,2,2.421954e+10
12,30,3,2.421954e+10
12,30,5,2.421954e+10
12,30,10,2.421954e+10
12,30,20,2.421954e+10
12,30,30,2.421954e+10
12,30,1,2.402276e+10
12,30,2,2.402276e+10
12,30,3,2.256191e+10
12,30,5,2.256191e+10
12,30,10,2.256191e+10
12,30,20,2.256191e+10
12,30,30,2.256191e+10
12,30,1,8.396082e+09
12,30,2,8.396082e+09
12,30,3,7.660595e+09
12,30,5,7.660595e+09
12,30,10,7.660595e+09
12,30,20,7.660595e+09
12,30,30,7.660595e+09
12,30,1,1.583309e+10
12,30,2,1.405853e+10
12,30,3,1.405853e+10
12,30,5,1.405853e+10
12,30,10,1.405853e+10
12,30,20,1.405853e+10
12,30,30,1.405853e+10
12,30,1,3.063149e+10
12,30,2,3.063149e+10
12,30,3,3.051553e+10
12,30,5,3.051553e+10
12,30,10,2.323943e+10
12,30,20,2.323943e+10
12,30,30,2.323943e+10
12,30,1,1.532057e+10
12,30,2,1.532057e+10
12,30,3,1.532057e+10
12,30,5,1.532057e+10
12,30,10,1.532057e+10
12,30,20,1.532057e+10
12,30,30,1.532057e+10
12,30,1,2.000321e+10
12,30,2,1.834128e+10
12,30,3,1.829861e+10
12,30,5,1.829861e+10
12,30,10,1.829861e+10
12,30,20,1.829861e+10
12,30,30,1.829861e+10
12,30,1,1.163526e+10
12,30,2,1.163526e+10
12,30,3,1.163526e+10
12,30,5,1.163526e+10
12,30,10,1.163526e+10
12,30,20,1.163526e+10
12,30,30,9.364863e+07
12,30,1,1.526302e+10
12,30,2,1.526302e+10
12,30,3,1.526302e+10
12,30,5,1.513550e+10
12,30,10,7.639145e+09
12,30,20,7.639145e+09
12,30,30,7.639145e+09
12,30,1,4.263819e+10
12,30,2,4.263819e+10
12,30,3,4.263819e+10
12,30,5,1.840270e+10
12,30,10,1.547896e+10
12,30,20,1.547896e+10
12,30,30,1.547896e+10
12,30,1,1.820508e+10
12,30,2,1.820508e+10
12,30,3,1.820508e+10
12,30,5,1.820508e+10
12,30,10,1.553528e+10
12,30,20,1.216663e+10
12,30,30,1.216663e+10
12,30,1,1.235012e+10
12,30,2,1.147499e+10
12,30,3,1.147499e+10
12,30,5,1.147499e+10
12,30,10,1.147499e+10
12,30,20,1.147499e+10
12,30,30,1.147499e+10
12,30,1,9.194393e+09
12,30,2,7.267980e+09
12,30,3,7.267980e+09
12,30,5,7.267980e+09
12,30,10,1.865459e+09
12,30,20,1.865459e+09
12,30,30,1.865459e+09
12,30,1,1.802811e+10
12,30,2,1.380189e+10
12,30,3,1.380189e+10
12,30,5,1.380189e+10
12,30,10,1.380189e+10
12,30,20,1.380189e+10
12,30,30,1.380189e+10
12,30,1,1.048161e+10
12,30,2,1.048161e+10
12,30,3,1.048161e+10
12,30,5,1.048161e+10
12,30,10,1.048161e+10
12,30,20,1.048161e+10
12,30,30,1.048161e+10
12,30,1,1.993490e+10
12,30,2,1.783939e+10
12,30,3,1.652895e+10
12,30,5,1.652895e+10
12,30,10,1.652895e+10
12,30,20,1.652895e+10
12,30,30,1.652895e+10
12,30,1,1.543860e+10
12,30,2,1.504519e+10
12,30,3,1.504519e+10
12,30,5,1.504519e+10
12,30,10,1.474768e+10
12,30,20,1.474768e+10
12,30,30,1.474768e+10
12,30,1,3.157820e+10
12,30,2,3.157820e+10
12,30,3,3.157820e+10
12,30,5,3.157820e+10
12,30,10,2.304609e+10
12,30,20,1.673240e+10
12,30,30,1.673240e+10
12,30,1,2.916405e+10
12,30,2,2.916405e+10
12,30,3,2.916405e+10
12,30,5,2.916405e+10
12,30,10,2.916405e+10
12,30,20,2.823283e+10
12,30,30,2.823283e+10
12,30,1,1.008123e+10
12,30,2,9.252074e+09
12,30,3,9.252074e+09
12,30,5,9.252074e+09
12,30,10,7.569736e+09
12,30,20,7.499796e+09
12,30,30,7.499796e+09
12,30,1,4.701675e+10
12,30,2,3.357536e+10
12,30,3,3.357536e+10
12,30,5,2.564172e+10
12,30,10,2.564172e+10
12,30,20,2.564172e+10
12,30,30,2.564172e+10
12,30,1,1.957830e+10
12,30,2,1.957830e+10
12,30,3,1.957830e+10
12,30,5,1.957830e+10
12,30,10,1.957830e+10
12,30,20,1.957830e+10
12,30,30,1.957830e+10
12,30,1,7.334184e+09
12,30,2,7.334184e+09
12,30,3,6.644249e+09
12,30,5,6.644249e+09
12,30,10,6.644249e+09
12,30,20,6.644249e+09
12,30,30,6.644249e+09
12,30,1,1.773853e+10
12,30,2,1.205222e+10
12,30,3,1.205222e+10
12,30,5,1.205222e+10
12,30,10,1.205222e+10
12,30,20,1.205222e+10
12,30,30,1.205222e+10
12,30,1,2.710159e+10
12,30,2,2.710159e+10
12,30,3,2.710159e+10
12,30,5,2.710159e+10
12,30,10,2.710159e+10
12,30,20,2.243763e+09
12,30,30,1.818726e+08
12,30,1,2.300203e+10
12,30,2,2.125326e+10
12,30,3,2.125326e+10
12,30,5,2.125326e+10
12,30,10,2.125326e+10
12,30,20,2.125326e+10
12,30,30,2.125326e+10
12,30,1,1.780666e+10
12,30,2,1.780666e+10
12,30,3,1.780666e+10
12,30,5,1.780666e+10
12,30,10,1.672997e+10
12,30,20,1.667042e+10
12,30,30,1.667042e+10
12,30,1,1.656143e+10
12,30,2,1.656143e+10
12,30,3,1.656143e+10
12,30,5,1.656143e+10
12,30,10,1.656143e+10
12,30,20,1.656143e+10
12,30,30,1.656143e+10
12,30,1,1.246595e+10
12,30,2,9.269956e+09
12,30,3,9.269956e+09
12,30,5,9.269956e+09
12,30,10,9.269956e+09
12,30,20,9.269956e+09
12,30,30,9.269956e+09
12,30,1,2.842887e+10
12,30,2,2.055851e+10
12,30,3,2.055851e+10
12,30,5,2.055851e+10
12,30,10,2.055851e+10
12,30,20,2.055851e+10
12,30,30,2.055851e+10
12,30,1,2.723592e+10
12,30,2,2.723592e+10
12,30,3,2.653798e+10
12,30,5,2.653798e+10
12,30,10,2.653798e+10
12,30,20,2.653798e+10
12,30,30,2.653798e+10
12,30,1,2.228736e+10
12,30,2,1.570702e+10
12,30,3,1.570702e+10
12,30,5,1.570702e+10
12,30,10,1.570702e+10
12,30,20,1.570702e+10
12,30,30,1.570702e+10
12,30,1,1.543460e+10
12,30,2,1.480554e+10
12,30,3,1.480554e+10
12,30,5,1.480554e+10
12,30,10,1.480554e+10
12,30,20,1.480554e+10
12,30,30,1.480554e+10
12,30,1,1.233908e+10
12,30,2,1.233908e+10
12,30,3,1.233908e+10
12,30,5,1.233908e+10
12,30,10,1.233908e+10
12,30,20,1.233908e+10
12,30,30,1.233908e+10
12,30,1,2.745364e+10
12,30,2,1.318397e+10
12,30,3,1.141330e+10
12,30,5,1.077284e+10
12,30,10,1.077284e+10
12,30,20,1.077284e+10
12,30,30,1.077284e+10
12,30,1,2.501526e+10
12,30,2,1.953589e+10
12,30,3,1.953589e+10
12,30,5,1.953589e+10
12,30,10,1.235953e+10
12,30,20,1.235953e+10
12,30,30,1.235953e+10
12,30,1,9.201998e+09
12,30,2,9.201998e+09
12,30,3,9.201998e+09
12,30,5,9.201998e+09
12,30,10,9.201998e+09
12,30,20,9.201998e+09
12,30,30,9.201998e+09
12,30,1,2.230259e+10
12,30,2,2.129569e+10
12,30,3,1.658072e+10
12,30,5,1.658072e+10
12,30,10,1.658072e+10
12,30,20,1.658072e+10
12,30,30,1.658072e+10
12,30,1,3.880329e+10
12,30,2,3.880329e+10
12,30,3,3.880329e+10
12,30,5,3.880329e+10
12,30,10,3.880329e+10
12,30,20,1.415539e+10
12,30,30,1.415539e+10
12,30,1,3.896073e+10
12,30,2,3.896073e+10
12,30,3,2.370483e+10
12,30,5,1.960903e+10
12,30,10,1.960903e+10
12,30,20,1.960903e+10
12,30,30,1.960903e+10
12,30,1,2.129525e+10
12,30,2,2.129525e+10
12,30,3,2.021921e+10
12,30,5,2.021921e+10
12,30,10,2.021921e+10
12,30,20,2.021921e+10
12,30,30,2.021921e+10
12,30,1,2.847709e+10
12,30,2,2.847709e+10
12,30,3,2.847709e+10
12,30,5,2.847709e+10
12,30,10,2.847709e+10
12,30,20,2.847709e+10
12,30,30,2.847709e+10
12,30,1,1.456406e+10
12,30,2,1.456406e+10
12,30,3,1.456406e+10
12,30,5,1.456406e+10
12,30,10,1.456406e+10
12,30,20,1.456406e+10
12,30,30,1.456406e+10
12,30,1,3.147083e+10
12,30,2,3.147083e+10
12,30,3,3.147083e+10
12,30,5,3.147083e+10
12,30,10,1.430949e+10
12,30,20,1.430949e+10
12,30,30,1.430949e+10
12,30,1,3.367630e+10
12,30,2,3.367630e+10
12,30,3,2.952412e+10
12,30,5,2.952412e+10
12,30,10,2.565061e+10
12,30,20,2.565061e+10
12,30,30,2.565061e+10
12,30,1,1.271513e+10
12,30,2,1.183493e+10
12,30,3,1.183493e+10
12,30,5,1.183493e+10
12,30,10,1.183493e+10
12,30,20,1.183493e+10
12,30,30,1.183493e+10
12,30,1,3.022688e+10
12,30,2,2.285283e+10
12,30,3,1.820548e+10
12,30,5,1.467305e+10
12,30,10,1.467305e+10
12,30,20,1.467305e+10
12,30,30,1.467305e+10
12,30,1,1.004530e+10
12,30,2,1.004530e+10
12,30,3,1.004530e+10
12,30,5,1.004530e+10
12,30,10,1.004530e+10
12,30,20,1.004530e+10
12,30,30,1.004530e+10
12,30,1,1.989997e+10
12,30,2,1.989997e+10
12,30,3,1.989997e+10
12,30,5,1.989997e+10
12,30,1,2.452743e+10
12,30,2,2.452743e+10
12,30,3,2.452743e+10
12,30,5,2.452743e+10
12,30,1,2.728721e+10
12,30,2,2.728721e+10
12,30,3,2.728721e+10
12,30,5,2.728721e+10
12,30,1,2.878098e+10
12,30,2,2.878098e+10
12,30,3,2.878098e+10
12,30,5,2.878098e+10
12,30,1,2.115707e+10
12,30,2,2.115707e+10
12,30,3,2.115707e+10
12,30,5,2.115707e+10
12,30,1,2.492862e+10
12,30,2,2.492862e+10
12,30,3,2.492862e+10
12,30,5,2.492862e+10
12,30,1,2.532232e+10
12,30,2,2.532232e+10
12,30,3,2.532232e+10
12,30,5,2.532232e+10
12,30,1,2.487673e+10
12,30,2,2.487673e+10
12,30,3,2.487673e+10
12,30,5,2.487673e+10
12,30,1,2.807304e+10
12,30,2,2.807304e+10
12,30,3,2.807304e+10
12,30,5,2.807304e+10
12,30,1,2.782587e+10
12,30,2,2.782587e+10
12,30,3,2.782587e+10
12,30,5,2.782587e+10
12,30,1,2.633101e+10
12,30,2,2.633101e+10
12,30,3,2.403977e+10
12,30,5,2.403977e+10
12,30,1,1.676687e+10
12,30,2,1.676687e+10
12,30,3,1.676687e+10
12,30,5,1.676687e+10
12,30,1,2.044620e+10
12,30,2,2.044620e+10
12,30,3,2.044620e+10
12,30,5,2.044620e+10
12,30,1,3.475282e+10
12,30,2,3.475282e+10
12,30,3,3.475282e+10
12,30,5,3.475282e+10
12,30,1,2.473970e+10
12,30,2,2.473970e+10
12,30,3,2.473970e+10
12,30,5,2.473970e+10
12,30,1,2.845709e+10
12,30,2,2.845709e+10
12,30,3,2.845709e+10
12,30,5,2.845709e+10
12,30,1,1.940075e+10
12,30,2,1.940075e+10
12,30,3,1.940075e+10
12,30,5,1.940075e+10
12,30,1,2.119689e+10
12,30,2,2.119689e+10
12,30,3,2.119689e+10
12,30,5,2.119689e+10
12,30,1,2.893252e+10
12,30,2,2.893252e+10
12,30,3,2.893252e+10
12,30,5,2.893252e+10
12,30,1,4.228156e+10
12,30,2,4.228156e+10
12,30,3,4.228156e+10
12,30,5,4.228156e+10
12,30,1,2.149277e+10
12,30,2,2.149277e+10
12,30,3,2.149277e+10
12,30,5,2.149277e+10
12,30,1,2.569994e+10
12,30,2,2.569994e+10
12,30,3,2.569994e+10
12,30,5,2.569994e+10
12,30,1,3.083843e+10
12,30,2,3.083843e+10
12,30,3,3.083843e+10
12,30,5,3.083843e+10
12,30,1,2.328989e+10
12,30,2,2.328989e+10
12,30,3,2.328989e+10
12,30,5,2.328989e+10
12,30,1,1.859878e+10
12,30,2,1.859878e+10
12,30,3,1.859878e+10
12,30,5,1.859878e+10
12,30,1,1.123810e+10
12,30,2,1.123810e+10
12,30,3,1.123810e+10
12,30,5,1.123810e+10
12,30,1,3.657467e+10
12,30,2,3.657467e+10
12,30,3,3.657467e+10
12,30,5,3.657467e+10
12,30,1,2.614822e+10
12,30,2,2.614822e+10
12,30,3,2.614822e+10
12,30,5,2.614822e+10
12,30,1,3.882704e+10
12,30,2,3.882704e+10
12,30,3,3.882704e+10
12,30,5,1.905854e+10
12,30,1,9.635434e+09
12,30,2,9.635434e+09
12,30,3,9.635434e+09
12,30,5,9.635434e+09
12,30,1,2.826356e+10
12,30,2,2.826356e+10
12,30,3,2.826356e+10
12,30,5,2.826356e+10
12,30,1,3.001316e+10
12,30,2,3.001316e+10
12,30,3,3.001316e+10
12,30,5,2.835675e+10
12,30,1,2.061820e+10
12,30,2,2.061820e+10
12,30,3,2.061820e+10
12,30,5,2.061820e+10
12,30,1,2.379795e+10
12,30,2,2.379795e+10
12,30,3,2.379795e+10
12,30,5,2.379795e+10
12,30,1,2.686928e+10
12,30,2,2.686928e+10
12,30,3,2.686928e+10
12,30,5,2.006596e+10
12,30,1,1.493400e+10
12,30,2,1.493400e+10
12,30,3,1.493400e+10
12,30,5,1.493400e+10
12,30,1,2.785444e+10
12,30,2,2.785444e+10
12,30,3,2.785444e+10
12,30,5,1.698315e+10
12,30,1,1.162213e+10
12,30,2,1.162213e+10
12,30,3,1.162213e+10
12,30,5,1.162213e+10
12,30,1,2.936232e+10
12,30,2,2.936232e+10
12,30,3,2.936232e+10
12,30,5,2.936232e+10
12,30,1,1.602352e+10
12,30,2,1.602352e+10
12,30,3,1.602352e+10
12,30,5,1.602352e+10
12,30,1,1.932108e+10
12,30,2,1.932108e+10
12,30,3,1.932108e+10
12,30,5,1.932108e+10
12,30,1,4.448990e+10
12,30,2,4.448990e+10
12,30,3,4.448990e+10
12,30,5,4.448990e+10
12,30,1,3.951220e+10
12,30,2,3.951220e+10
12,30,3,3.951220e+10
12,30,5,2.183674e+10
12,30,1,2.589104e+10
12,30,2,2.589104e+10
12,30,3,2.589104e+10
12,30,5,2.589104e+10
12,30,1,3.495017e+10
12,30,2,3.495017e+10
12,30,3,3.495017e+10
12,30,5,3.495017e+10
12,30,1,3.595952e+10
12,30,2,3.595952e+10
12,30,3,3.595952e+10
12,30,5,3.595952e+10
12,30,1,2.434389e+10
12,30,2,2.434389e+10
12,30,3,2.434389e+10
12,30,5,2.434389e+10
12,30,1,1.745522e+10
12,30,2,1.745522e+10
12,30,3,1.745522e+10
12,30,5,1.745522e+10
12,30,1,1.598866e+10
12,30,2,1.598866e+10
12,30,3,1.598866e+10
12,30,5,1.598866e+10
12,30,1,3.158430e+10
12,30,2,3.158430e+10
12,30,3,3.158430e+10
12,30,5,3.158430e+10
12,30,1,2.564393e+10
12,30,2,2.564393e+10
12,30,3,2.564393e+10
12,30,5,2.564393e+10
