funcid,dim,milestone,error
3,30,1,1.013802e+09
3,30,2,1.013802e+09
3,30,3,1.013802e+09
3,30,5,1.013802e+09
3,30,1,8.873270e+07
3,30,2,8.873270e+07
3,30,3,8.873270e+07
3,30,5,8.873270e+07
3,30,1,5.146747e+08
3,30,2,5.146747e+08
3,30,3,5.146747e+08
3,30,5,5.146747e+08
3,30,1,2.466388e+07
3,30,2,2.466388e+07
3,30,3,2.466388e+07
3,30,5,2.466388e+07
3,30,1,4.857360e+08
3,30,2,4.857360e+08
3,30,3,4.857360e+08
3,30,5,4.857360e+08
3,30,1,7.130058e+07
3,30,2,7.130058e+07
3,30,3,7.130058e+07
3,30,5,7.130058e+07
3,30,1,3.523167e+09
3,30,2,3.523167e+09
3,30,3,3.523167e+09
3,30,5,3.523167e+09
3,30,1,3.658293e+05
3,30,2,3.658293e+05
3,30,3,3.658293e+05
3,30,5,3.658293e+05
3,30,1,1.290971e+06
3,30,2,1.290971e+06
3,30,3,1.290971e+06
3,30,5,1.290971e+06
3,30,1,9.320356e+04
3,30,2,9.320356e+04
3,30,3,9.320356e+04
3,30,5,9.320356e+04
3,30,1,3.260042e+08
3,30,2,3.260042e+08
3,30,3,3.260042e+08
3,30,5,3.260042e+08
3,30,1,1.277014e+08
3,30,2,1.277014e+08
3,30,3,1.277014e+08
3,30,5,9.469803e+04
3,30,1,5.358192e+07
3,30,2,5.358192e+07
3,30,3,5.358192e+07
3,30,5,5.358192e+07
3,30,1,4.054122e+06
3,30,2,4.054122e+06
3,30,3,4.054122e+06
3,30,5,4.054122e+06
3,30,1,2.778520e+06
3,30,2,2.778520e+06
3,30,3,2.778520e+06
3,30,5,2.778520e+06
3,30,1,2.257315e+07
3,30,2,2.257315e+07
3,30,3,2.257315e+07
3,30,5,2.257315e+07
3,30,1,3.583253e+05
3,30,2,3.583253e+05
3,30,3,3.583253e+05
3,30,5,3.583253e+05
3,30,1,4.375319e+08
3,30,2,4.375319e+08
3,30,3,4.375319e+08
3,30,5,4.375319e+08
3,30,1,5.024968e+08
3,30,2,5.024968e+08
3,30,3,5.024968e+08
3,30,5,5.024968e+08
3,30,1,3.663899e+05
3,30,2,3.663899e+05
3,30,3,3.663899e+05
3,30,5,3.663899e+05
3,30,1,2.847614e+05
3,30,2,2.847614e+05
3,30,3,2.847614e+05
3,30,5,2.847614e+05
3,30,1,9.610880e+04
3,30,2,9.610880e+04
3,30,3,9.610880e+04
3,30,5,9.610880e+04
3,30,1,6.246804e+08
3,30,2,6.246804e+08
3,30,3,6.246804e+08
3,30,5,6.246804e+08
3,30,1,2.880119e+05
3,30,2,2.880119e+05
3,30,3,2.880119e+05
3,30,5,9.152334e+04
3,30,1,6.231350e+05
3,30,2,6.231350e+05
3,30,3,6.231350e+05
3,30,5,6.231350e+05
3,30,1,2.718226e+05
3,30,2,2.718226e+05
3,30,3,2.718226e+05
3,30,5,2.718226e+05
3,30,1,2.229178e+05
3,30,2,2.229178e+05
3,30,3,2.229178e+05
3,30,5,2.229178e+05
3,30,1,2.250789e+07
3,30,2,2.250789e+07
3,30,3,2.250789e+07
3,30,5,2.250789e+07
3,30,1,9.268434e+04
3,30,2,9.268434e+04
3,30,3,9.268434e+04
3,30,5,9.268434e+04
3,30,1,3.390726e+05
3,30,2,3.390726e+05
3,30,3,3.390726e+05
3,30,5,3.390726e+05
3,30,1,2.486754e+05
3,30,2,2.486754e+05
3,30,3,2.486754e+05
3,30,5,2.486754e+05
3,30,1,2.791025e+05
3,30,2,2.791025e+05
3,30,3,2.791025e+05
3,30,5,2.791025e+05
3,30,1,9.283562e+04
3,30,2,9.283562e+04
3,30,3,9.283562e+04
3,30,5,9.283562e+04
3,30,1,5.553047e+10
3,30,2,5.553047e+10
3,30,3,5.553047e+10
3,30,5,5.553047e+10
3,30,1,5.701248e+07
3,30,2,5.701248e+07
3,30,3,5.701248e+07
3,30,5,5.701248e+07
3,30,1,1.191120e+05
3,30,2,1.191120e+05
3,30,3,1.191120e+05
3,30,5,1.191120e+05
3,30,1,1.914407e+06
3,30,2,9.621377e+04
3,30,3,9.621377e+04
3,30,5,9.621377e+04
3,30,1,3.963164e+05
3,30,2,3.963164e+05
3,30,3,3.963164e+05
3,30,5,3.963164e+05
3,30,1,3.834552e+09
3,30,2,3.834552e+09
3,30,3,3.834552e+09
3,30,5,3.834552e+09
3,30,1,9.895495e+08
3,30,2,9.895495e+08
3,30,3,9.895495e+08
3,30,5,4.140735e+08
3,30,1,1.030599e+05
3,30,2,1.030599e+05
3,30,3,1.030599e+05
3,30,5,1.030599e+05
3,30,1,5.056834e+09
3,30,2,5.056834e+09
3,30,3,5.056834e+09
3,30,5,5.056834e+09
3,30,1,1.102102e+06
3,30,2,1.102102e+06
3,30,3,1.102102e+06
3,30,5,9.263771e+04
3,30,1,3.369783e+05
3,30,2,3.369783e+05
3,30,3,3.369783e+05
3,30,5,3.369783e+05
3,30,1,2.747178e+07
3,30,2,2.747178e+07
3,30,3,2.747178e+07
3,30,5,2.747178e+07
3,30,1,9.159258e+08
3,30,2,9.159258e+08
3,30,3,9.159258e+08
3,30,5,9.159258e+08
3,30,1,7.188939e+08
3,30,2,7.188939e+08
3,30,3,7.188939e+08
3,30,5,7.188939e+08
3,30,1,1.524818e+10
3,30,2,1.524818e+10
3,30,3,9.164346e+04
3,30,5,9.161805e+04
3,30,1,2.752637e+09
3,30,2,2.752637e+09
3,30,3,2.752637e+09
3,30,5,2.752637e+09
3,30,1,1.981252e+08
3,30,2,1.981252e+08
3,30,3,1.981252e+08
3,30,5,1.981252e+08
3,30,1,1.066492e+08
3,30,2,1.066492e+08
3,30,3,1.066492e+08
3,30,5,1.066492e+08
3,30,1,1.150529e+08
3,30,2,1.150529e+08
3,30,3,1.150529e+08
3,30,5,9.262553e+04
3,30,1,1.315979e+05
3,30,2,1.315979e+05
3,30,3,1.315979e+05
3,30,5,1.315979e+05
3,30,1,8.713468e+09
3,30,2,8.713468e+09
3,30,3,8.713468e+09
3,30,5,8.713468e+09
3,30,1,7.077244e+09
3,30,2,7.077244e+09
3,30,3,7.077244e+09
3,30,5,7.077244e+09
3,30,1,8.783083e+09
3,30,2,9.054062e+04
3,30,3,9.054062e+04
3,30,5,9.054062e+04
3,30,1,1.591194e+09
3,30,2,1.591194e+09
3,30,3,1.591194e+09
3,30,5,1.591194e+09
3,30,1,1.531682e+09
3,30,2,1.531682e+09
3,30,3,1.531682e+09
3,30,5,1.531682e+09
3,30,1,6.785041e+09
3,30,2,6.785041e+09
3,30,3,6.785041e+09
3,30,5,6.785041e+09
3,30,1,9.658043e+06
3,30,2,9.658043e+06
3,30,3,9.658043e+06
3,30,5,9.658043e+06
3,30,1,2.863411e+08
3,30,2,2.863411e+08
3,30,3,2.863411e+08
3,30,5,2.863411e+08
3,30,1,1.248107e+07
3,30,2,1.248107e+07
3,30,3,1.248107e+07
3,30,5,1.248107e+07
3,30,1,1.379402e+08
3,30,2,1.379402e+08
3,30,3,1.379402e+08
3,30,5,1.379402e+08
3,30,1,1.566262e+10
3,30,2,1.566262e+10
3,30,3,1.566262e+10
3,30,5,1.566262e+10
3,30,1,7.781296e+09
3,30,2,7.781296e+09
3,30,3,7.781296e+09
3,30,5,7.781296e+09
3,30,1,7.249059e+07
3,30,2,3.488256e+06
3,30,3,3.488256e+06
3,30,5,3.488256e+06
3,30,1,5.306390e+05
3,30,2,5.306390e+05
3,30,3,5.306390e+05
3,30,5,5.306390e+05
3,30,1,1.384376e+07
3,30,2,1.384376e+07
3,30,3,1.384376e+07
3,30,5,1.384376e+07
3,30,1,3.848632e+06
3,30,2,3.848632e+06
3,30,3,3.848632e+06
3,30,5,3.848632e+06
3,30,1,1.324738e+07
3,30,2,1.324738e+07
3,30,3,1.324738e+07
3,30,5,1.324738e+07
3,30,1,8.207024e+05
3,30,2,8.207024e+05
3,30,3,8.207024e+05
3,30,5,8.207024e+05
3,30,1,9.861446e+05
3,30,2,9.861446e+05
3,30,3,9.861446e+05
3,30,5,9.861446e+05
3,30,1,2.007751e+05
3,30,2,2.007751e+05
3,30,3,2.007751e+05
3,30,5,2.007751e+05
3,30,1,2.434642e+09
3,30,2,2.434642e+09
3,30,3,2.434642e+09
3,30,5,1.726832e+09
3,30,1,8.970818e+04
3,30,2,8.970818e+04
3,30,3,8.970818e+04
3,30,5,8.970818e+04
3,30,1,2.712089e+08
3,30,2,2.712089e+08
3,30,3,2.712089e+08
3,30,5,2.712089e+08
3,30,1,3.719440e+06
3,30,2,3.719440e+06
3,30,3,3.719440e+06
3,30,5,9.191980e+04
3,30,1,1.862482e+07
3,30,2,1.862482e+07
3,30,3,1.862482e+07
3,30,5,1.862482e+07
3,30,1,9.945971e+07
3,30,2,9.945971e+07
3,30,3,9.945971e+07
3,30,5,9.945971e+07
3,30,1,7.220068e+05
3,30,2,7.220068e+05
3,30,3,7.220068e+05
3,30,5,7.220068e+05
3,30,1,2.718770e+05
3,30,2,2.718770e+05
3,30,3,2.718770e+05
3,30,5,2.718770e+05
3,30,1,1.531674e+06
3,30,2,1.531674e+06
3,30,3,1.531674e+06
3,30,5,1.531674e+06
3,30,1,8.877368e+07
3,30,2,8.877368e+07
3,30,3,8.877368e+07
3,30,5,8.877368e+07
3,30,1,8.557770e+08
3,30,2,8.557770e+08
3,30,3,8.557770e+08
3,30,5,8.557770e+08
3,30,1,1.358175e+11
3,30,2,1.358175e+11
3,30,3,1.358175e+11
3,30,5,1.358175e+11
3,30,1,3.027866e+05
3,30,2,3.027866e+05
3,30,3,3.027866e+05
3,30,5,3.027866e+05
3,30,1,2.379600e+06
3,30,2,2.379600e+06
3,30,3,2.379600e+06
3,30,5,2.379600e+06
3,30,1,4.306794e+05
3,30,2,4.306794e+05
3,30,3,4.306794e+05
3,30,5,4.306794e+05
3,30,1,6.456047e+07
3,30,2,6.456047e+07
3,30,3,6.456047e+07
3,30,5,6.456047e+07
3,30,1,4.769198e+09
3,30,2,4.769198e+09
3,30,3,4.769198e+09
3,30,5,4.769198e+09
3,30,1,1.493499e+06
3,30,2,1.493499e+06
3,30,3,1.493499e+06
3,30,5,1.493499e+06
3,30,1,5.093446e+05
3,30,2,5.093446e+05
3,30,3,5.093446e+05
3,30,5,9.432593e+04
3,30,1,3.031223e+05
3,30,2,3.031223e+05
3,30,3,3.031223e+05
3,30,5,8.935648e+04
3,30,1,6.281103e+05
3,30,2,6.281103e+05
3,30,3,6.281103e+05
3,30,5,6.281103e+05
3,30,1,2.767742e+09
3,30,2,2.409270e+08
3,30,3,9.188815e+04
3,30,5,9.188815e+04
3,30,1,4.167927e+08
3,30,2,4.167927e+08
3,30,3,4.167927e+08
3,30,5,4.167927e+08
3,30,1,1.018519e+07
3,30,2,1.018519e+07
3,30,3,1.018519e+07
3,30,5,1.018519e+07
3,30,1,4.194770e+08
3,30,2,4.194770e+08
3,30,3,4.194770e+08
3,30,5,4.194770e+08
3,30,1,7.331449e+07
3,30,2,7.331449e+07
3,30,3,7.331449e+07
3,30,5,7.331449e+07
3,30,1,1.395134e+07
3,30,2,1.395134e+07
3,30,3,1.395134e+07
3,30,5,1.395134e+07
3,30,1,2.091100e+07
3,30,2,2.091100e+07
3,30,3,2.091100e+07
3,30,5,2.091100e+07
3,30,1,1.150132e+07
3,30,2,8.754570e+05
3,30,3,8.754570e+05
3,30,5,8.754570e+05
3,30,1,7.155075e+05
3,30,2,7.155075e+05
3,30,3,7.155075e+05
3,30,5,7.155075e+05
3,30,1,6.256332e+08
3,30,2,6.256332e+08
3,30,3,6.256332e+08
3,30,5,6.256332e+08
3,30,1,1.023099e+05
3,30,2,1.023099e+05
3,30,3,1.023099e+05
3,30,5,1.023099e+05
3,30,1,1.981941e+07
3,30,2,1.981941e+07
3,30,3,1.981941e+07
3,30,5,1.981941e+07
3,30,1,1.938674e+09
3,30,2,1.938674e+09
3,30,3,1.938674e+09
3,30,5,1.938674e+09
3,30,1,3.022816e+05
3,30,2,3.022816e+05
3,30,3,3.022816e+05
3,30,5,3.022816e+05
3,30,1,1.043029e+10
3,30,2,1.043029e+10
3,30,3,1.043029e+10
3,30,5,9.749624e+04
3,30,1,9.201443e+04
3,30,2,9.201443e+04
3,30,3,9.201443e+04
3,30,5,9.201443e+04
3,30,1,4.931564e+08
3,30,2,4.931564e+08
3,30,3,4.931564e+08
3,30,5,4.931564e+08
3,30,1,2.587408e+05
3,30,2,2.587408e+05
3,30,3,2.587408e+05
3,30,5,9.231124e+04
3,30,1,2.806091e+08
3,30,2,2.806091e+08
3,30,3,2.806091e+08
3,30,5,2.806091e+08
3,30,1,6.712526e+08
3,30,2,6.712526e+08
3,30,3,6.712526e+08
3,30,5,6.712526e+08
3,30,1,6.586119e+06
3,30,2,6.586119e+06
3,30,3,6.586119e+06
3,30,5,6.586119e+06
3,30,1,2.042372e+06
3,30,2,2.042372e+06
3,30,3,2.042372e+06
3,30,5,2.042372e+06
3,30,1,5.217089e+07
3,30,2,5.217089e+07
3,30,3,5.217089e+07
3,30,5,5.217089e+07
3,30,1,1.314434e+07
3,30,2,1.314434e+07
3,30,3,1.314434e+07
3,30,5,1.314434e+07
3,30,1,2.127562e+06
3,30,2,2.127562e+06
3,30,3,2.127562e+06
3,30,5,2.127562e+06
3,30,1,4.412487e+05
3,30,2,4.412487e+05
3,30,3,4.412487e+05
3,30,5,4.412487e+05
3,30,1,7.742231e+07
3,30,2,7.742231e+07
3,30,3,7.742231e+07
3,30,5,7.742231e+07
3,30,1,3.091387e+05
3,30,2,3.091387e+05
3,30,3,3.091387e+05
3,30,5,3.091387e+05
3,30,1,5.661578e+05
3,30,2,5.661578e+05
3,30,3,5.661578e+05
3,30,5,5.661578e+05
3,30,1,5.552337e+09
3,30,2,5.552337e+09
3,30,3,5.552337e+09
3,30,5,5.552337e+09
3,30,1,1.855565e+07
3,30,2,1.855565e+07
3,30,3,1.855565e+07
3,30,5,1.855565e+07
3,30,1,3.785917e+06
3,30,2,3.785917e+06
3,30,3,3.785917e+06
3,30,5,3.785917e+06
3,30,1,2.249662e+09
3,30,2,2.249662e+09
3,30,3,2.249662e+09
3,30,5,2.249662e+09
3,30,1,4.054742e+05
3,30,2,4.054742e+05
3,30,3,4.054742e+05
3,30,5,1.104068e+05
3,30,1,2.582375e+06
3,30,2,2.582375e+06
3,30,3,2.582375e+06
3,30,5,8.975212e+04
3,30,1,3.542406e+05
3,30,2,3.542406e+05
3,30,3,3.542406e+05
3,30,5,3.542406e+05
3,30,1,3.745586e+07
3,30,2,3.745586e+07
3,30,3,3.745586e+07
3,30,5,3.745586e+07
3,30,1,3.924700e+05
3,30,2,3.924700e+05
3,30,3,3.924700e+05
3,30,5,3.924700e+05
3,30,1,1.881668e+09
3,30,2,1.881668e+09
3,30,3,1.881668e+09
3,30,5,1.881668e+09
3,30,1,1.351214e+07
3,30,2,1.351214e+07
3,30,3,1.351214e+07
3,30,5,9.401026e+04
3,30,1,4.104269e+05
3,30,2,4.104269e+05
3,30,3,4.104269e+05
3,30,5,4.104269e+05
3,30,1,3.275803e+08
3,30,2,3.275803e+08
3,30,3,3.275803e+08
3,30,5,3.275803e+08
3,30,1,2.923202e+05
3,30,2,2.923202e+05
3,30,3,2.923202e+05
3,30,5,2.923202e+05
3,30,1,2.040320e+09
3,30,2,2.040320e+09
3,30,3,2.040320e+09
3,30,5,2.040320e+09
3,30,1,1.063204e+06
3,30,2,1.063204e+06
3,30,3,1.063204e+06
3,30,5,1.063204e+06
3,30,1,2.561563e+05
3,30,2,2.561563e+05
3,30,3,2.561563e+05
3,30,5,2.561563e+05
3,30,1,1.141034e+05
3,30,2,1.141034e+05
3,30,3,1.141034e+05
3,30,5,9.232965e+04
3,30,1,2.967138e+08
3,30,2,2.967138e+08
3,30,3,2.967138e+08
3,30,5,2.967138e+08
3,30,1,1.431441e+08
3,30,2,1.431441e+08
3,30,3,1.431441e+08
3,30,5,1.431441e+08
3,30,1,9.473586e+07
3,30,2,9.473586e+07
3,30,3,9.473586e+07
3,30,5,9.473586e+07
3,30,1,1.824395e+07
3,30,2,1.824395e+07
3,30,3,1.824395e+07
3,30,5,1.824395e+07
3,30,1,9.199330e+04
3,30,2,9.199330e+04
3,30,3,9.199330e+04
3,30,5,8.905746e+04
3,30,1,2.311235e+05
3,30,2,8.985561e+04
3,30,3,8.985561e+04
3,30,5,8.985561e+04
3,30,1,3.116967e+05
3,30,2,3.116967e+05
3,30,3,3.116967e+05
3,30,5,3.116967e+05
3,30,1,1.138971e+09
3,30,2,1.138971e+09
3,30,3,1.138971e+09
3,30,5,1.138971e+09
3,30,1,8.151798e+08
3,30,2,8.151798e+08
3,30,3,8.151798e+08
3,30,5,9.298375e+04
3,30,1,1.018697e+07
3,30,2,1.018697e+07
3,30,3,1.018697e+07
3,30,5,1.018697e+07
3,30,1,4.643748e+05
3,30,2,4.643748e+05
3,30,3,4.643748e+05
3,30,5,4.643748e+05
3,30,1,9.083959e+07
3,30,2,9.083959e+07
3,30,3,9.083959e+07
3,30,5,9.083959e+07
3,30,1,8.205228e+07
3,30,2,8.205228e+07
3,30,3,8.205228e+07
3,30,5,8.205228e+07
3,30,1,3.564388e+05
3,30,2,3.564388e+05
3,30,3,3.564388e+05
3,30,5,3.564388e+05
3,30,1,2.803889e+05
3,30,2,2.803889e+05
3,30,3,2.803889e+05
3,30,5,9.017894e+04
3,30,1,4.353066e+06
3,30,2,4.353066e+06
3,30,3,4.353066e+06
3,30,5,4.353066e+06
3,30,1,8.907464e+08
3,30,2,8.907464e+08
3,30,3,8.907464e+08
3,30,5,8.907464e+08
3,30,1,3.069985e+05
3,30,2,3.069985e+05
3,30,3,3.069985e+05
3,30,5,9.155010e+04
3,30,1,8.885369e+05
3,30,2,8.885369e+05
3,30,3,8.885369e+05
3,30,5,8.885369e+05
3,30,1,5.787704e+07
3,30,2,5.787704e+07
3,30,3,5.787704e+07
3,30,5,5.787704e+07
3,30,1,9.884037e+04
3,30,2,9.884037e+04
3,30,3,9.884037e+04
3,30,5,9.206821e+04
3,30,1,8.756047e+08
3,30,2,8.756047e+08
3,30,3,8.756047e+08
3,30,5,8.756047e+08
3,30,1,2.127555e+05
3,30,2,2.127555e+05
3,30,3,2.127555e+05
3,30,5,2.127555e+05
3,30,1,5.298398e+05
3,30,2,5.298398e+05
3,30,3,5.298398e+05
3,30,5,1.280945e+05
3,30,1,1.416931e+09
3,30,2,1.416931e+09
3,30,3,9.364929e+04
3,30,5,9.025382e+04
3,30,1,9.416449e+04
3,30,2,9.413489e+04
3,30,3,9.413489e+04
3,30,5,9.413489e+04
3,30,1,9.513628e+08
3,30,2,9.513628e+08
3,30,3,9.513628e+08
3,30,5,9.513628e+08
3,30,1,9.310475e+04
3,30,2,9.310475e+04
3,30,3,9.310475e+04
3,30,5,9.310475e+04
3,30,1,2.070486e+09
3,30,2,2.070486e+09
3,30,3,2.070486e+09
3,30,5,2.070486e+09
3,30,1,8.866538e+05
3,30,2,8.866538e+05
3,30,3,8.866538e+05
3,30,5,8.866538e+05
3,30,1,2.430586e+08
3,30,2,2.430586e+08
3,30,3,2.430586e+08
3,30,5,2.430586e+08
3,30,1,2.078353e+09
3,30,2,2.078353e+09
3,30,3,2.078353e+09
3,30,5,2.078353e+09
3,30,1,1.159293e+10
3,30,2,1.159293e+10
3,30,3,1.159293e+10
3,30,5,1.159293e+10
3,30,1,1.784268e+06
3,30,2,1.784268e+06
3,30,3,1.784268e+06
3,30,5,1.784268e+06
3,30,1,3.296736e+09
3,30,2,3.296736e+09
3,30,3,3.296736e+09
3,30,5,3.296736e+09
3,30,1,1.595143e+08
3,30,2,1.595143e+08
3,30,3,1.595143e+08
3,30,5,1.595143e+08
3,30,1,2.337259e+07
3,30,2,2.337259e+07
3,30,3,2.337259e+07
3,30,5,2.337259e+07
3,30,1,7.057758e+08
3,30,2,7.057758e+08
3,30,3,7.057758e+08
3,30,5,7.057758e+08
3,30,1,4.268073e+07
3,30,2,4.268073e+07
3,30,3,4.268073e+07
3,30,5,9.310061e+04
3,30,1,4.432524e+05
3,30,2,4.432524e+05
3,30,3,4.432524e+05
3,30,5,4.432524e+05
3,30,1,1.035982e+09
3,30,2,1.035982e+09
3,30,3,1.035982e+09
3,30,5,1.035982e+09
3,30,1,1.905590e+08
3,30,2,1.905590e+08
3,30,3,1.905590e+08
3,30,5,1.905590e+08
3,30,1,5.770052e+08
3,30,2,5.770052e+08
3,30,3,5.770052e+08
3,30,5,5.770052e+08
3,30,1,2.631388e+05
3,30,2,2.631388e+05
3,30,3,9.334214e+04
3,30,5,8.992334e+04
3,30,1,2.147136e+07
3,30,2,2.147136e+07
3,30,3,2.147136e+07
3,30,5,2.147136e+07
3,30,1,2.002585e+06
3,30,2,2.002585e+06
3,30,3,2.002585e+06
3,30,5,2.002585e+06
3,30,1,1.328846e+10
3,30,2,1.328846e+10
3,30,3,1.328846e+10
3,30,5,1.328846e+10
3,30,1,2.773398e+05
3,30,2,2.773398e+05
3,30,3,2.773398e+05
3,30,5,9.204836e+04
3,30,1,1.429394e+08
3,30,2,1.429394e+08
3,30,3,1.429394e+08
3,30,5,9.380709e+04
3,30,1,2.489369e+08
3,30,2,2.489369e+08
3,30,3,9.467098e+04
3,30,5,9.467098e+04
3,30,1,2.101840e+09
3,30,2,2.101840e+09
3,30,3,2.101840e+09
3,30,5,2.101840e+09
3,30,1,2.968446e+05
3,30,2,2.968446e+05
3,30,3,2.968446e+05
3,30,5,2.968446e+05
3,30,1,2.044168e+08
3,30,2,2.044168e+08
3,30,3,2.044168e+08
3,30,5,9.443810e+04
3,30,1,1.046414e+08
3,30,2,1.046414e+08
3,30,3,1.046414e+08
3,30,5,1.046414e+08
3,30,1,1.476195e+05
3,30,2,1.476195e+05
3,30,3,1.476195e+05
3,30,5,1.476195e+05
3,30,1,2.138858e+06
3,30,2,2.138858e+06
3,30,3,2.138858e+06
3,30,5,2.138858e+06
3,30,1,5.205079e+05
3,30,2,5.205079e+05
3,30,3,5.205079e+05
3,30,5,5.205079e+05
3,30,1,4.865967e+05
3,30,2,4.865967e+05
3,30,3,4.865967e+05
3,30,5,4.865967e+05
3,30,1,2.158629e+05
3,30,2,2.158629e+05
3,30,3,2.158629e+05
3,30,5,2.158629e+05
3,30,1,7.605468e+06
3,30,2,7.605468e+06
3,30,3,7.605468e+06
3,30,5,7.605468e+06
3,30,1,2.767110e+05
3,30,2,2.767110e+05
3,30,3,2.767110e+05
3,30,5,2.767110e+05
3,30,1,1.766641e+09
3,30,2,1.766641e+09
3,30,3,1.766641e+09
3,30,5,1.766641e+09
3,30,1,2.781068e+06
3,30,2,2.781068e+06
3,30,3,2.781068e+06
3,30,5,2.781068e+06
3,30,1,5.309156e+05
3,30,2,5.309156e+05
3,30,3,5.309156e+05
3,30,5,5.309156e+05
3,30,1,2.273721e+09
3,30,2,2.273721e+09
3,30,3,2.273721e+09
3,30,5,2.273721e+09
3,30,1,1.317595e+11
3,30,2,1.317595e+11
3,30,3,1.317595e+11
3,30,5,1.317595e+11
3,30,1,5.271830e+05
3,30,2,5.271830e+05
3,30,3,5.271830e+05
3,30,5,5.271830e+05
3,30,1,2.578036e+05
3,30,2,2.578036e+05
3,30,3,2.578036e+05
3,30,5,2.578036e+05
3,30,1,5.351456e+06
3,30,2,5.351456e+06
3,30,3,5.351456e+06
3,30,5,5.351456e+06
3,30,1,1.698282e+05
3,30,2,1.698282e+05
3,30,3,1.698282e+05
3,30,5,1.698282e+05
3,30,1,2.369454e+05
3,30,2,2.330651e+05
3,30,3,1.613411e+05
3,30,5,1.412318e+05
3,30,1,1.906924e+05
3,30,2,1.739313e+05
3,30,3,1.739313e+05
3,30,5,1.578141e+05
3,30,1,6.480071e+05
3,30,2,3.524688e+05
3,30,3,3.524688e+05
3,30,5,1.963185e+05
3,30,1,4.945713e+05
3,30,2,4.945713e+05
3,30,3,4.945713e+05
3,30,5,1.013254e+05
3,30,1,1.629454e+05
3,30,2,1.507296e+05
3,30,3,1.115490e+05
3,30,5,1.115490e+05
3,30,1,1.396460e+06
3,30,2,1.396460e+06
3,30,3,3.799166e+05
3,30,5,1.105330e+05
3,30,1,2.628062e+05
3,30,2,2.628062e+05
3,30,3,1.246315e+05
3,30,5,1.246315e+05
3,30,1,4.946331e+05
3,30,2,1.908251e+05
3,30,3,1.661152e+05
3,30,5,1.020434e+05
3,30,1,2.217791e+05
3,30,2,1.246682e+05
3,30,3,1.024727e+05
3,30,5,9.021676e+04
3,30,1,6.902596e+05
3,30,2,6.902596e+05
3,30,3,6.902596e+05
3,30,5,6.902596e+05
3,30,1,3.052281e+05
3,30,2,3.052281e+05
3,30,3,3.052281e+05
3,30,5,3.052281e+05
3,30,1,1.887820e+05
3,30,2,1.882556e+05
3,30,3,1.864649e+05
3,30,5,1.149929e+05
3,30,1,2.339140e+05
3,30,2,1.165761e+05
3,30,3,1.165761e+05
3,30,5,1.165761e+05
3,30,1,3.339540e+05
3,30,2,1.660977e+05
3,30,3,1.233639e+05
3,30,5,1.008325e+05
3,30,1,7.148737e+07
3,30,2,3.146663e+07
3,30,3,3.146663e+07
3,30,5,1.254310e+07
3,30,1,3.468173e+05
3,30,2,3.468173e+05
3,30,3,3.372724e+05
3,30,5,2.724916e+05
3,30,1,2.665243e+05
3,30,2,2.665243e+05
3,30,3,1.614830e+05
3,30,5,1.507893e+05
3,30,1,1.557812e+06
3,30,2,2.225648e+05
3,30,3,2.225648e+05
3,30,5,2.113565e+05
3,30,1,9.750551e+05
3,30,2,9.750551e+05
3,30,3,9.592293e+04
3,30,5,8.926606e+04
3,30,1,2.181306e+05
3,30,2,1.238394e+05
3,30,3,7.868498e+04
3,30,5,7.554655e+04
3,30,1,9.279550e+05
3,30,2,9.279550e+05
3,30,3,9.279550e+05
3,30,5,1.042702e+05
3,30,1,1.934775e+05
3,30,2,1.765450e+05
3,30,3,1.765450e+05
3,30,5,1.765450e+05
3,30,1,6.039769e+05
3,30,2,2.449941e+05
3,30,3,1.609612e+05
3,30,5,9.082196e+04
3,30,1,2.606420e+05
3,30,2,2.556030e+05
3,30,3,2.553998e+05
3,30,5,2.139902e+05
3,30,1,2.471914e+08
3,30,2,2.471914e+08
3,30,3,5.319637e+07
3,30,5,5.319637e+07
3,30,1,1.535981e+05
3,30,2,1.535981e+05
3,30,3,1.535981e+05
3,30,5,1.535981e+05
3,30,1,1.708010e+05
3,30,2,1.295848e+05
3,30,3,1.295848e+05
3,30,5,7.586016e+04
3,30,1,5.542365e+05
3,30,2,5.542365e+05
3,30,3,4.015291e+05
3,30,5,4.015291e+05
3,30,1,1.886868e+05
3,30,2,1.402696e+05
3,30,3,1.402696e+05
3,30,5,9.061458e+04
3,30,1,3.456282e+06
3,30,2,3.456282e+06
3,30,3,3.354065e+05
3,30,5,3.354065e+05
3,30,1,1.267841e+05
3,30,2,1.267841e+05
3,30,3,1.014095e+05
3,30,5,9.191456e+04
3,30,1,2.900427e+05
3,30,2,1.646613e+05
3,30,3,1.646613e+05
3,30,5,1.646613e+05
3,30,1,6.611608e+09
3,30,2,4.773463e+05
3,30,3,1.649849e+05
3,30,5,1.649849e+05
3,30,1,2.094498e+05
3,30,2,2.094498e+05
3,30,3,1.402474e+05
3,30,5,1.399190e+05
3,30,1,3.575506e+05
3,30,2,3.575506e+05
3,30,3,2.429367e+05
3,30,5,1.196794e+05
3,30,1,6.411336e+05
3,30,2,3.126520e+05
3,30,3,3.126520e+05
3,30,5,2.823360e+05
3,30,1,1.878755e+05
3,30,2,1.878755e+05
3,30,3,1.878755e+05
3,30,5,1.717897e+05
3,30,1,4.500305e+05
3,30,2,2.464801e+05
3,30,3,1.483951e+05
3,30,5,9.663856e+04
3,30,1,5.966153e+05
3,30,2,5.966153e+05
3,30,3,2.575327e+05
3,30,5,9.589439e+04
3,30,1,3.003686e+05
3,30,2,3.003686e+05
3,30,3,3.003686e+05
3,30,5,2.929042e+05
3,30,1,1.174323e+05
3,30,2,1.102612e+05
3,30,3,8.665270e+04
3,30,5,8.665270e+04
3,30,1,2.736601e+05
3,30,2,2.736601e+05
3,30,3,1.579710e+05
3,30,5,1.070887e+05
3,30,1,1.113176e+05
3,30,2,1.071687e+05
3,30,3,9.808174e+04
3,30,5,9.425352e+04
3,30,1,2.800899e+05
3,30,2,2.800899e+05
3,30,3,2.773563e+05
3,30,5,2.733207e+05
3,30,1,6.576887e+05
3,30,2,3.829390e+05
3,30,3,3.829390e+05
3,30,5,1.011153e+05
3,30,1,2.841001e+05
3,30,2,2.841001e+05
3,30,3,2.841001e+05
3,30,5,2.841001e+05
3,30,1,5.714157e+08
3,30,2,5.280634e+07
3,30,3,1.479001e+05
3,30,5,1.479001e+05
3,30,1,1.490721e+05
3,30,2,1.207537e+05
3,30,3,1.019034e+05
3,30,5,1.019034e+05
3,30,1,6.526493e+06
3,30,2,6.830956e+05
3,30,3,3.259167e+05
3,30,5,3.259167e+05
3,30,1,4.112050e+05
3,30,2,4.112050e+05
3,30,1,1.613921e+05
3,30,2,1.613921e+05
3,30,1,1.617945e+05
3,30,2,1.617945e+05
3,30,1,1.275596e+05
3,30,2,1.275596e+05
3,30,1,1.120189e+05
3,30,2,1.120189e+05
3,30,1,2.498352e+05
3,30,2,2.498352e+05
3,30,1,1.861750e+05
3,30,2,1.861750e+05
3,30,1,3.405574e+05
3,30,2,3.389528e+05
3,30,1,2.940341e+05
3,30,2,2.940341e+05
3,30,1,1.652072e+05
3,30,2,1.652072e+05
3,30,1,1.723973e+05
3,30,2,1.723973e+05
3,30,1,2.311692e+05
3,30,2,1.949952e+05
3,30,1,1.237826e+05
3,30,2,1.206257e+05
3,30,1,1.788976e+05
3,30,2,1.696128e+05
3,30,1,3.413052e+05
3,30,2,3.413052e+05
3,30,1,2.351225e+05
3,30,2,2.351225e+05
3,30,1,2.871688e+05
3,30,2,2.871688e+05
3,30,1,2.202046e+05
3,30,2,2.202046e+05
3,30,1,1.842939e+05
3,30,2,1.842939e+05
3,30,1,2.071686e+06
3,30,2,1.339448e+06
3,30,1,5.321396e+06
3,30,2,5.321396e+06
3,30,1,2.386275e+05
3,30,2,1.185643e+05
3,30,1,1.571826e+05
3,30,2,1.571826e+05
3,30,1,1.391885e+05
3,30,2,1.391885e+05
3,30,1,1.644675e+05
3,30,2,1.644675e+05
3,30,1,2.519153e+05
3,30,2,1.940576e+05
3,30,1,1.163863e+05
3,30,2,1.163863e+05
3,30,1,1.976213e+05
3,30,2,1.976213e+05
3,30,1,1.880813e+05
3,30,2,1.607289e+05
3,30,1,1.427449e+05
3,30,2,1.427449e+05
3,30,1,2.506265e+05
3,30,2,2.490321e+05
3,30,1,4.481269e+06
3,30,2,4.481269e+06
3,30,1,3.496434e+05
3,30,2,3.496434e+05
3,30,1,3.566974e+05
3,30,2,3.566974e+05
3,30,1,3.298808e+05
3,30,2,1.995289e+05
3,30,1,3.475942e+05
3,30,2,3.475942e+05
3,30,1,2.274223e+05
3,30,2,2.274223e+05
3,30,1,4.866219e+05
3,30,2,4.866219e+05
3,30,1,2.044616e+05
3,30,2,2.044616e+05
3,30,1,1.922552e+05
3,30,2,1.922552e+05
3,30,1,1.914800e+05
3,30,2,1.914800e+05
3,30,1,1.907436e+05
3,30,2,1.907436e+05
3,30,1,9.498895e+06
3,30,2,9.498895e+06
3,30,1,2.387336e+05
3,30,2,2.387336e+05
3,30,1,1.429312e+08
3,30,2,1.429312e+08
3,30,1,2.657202e+05
3,30,2,2.633415e+05
3,30,1,8.793021e+06
3,30,2,8.793021e+06
3,30,1,1.484517e+05
3,30,2,1.484517e+05
3,30,1,2.318420e+05
3,30,2,2.318420e+05
3,30,1,1.410442e+05
3,30,2,1.410442e+05
3,30,1,1.678686e+05
3,30,2,1.678686e+05
3,30,1,3.009578e+05
3,30,2,3.009578e+05
3,30,3,3.009578e+05
3,30,5,3.009578e+05
3,30,10,3.009578e+05
3,30,20,3.009578e+05
3,30,30,3.009578e+05
3,30,1,2.183547e+05
3,30,2,1.891485e+05
3,30,3,1.891485e+05
3,30,5,1.891485e+05
3,30,10,1.891485e+05
3,30,20,1.005596e+05
3,30,30,6.310344e+04
3,30,1,3.240324e+05
3,30,2,2.410982e+05
3,30,3,2.410982e+05
3,30,5,1.649000e+05
3,30,10,1.067864e+05
3,30,20,1.067864e+05
3,30,30,1.067864e+05
3,30,1,2.755748e+05
3,30,2,2.755748e+05
3,30,3,2.755748e+05
3,30,5,2.755748e+05
3,30,10,2.367317e+05
3,30,20,2.367317e+05
3,30,30,2.367317e+05
3,30,1,2.164453e+07
3,30,2,2.164453e+07
3,30,3,2.164453e+07
3,30,5,2.164453e+07
3,30,10,2.037251e+05
3,30,20,8.669501e+04
3,30,30,4.726153e+04
3,30,1,9.679428e+05
3,30,2,9.679428e+05
3,30,3,9.679428e+05
3,30,5,9.679428e+05
3,30,10,9.679428e+05
3,30,20,9.679428e+05
3,30,30,9.679428e+05
3,30,1,1.101302e+05
3,30,2,1.003159e+05
3,30,3,1.003159e+05
3,30,5,1.003159e+05
3,30,10,1.003159e+05
3,30,20,8.637311e+04
3,30,30,8.498635e+04
3,30,1,2.248090e+05
3,30,2,2.248090e+05
3,30,3,2.248090e+05
3,30,5,2.248090e+05
3,30,10,2.248090e+05
3,30,20,1.792912e+05
3,30,30,1.290792e+05
3,30,1,2.965579e+05
3,30,2,2.965579e+05
3,30,3,2.965579e+05
3,30,5,2.965579e+05
3,30,10,1.288426e+05
3,30,20,1.266266e+05
3,30,30,1.266266e+05
3,30,1,1.263236e+05
3,30,2,1.152295e+05
3,30,3,1.152295e+05
3,30,5,1.151833e+05
3,30,10,1.150836e+05
3,30,20,1.020947e+05
3,30,30,1.020947e+05
3,30,1,3.336014e+05
3,30,2,3.336014e+05
3,30,3,3.336014e+05
3,30,5,3.336014e+05
3,30,10,3.336014e+05
3,30,20,3.336014e+05
3,30,30,3.336014e+05
3,30,1,9.711847e+07
3,30,2,1.564368e+05
3,30,3,1.564368e+05
3,30,5,1.564368e+05
3,30,10,1.231027e+05
3,30,20,9.697587e+04
3,30,30,9.697587e+04
3,30,1,1.879793e+05
3,30,2,1.879793e+05
3,30,3,1.614539e+05
3,30,5,1.614539e+05
3,30,10,1.614539e+05
3,30,20,1.614539e+05
3,30,30,1.614539e+05
3,30,1,7.990189e+05
3,30,2,7.990189e+05
3,30,3,1.733854e+05
3,30,5,1.733854e+05
3,30,10,1.733854e+05
3,30,20,1.733854e+05
3,30,30,1.733854e+05
3,30,1,2.575997e+05
3,30,2,2.575997e+05
3,30,3,2.575997e+05
3,30,5,2.575997e+05
3,30,10,1.280687e+05
3,30,20,9.108950e+04
3,30,30,9.108950e+04
3,30,1,1.458873e+05
3,30,2,1.458873e+05
3,30,3,1.458873e+05
3,30,5,1.458873e+05
3,30,10,1.458873e+05
3,30,20,1.458873e+05
3,30,30,1.458873e+05
3,30,1,2.044721e+05
3,30,2,2.044721e+05
3,30,3,2.044721e+05
3,30,5,1.116025e+05
3,30,10,1.108030e+05
3,30,20,1.108030e+05
3,30,30,1.108030e+05
3,30,1,1.715454e+05
3,30,2,1.715454e+05
3,30,3,1.715454e+05
3,30,5,1.715454e+05
3,30,10,9.525823e+04
3,30,20,9.350724e+04
3,30,30,9.350724e+04
3,30,1,3.346819e+05
3,30,2,3.346819e+05
3,30,3,3.346819e+05
3,30,5,3.346819e+05
3,30,10,1.617066e+05
3,30,20,1.015520e+05
3,30,30,8.009562e+04
3,30,1,2.822232e+06
3,30,2,2.822232e+06
3,30,3,2.822232e+06
3,30,5,2.822232e+06
3,30,10,2.674555e+05
3,30,20,9.676437e+04
3,30,30,9.676437e+04
3,30,1,2.426439e+08
3,30,2,2.426439e+08
3,30,3,2.426439e+08
3,30,5,2.426439e+08
3,30,10,1.448084e+05
3,30,20,8.970157e+04
3,30,30,7.405901e+04
3,30,1,2.737463e+05
3,30,2,2.737463e+05
3,30,3,2.737463e+05
3,30,5,2.737463e+05
3,30,10,1.467424e+05
3,30,20,1.467424e+05
3,30,30,1.467424e+05
3,30,1,2.988991e+05
3,30,2,2.988991e+05
3,30,3,2.988991e+05
3,30,5,2.988991e+05
3,30,10,1.807989e+05
3,30,20,9.379156e+04
3,30,30,9.379156e+04
3,30,1,1.290503e+06
3,30,2,1.290503e+06
3,30,3,1.290503e+06
3,30,5,1.290503e+06
3,30,10,1.290503e+06
3,30,20,1.013965e+05
3,30,30,6.168801e+04
3,30,1,4.657038e+05
3,30,2,4.657038e+05
3,30,3,4.657038e+05
3,30,5,4.657038e+05
3,30,10,2.736326e+05
3,30,20,2.736326e+05
3,30,30,2.736326e+05
3,30,1,3.951260e+05
3,30,2,3.951260e+05
3,30,3,3.951260e+05
3,30,5,3.951260e+05
3,30,10,3.169982e+05
3,30,20,3.169982e+05
3,30,30,3.169982e+05
3,30,1,2.384340e+05
3,30,2,1.272029e+05
3,30,3,1.272029e+05
3,30,5,1.272029e+05
3,30,10,1.051424e+05
3,30,20,8.597489e+04
3,30,30,5.768258e+04
3,30,1,6.816208e+05
3,30,2,9.498225e+04
3,30,3,9.498225e+04
3,30,5,9.498225e+04
3,30,10,9.498225e+04
3,30,20,8.539514e+04
3,30,30,8.539514e+04
3,30,1,1.381441e+05
3,30,2,1.381441e+05
3,30,3,1.302748e+05
3,30,5,1.298262e+05
3,30,10,1.298262e+05
3,30,20,1.298262e+05
3,30,30,1.298262e+05
3,30,1,2.360164e+05
3,30,2,2.360164e+05
3,30,3,1.724435e+05
3,30,5,1.466518e+05
3,30,10,1.006952e+05
3,30,20,8.556203e+04
3,30,30,8.556203e+04
3,30,1,3.264989e+05
3,30,2,3.264989e+05
3,30,3,3.264989e+05
3,30,5,3.264989e+05
3,30,10,1.614374e+05
3,30,20,9.575947e+04
3,30,30,9.575947e+04
3,30,1,1.881144e+05
3,30,2,1.581575e+05
3,30,3,1.581575e+05
3,30,5,1.581575e+05
3,30,10,1.581575e+05
3,30,20,1.581575e+05
3,30,30,1.581575e+05
3,30,1,1.961000e+06
3,30,2,1.801691e+06
3,30,3,1.801691e+06
3,30,5,2.215517e+05
3,30,10,2.157056e+05
3,30,20,8.937084e+04
3,30,30,8.937084e+04
3,30,1,6.062674e+05
3,30,2,6.062674e+05
3,30,3,6.062674e+05
3,30,5,6.062674e+05
3,30,10,6.062674e+05
3,30,20,9.220789e+04
3,30,30,9.220789e+04
3,30,1,5.780998e+05
3,30,2,5.780998e+05
3,30,3,5.780998e+05
3,30,5,5.780998e+05
3,30,10,3.832477e+05
3,30,20,3.832477e+05
3,30,30,3.832477e+05
3,30,1,2.718117e+05
3,30,2,2.041086e+05
3,30,3,1.213631e+05
3,30,5,1.213631e+05
3,30,10,1.213631e+05
3,30,20,1.213631e+05
3,30,30,1.213631e+05
3,30,1,5.089722e+08
3,30,2,5.089722e+08
3,30,3,4.174908e+05
3,30,5,4.174908e+05
3,30,10,4.174908e+05
3,30,20,8.808561e+04
3,30,30,5.670181e+04
3,30,1,1.637015e+05
3,30,2,1.637015e+05
3,30,3,1.637015e+05
3,30,5,1.637015e+05
3,30,10,1.637015e+05
3,30,20,1.637015e+05
3,30,30,1.637015e+05
3,30,1,3.373493e+07
3,30,2,3.373493e+07
3,30,3,3.373493e+07
3,30,5,1.957979e+05
3,30,10,1.442466e+05
3,30,20,1.442466e+05
3,30,30,1.442466e+05
3,30,1,2.762919e+08
3,30,2,2.762919e+08
3,30,3,1.650460e+05
3,30,5,1.640570e+05
3,30,10,1.640570e+05
3,30,20,6.902967e+04
3,30,30,5.113983e+04
3,30,1,1.899504e+07
3,30,2,1.899504e+07
3,30,3,1.899504e+07
3,30,5,1.043026e+06
3,30,10,6.005321e+05
3,30,20,6.005321e+05
3,30,30,6.005321e+05
3,30,1,2.204618e+06
3,30,2,1.830338e+05
3,30,3,1.650995e+05
3,30,5,1.650995e+05
3,30,10,1.048056e+05
3,30,20,1.048056e+05
3,30,30,1.048056e+05
3,30,1,2.570929e+06
3,30,2,2.570929e+06
3,30,3,1.150596e+05
3,30,5,9.531045e+04
3,30,10,9.531045e+04
3,30,20,9.531045e+04
3,30,30,9.531045e+04
3,30,1,3.831409e+05
3,30,2,3.831409e+05
3,30,3,3.831409e+05
3,30,5,3.831409e+05
3,30,10,3.831409e+05
3,30,20,1.241282e+05
3,30,30,8.826362e+04
3,30,1,2.750016e+05
3,30,2,2.750016e+05
3,30,3,2.750016e+05
3,30,5,2.750016e+05
3,30,10,2.750016e+05
3,30,20,8.558803e+04
3,30,30,5.540786e+04
3,30,1,1.824984e+05
3,30,2,1.824984e+05
3,30,3,1.824984e+05
3,30,5,1.824984e+05
3,30,10,1.380464e+05
3,30,20,1.380464e+05
3,30,30,1.380464e+05
3,30,1,1.640976e+05
3,30,2,1.640976e+05
3,30,3,1.640976e+05
3,30,5,1.106177e+05
3,30,10,1.106177e+05
3,30,20,1.106177e+05
3,30,30,1.106177e+05
3,30,1,2.518666e+05
3,30,2,2.518666e+05
3,30,3,2.518666e+05
3,30,5,2.518666e+05
3,30,10,2.518666e+05
3,30,20,9.339211e+04
3,30,30,6.958301e+04
3,30,1,3.254975e+05
3,30,2,2.015569e+05
3,30,3,1.571251e+05
3,30,5,1.569454e+05
3,30,10,1.521991e+05
3,30,20,9.627617e+04
3,30,30,9.627617e+04
3,30,1,2.671550e+07
3,30,2,2.671550e+07
3,30,3,2.671550e+07
3,30,5,2.671550e+07
3,30,10,1.658187e+05
3,30,20,8.659734e+04
3,30,30,5.662264e+04
3,30,1,4.570483e+05
3,30,2,4.570483e+05
3,30,3,4.570483e+05
3,30,5,4.570483e+05
3,30,10,4.570483e+05
3,30,20,9.117989e+04
3,30,30,6.188243e+04
3,30,1,1.886073e+09
3,30,2,1.886073e+09
3,30,3,1.886073e+09
3,30,5,1.886073e+09
3,30,1,6.997248e+05
3,30,2,6.997248e+05
3,30,3,6.997248e+05
3,30,5,6.997248e+05
3,30,1,2.827113e+06
3,30,2,9.426379e+04
3,30,3,9.426379e+04
3,30,5,9.262000e+04
3,30,1,9.233106e+07
3,30,2,9.233106e+07
3,30,3,9.233106e+07
3,30,5,9.233106e+07
3,30,1,4.491212e+05
3,30,2,4.491212e+05
3,30,3,4.491212e+05
3,30,5,4.491212e+05
3,30,1,9.642074e+04
3,30,2,9.642074e+04
3,30,3,9.642074e+04
3,30,5,9.642074e+04
3,30,1,1.409524e+09
3,30,2,1.409524e+09
3,30,3,1.409524e+09
3,30,5,1.409524e+09
3,30,1,1.529692e+07
3,30,2,1.529692e+07
3,30,3,1.529692e+07
3,30,5,1.529692e+07
3,30,1,2.455243e+08
3,30,2,2.455243e+08
3,30,3,2.455243e+08
3,30,5,2.455243e+08
3,30,1,3.097310e+07
3,30,2,3.097310e+07
3,30,3,3.097310e+07
3,30,5,3.097310e+07
3,30,1,2.221920e+08
3,30,2,2.221920e+08
3,30,3,2.221920e+08
3,30,5,2.221920e+08
3,30,1,1.449139e+05
3,30,2,1.449139e+05
3,30,3,1.449139e+05
3,30,5,1.449139e+05
3,30,1,8.866225e+04
3,30,2,8.866225e+04
3,30,3,8.866225e+04
3,30,5,8.866225e+04
3,30,1,1.622962e+08
3,30,2,1.622962e+08
3,30,3,1.622962e+08
3,30,5,1.622962e+08
3,30,1,1.867917e+06
3,30,2,1.867917e+06
3,30,3,1.867917e+06
3,30,5,1.867917e+06
3,30,1,3.295715e+08
3,30,2,3.295715e+08
3,30,3,3.295715e+08
3,30,5,3.295715e+08
3,30,1,1.020832e+05
3,30,2,1.020832e+05
3,30,3,1.020832e+05
3,30,5,1.020832e+05
3,30,1,3.004808e+06
3,30,2,3.004808e+06
3,30,3,3.004808e+06
3,30,5,3.004808e+06
3,30,1,2.468682e+05
3,30,2,2.468682e+05
3,30,3,2.468682e+05
3,30,5,9.230877e+04
3,30,1,3.894554e+05
3,30,2,3.894554e+05
3,30,3,3.894554e+05
3,30,5,3.894554e+05
3,30,1,9.441133e+06
3,30,2,9.441133e+06
3,30,3,9.441133e+06
3,30,5,9.441133e+06
3,30,1,8.464095e+08
3,30,2,8.464095e+08
3,30,3,8.464095e+08
3,30,5,8.464095e+08
3,30,1,2.340213e+05
3,30,2,2.340213e+05
3,30,3,2.340213e+05
3,30,5,2.340213e+05
3,30,1,2.391660e+07
3,30,2,2.391660e+07
3,30,3,2.391660e+07
3,30,5,2.391660e+07
3,30,1,1.019477e+06
3,30,2,1.019477e+06
3,30,3,1.019477e+06
3,30,5,1.019477e+06
3,30,1,3.898942e+05
3,30,2,3.898942e+05
3,30,3,3.898942e+05
3,30,5,3.898942e+05
3,30,1,3.181823e+05
3,30,2,3.181823e+05
3,30,3,3.181823e+05
3,30,5,8.726033e+04
3,30,1,2.735087e+05
3,30,2,2.735087e+05
3,30,3,2.735087e+05
3,30,5,2.735087e+05
3,30,1,9.666048e+04
3,30,2,9.666048e+04
3,30,3,9.666048e+04
3,30,5,9.666048e+04
3,30,1,2.185123e+06
3,30,2,2.185123e+06
3,30,3,2.185123e+06
3,30,5,1.040491e+05
3,30,1,2.700268e+05
3,30,2,2.700268e+05
3,30,3,2.700268e+05
3,30,5,2.700268e+05
3,30,1,2.340805e+09
3,30,2,2.340805e+09
3,30,3,2.340805e+09
3,30,5,2.340805e+09
3,30,1,4.049300e+06
3,30,2,4.049300e+06
3,30,3,4.049300e+06
3,30,5,4.049300e+06
3,30,1,2.280804e+07
3,30,2,2.280804e+07
3,30,3,2.280804e+07
3,30,5,2.280804e+07
3,30,1,1.085369e+08
3,30,2,1.085369e+08
3,30,3,1.085369e+08
3,30,5,1.085369e+08
3,30,1,4.498217e+06
3,30,2,4.498217e+06
3,30,3,4.498217e+06
3,30,5,4.498217e+06
3,30,1,5.772804e+05
3,30,2,5.772804e+05
3,30,3,5.772804e+05
3,30,5,5.772804e+05
3,30,1,9.962803e+04
3,30,2,9.962803e+04
3,30,3,9.962803e+04
3,30,5,9.962803e+04
3,30,1,3.461237e+08
3,30,2,3.461237e+08
3,30,3,3.461237e+08
3,30,5,3.461237e+08
3,30,1,2.695269e+08
3,30,2,2.695269e+08
3,30,3,2.695269e+08
3,30,5,8.956191e+04
3,30,1,8.686343e+04
3,30,2,8.686343e+04
3,30,3,8.686343e+04
3,30,5,8.686343e+04
3,30,1,1.353140e+07
3,30,2,1.353140e+07
3,30,3,1.353140e+07
3,30,5,1.353140e+07
3,30,1,3.886235e+06
3,30,2,3.886235e+06
3,30,3,3.886235e+06
3,30,5,3.886235e+06
3,30,1,3.239959e+07
3,30,2,3.239959e+07
3,30,3,3.239959e+07
3,30,5,3.239959e+07
3,30,1,1.994202e+05
3,30,2,1.994202e+05
3,30,3,1.994202e+05
3,30,5,1.994202e+05
3,30,1,2.924906e+05
3,30,2,1.048310e+05
3,30,3,9.229249e+04
3,30,5,9.229249e+04
3,30,1,2.081744e+05
3,30,2,2.081744e+05
3,30,3,2.081744e+05
3,30,5,9.218803e+04
3,30,1,3.303549e+06
3,30,2,3.303549e+06
3,30,3,3.303549e+06
3,30,5,3.303549e+06
3,30,1,3.091766e+05
3,30,2,3.091766e+05
3,30,3,3.091766e+05
3,30,5,3.091766e+05
3,30,1,7.079939e+08
3,30,2,7.079939e+08
3,30,3,7.079939e+08
3,30,5,7.079939e+08
3,30,1,8.341132e+06
3,30,2,8.341132e+06
3,30,3,8.341132e+06
3,30,5,8.341132e+06
