funcid,dim,milestone,error
25,30,1,6.657005e+03
25,30,2,5.432874e+03
25,30,3,4.598035e+03
25,30,5,4.598035e+03
25,30,10,3.664569e+03
25,30,20,3.491389e+03
25,30,30,3.491389e+03
25,30,40,2.774640e+03
25,30,50,2.774640e+03
25,30,1,2.228704e+04
25,30,2,2.228704e+04
25,30,3,2.228704e+04
25,30,5,2.228704e+04
25,30,10,2.228704e+04
25,30,20,2.228704e+04
25,30,30,3.644976e+03
25,30,40,3.644976e+03
25,30,50,8.780323e+02
25,30,1,6.594756e+03
25,30,2,6.586831e+03
25,30,3,6.467136e+03
25,30,5,6.436631e+03
25,30,10,6.222722e+03
25,30,20,6.222722e+03
25,30,30,6.222722e+03
25,30,40,6.222722e+03
25,30,50,6.222722e+03
25,30,1,1.930128e+04
25,30,2,1.930128e+04
25,30,3,1.930128e+04
25,30,5,1.930128e+04
25,30,10,1.930128e+04
25,30,20,1.930128e+04
25,30,30,1.930128e+04
25,30,40,1.930128e+04
25,30,50,1.930128e+04
25,30,1,3.353811e+04
25,30,2,1.739907e+04
25,30,3,8.621754e+03
25,30,5,8.621754e+03
25,30,10,8.621754e+03
25,30,20,8.621754e+03
25,30,30,8.621754e+03
25,30,40,8.621754e+03
25,30,50,8.621754e+03
25,30,1,1.164327e+04
25,30,2,8.870324e+03
25,30,3,8.870324e+03
25,30,5,8.870324e+03
25,30,10,3.704375e+03
25,30,20,2.335980e+03
25,30,30,2.335980e+03
25,30,40,2.335980e+03
25,30,50,2.335980e+03
25,30,1,1.374541e+04
25,30,2,1.374541e+04
25,30,3,1.374541e+04
25,30,5,1.374541e+04
25,30,10,1.374541e+04
25,30,20,1.374541e+04
25,30,30,1.374541e+04
25,30,40,1.374541e+04
25,30,50,1.374541e+04
25,30,1,5.007994e+03
25,30,2,5.007994e+03
25,30,3,5.007994e+03
25,30,5,5.007994e+03
25,30,10,5.007994e+03
25,30,20,5.007994e+03
25,30,30,5.007994e+03
25,30,40,1.179278e+03
25,30,50,1.093039e+03
25,30,1,5.787894e+03
25,30,2,5.787894e+03
25,30,3,5.787894e+03
25,30,5,5.787894e+03
25,30,10,5.787894e+03
25,30,20,5.787894e+03
25,30,30,5.787894e+03
25,30,40,1.321218e+03
25,30,50,8.203978e+02
25,30,1,6.911358e+03
25,30,2,6.911358e+03
25,30,3,6.911358e+03
25,30,5,6.911358e+03
25,30,10,6.911358e+03
25,30,20,6.911358e+03
25,30,30,6.911358e+03
25,30,40,6.911358e+03
25,30,50,6.911358e+03
25,30,1,5.492461e+03
25,30,2,3.211392e+03
25,30,3,3.211392e+03
25,30,5,3.211392e+03
25,30,10,3.211392e+03
25,30,20,3.211392e+03
25,30,30,3.211392e+03
25,30,40,3.211392e+03
25,30,50,3.211392e+03
25,30,1,1.219192e+04
25,30,2,1.219192e+04
25,30,3,1.219192e+04
25,30,5,1.219192e+04
25,30,10,1.219192e+04
25,30,20,1.219192e+04
25,30,30,4.495082e+03
25,30,40,1.446782e+03
25,30,50,5.864437e+02
25,30,1,9.377188e+03
25,30,2,6.755163e+03
25,30,3,6.755163e+03
25,30,5,6.755163e+03
25,30,10,6.755163e+03
25,30,20,6.755163e+03
25,30,30,6.755163e+03
25,30,40,6.755163e+03
25,30,50,6.755163e+03
25,30,1,1.138904e+04
25,30,2,1.001046e+04
25,30,3,6.480501e+03
25,30,5,4.176006e+03
25,30,10,4.176006e+03
25,30,20,4.176006e+03
25,30,30,4.176006e+03
25,30,40,4.176006e+03
25,30,50,4.176006e+03
25,30,1,1.169923e+04
25,30,2,1.169923e+04
25,30,3,1.169923e+04
25,30,5,1.169923e+04
25,30,10,1.169923e+04
25,30,20,1.169923e+04
25,30,30,1.169923e+04
25,30,40,1.169923e+04
25,30,50,1.169923e+04
25,30,1,1.751585e+04
25,30,2,1.751585e+04
25,30,3,1.751585e+04
25,30,5,6.544329e+03
25,30,10,6.544329e+03
25,30,20,6.544329e+03
25,30,30,6.544329e+03
25,30,40,1.257918e+03
25,30,50,5.935861e+02
25,30,1,1.648538e+04
25,30,2,1.648538e+04
25,30,3,1.648538e+04
25,30,5,1.648538e+04
25,30,10,6.518658e+03
25,30,20,6.518658e+03
25,30,30,6.518658e+03
25,30,40,6.518658e+03
25,30,50,6.518658e+03
25,30,1,1.042528e+04
25,30,2,1.042528e+04
25,30,3,1.042528e+04
25,30,5,1.042528e+04
25,30,10,1.042528e+04
25,30,20,1.042528e+04
25,30,30,1.042528e+04
25,30,40,1.911538e+03
25,30,50,6.436344e+02
25,30,1,1.177580e+04
25,30,2,1.177580e+04
25,30,3,1.177580e+04
25,30,5,1.177580e+04
25,30,10,1.177580e+04
25,30,20,1.177580e+04
25,30,30,1.177580e+04
25,30,40,8.510789e+02
25,30,50,5.149407e+02
25,30,1,5.280694e+03
25,30,2,5.150954e+03
25,30,3,5.150954e+03
25,30,5,5.150954e+03
25,30,10,5.150954e+03
25,30,20,5.150954e+03
25,30,30,1.127742e+03
25,30,40,1.127742e+03
25,30,50,1.127742e+03
25,30,1,2.560641e+03
25,30,2,2.560641e+03
25,30,3,2.560641e+03
25,30,5,2.560641e+03
25,30,10,2.560641e+03
25,30,20,2.560641e+03
25,30,30,2.560641e+03
25,30,40,2.560641e+03
25,30,50,2.560641e+03
25,30,1,2.288809e+04
25,30,2,1.628637e+04
25,30,3,3.553551e+03
25,30,5,3.553551e+03
25,30,10,3.553551e+03
25,30,20,3.553551e+03
25,30,30,3.553551e+03
25,30,40,3.553551e+03
25,30,50,3.553551e+03
25,30,1,5.038396e+03
25,30,2,5.038396e+03
25,30,3,5.038396e+03
25,30,5,5.038396e+03
25,30,10,5.038396e+03
25,30,20,5.038396e+03
25,30,30,5.038396e+03
25,30,40,2.243295e+03
25,30,50,6.070023e+02
25,30,1,1.261943e+04
25,30,2,5.885114e+03
25,30,3,4.936695e+03
25,30,5,4.936695e+03
25,30,10,4.936695e+03
25,30,20,4.936695e+03
25,30,30,4.936695e+03
25,30,40,4.936695e+03
25,30,50,4.936695e+03
25,30,1,8.046791e+03
25,30,2,8.046791e+03
25,30,3,8.046791e+03
25,30,5,8.046791e+03
25,30,10,8.046791e+03
25,30,20,8.046791e+03
25,30,30,8.046791e+03
25,30,40,8.046791e+03
25,30,50,8.046791e+03
25,30,1,3.002706e+03
25,30,2,3.002706e+03
25,30,3,3.002706e+03
25,30,5,3.002706e+03
25,30,10,3.002706e+03
25,30,20,3.002706e+03
25,30,30,3.002706e+03
25,30,40,3.002706e+03
25,30,50,1.578480e+03
25,30,1,4.491737e+03
25,30,2,4.491737e+03
25,30,3,4.491737e+03
25,30,5,4.491737e+03
25,30,10,4.491737e+03
25,30,20,4.491737e+03
25,30,30,4.491737e+03
25,30,40,3.881509e+03
25,30,50,6.296966e+02
25,30,1,1.526653e+04
25,30,2,7.395528e+03
25,30,3,7.395528e+03
25,30,5,6.705459e+03
25,30,10,6.705459e+03
25,30,20,6.705459e+03
25,30,30,6.705459e+03
25,30,40,6.705459e+03
25,30,50,6.705459e+03
25,30,1,1.979869e+04
25,30,2,1.979869e+04
25,30,3,3.686176e+03
25,30,5,3.682136e+03
25,30,10,3.609498e+03
25,30,20,3.609498e+03
25,30,30,3.609498e+03
25,30,40,3.609498e+03
25,30,50,8.328573e+02
25,30,1,5.166030e+03
25,30,2,5.166030e+03
25,30,3,5.166030e+03
25,30,5,5.166030e+03
25,30,10,5.166030e+03
25,30,20,5.166030e+03
25,30,30,5.166030e+03
25,30,40,5.166030e+03
25,30,50,6.512535e+02
25,30,1,7.451335e+03
25,30,2,5.398677e+03
25,30,3,5.398677e+03
25,30,5,3.633184e+03
25,30,10,3.633184e+03
25,30,20,3.633184e+03
25,30,30,3.633184e+03
25,30,40,1.086385e+03
25,30,50,5.248137e+02
25,30,1,2.049348e+04
25,30,2,4.321921e+03
25,30,3,4.277759e+03
25,30,5,4.277759e+03
25,30,10,4.277759e+03
25,30,20,4.277759e+03
25,30,30,4.277759e+03
25,30,40,4.277759e+03
25,30,50,7.775712e+02
25,30,1,5.263902e+03
25,30,2,5.263902e+03
25,30,3,5.263902e+03
25,30,5,5.263902e+03
25,30,10,5.263902e+03
25,30,20,5.263902e+03
25,30,30,5.263902e+03
25,30,40,2.616317e+03
25,30,50,7.108006e+02
25,30,1,3.726987e+03
25,30,2,3.688651e+03
25,30,3,3.688651e+03
25,30,5,3.688651e+03
25,30,10,3.688651e+03
25,30,20,3.688651e+03
25,30,30,3.688651e+03
25,30,40,3.688651e+03
25,30,50,3.688651e+03
25,30,1,4.820790e+03
25,30,2,4.820790e+03
25,30,3,4.820790e+03
25,30,5,4.820790e+03
25,30,10,4.820790e+03
25,30,20,4.820790e+03
25,30,30,2.231995e+03
25,30,40,1.854789e+03
25,30,50,1.216974e+03
25,30,1,2.213364e+04
25,30,2,2.213364e+04
25,30,3,2.213364e+04
25,30,5,2.213364e+04
25,30,10,2.213364e+04
25,30,20,6.251243e+03
25,30,30,6.251243e+03
25,30,40,1.272334e+03
25,30,50,1.122536e+03
25,30,1,1.426100e+04
25,30,2,1.426100e+04
25,30,3,1.426100e+04
25,30,5,1.426100e+04
25,30,10,1.426100e+04
25,30,20,1.426100e+04
25,30,30,1.426100e+04
25,30,40,1.426100e+04
25,30,50,8.789126e+02
25,30,1,1.245592e+04
25,30,2,1.245592e+04
25,30,3,1.245592e+04
25,30,5,1.245592e+04
25,30,10,1.245592e+04
25,30,20,1.245592e+04
25,30,30,1.245592e+04
25,30,40,1.245592e+04
25,30,50,1.245592e+04
25,30,1,6.644545e+03
25,30,2,6.644545e+03
25,30,3,6.644545e+03
25,30,5,6.644545e+03
25,30,10,6.644545e+03
25,30,20,6.644545e+03
25,30,30,6.644545e+03
25,30,40,6.644545e+03
25,30,50,6.644545e+03
25,30,1,5.259768e+03
25,30,2,5.259768e+03
25,30,3,5.259768e+03
25,30,5,4.011303e+03
25,30,10,3.187206e+03
25,30,20,3.187206e+03
25,30,30,3.187206e+03
25,30,40,3.187206e+03
25,30,50,6.667602e+02
25,30,1,1.730768e+04
25,30,2,1.730768e+04
25,30,3,1.373012e+04
25,30,5,3.759073e+03
25,30,10,3.759073e+03
25,30,20,3.759073e+03
25,30,30,3.759073e+03
25,30,40,3.759073e+03
25,30,50,3.759073e+03
25,30,1,4.801424e+03
25,30,2,4.797360e+03
25,30,3,4.797360e+03
25,30,5,4.797360e+03
25,30,10,4.797360e+03
25,30,20,4.797360e+03
25,30,30,4.379706e+03
25,30,40,1.599046e+03
25,30,50,7.565013e+02
25,30,1,3.267411e+03
25,30,2,3.267411e+03
25,30,3,3.267411e+03
25,30,5,3.267411e+03
25,30,10,3.267411e+03
25,30,20,3.267411e+03
25,30,30,3.267411e+03
25,30,40,3.267411e+03
25,30,50,3.267411e+03
25,30,1,1.233553e+04
25,30,2,1.233553e+04
25,30,3,9.602781e+03
25,30,5,9.602781e+03
25,30,10,9.602781e+03
25,30,20,9.602781e+03
25,30,30,9.602781e+03
25,30,40,9.602781e+03
25,30,50,9.602781e+03
25,30,1,4.902206e+03
25,30,2,4.138701e+03
25,30,3,4.138701e+03
25,30,5,4.138701e+03
25,30,10,4.138701e+03
25,30,20,4.138701e+03
25,30,30,2.964114e+03
25,30,40,9.827957e+02
25,30,50,9.827957e+02
25,30,1,1.277231e+04
25,30,2,1.277231e+04
25,30,3,1.277231e+04
25,30,5,1.277231e+04
25,30,10,1.277231e+04
25,30,20,1.277231e+04
25,30,30,1.277231e+04
25,30,40,1.277231e+04
25,30,50,1.277231e+04
25,30,1,5.834365e+03
25,30,2,5.360019e+03
25,30,3,4.902844e+03
25,30,5,4.902844e+03
25,30,10,4.340308e+03
25,30,20,4.340308e+03
25,30,30,4.340308e+03
25,30,40,8.796201e+02
25,30,50,6.387759e+02
25,30,1,3.035580e+03
25,30,2,2.692508e+03
25,30,3,2.607541e+03
25,30,5,2.607541e+03
25,30,10,2.607541e+03
25,30,20,2.607541e+03
25,30,30,2.607541e+03
25,30,40,2.607541e+03
25,30,50,2.607541e+03
25,30,1,1.225484e+04
25,30,2,5.245256e+03
25,30,3,4.527506e+03
25,30,5,4.395381e+03
25,30,10,4.395381e+03
25,30,20,4.395381e+03
25,30,30,3.585696e+03
25,30,40,1.159846e+03
25,30,50,7.329896e+02
25,30,1,3.950289e+03
25,30,2,3.950289e+03
25,30,3,3.950289e+03
25,30,5,3.950289e+03
25,30,10,3.950289e+03
25,30,20,3.950289e+03
25,30,30,3.950289e+03
25,30,40,3.588093e+03
25,30,50,6.430949e+02
25,30,1,4.052081e+03
25,30,2,4.052081e+03
25,30,3,4.052081e+03
25,30,5,4.052081e+03
25,30,10,4.052081e+03
25,30,20,4.052081e+03
25,30,30,4.052081e+03
25,30,40,4.052081e+03
25,30,50,1.354114e+03
