funcid,dim,milestone,error
14,30,1,5.357627e+06
14,30,2,5.357627e+06
14,30,3,5.357627e+06
14,30,5,5.357627e+06
14,30,10,5.357627e+06
14,30,20,5.357627e+06
14,30,30,5.357627e+06
14,30,40,5.357627e+06
14,30,50,5.357627e+06
14,30,1,2.467801e+07
14,30,2,2.467801e+07
14,30,3,2.467801e+07
14,30,5,2.467801e+07
14,30,10,2.467801e+07
14,30,20,2.467801e+07
14,30,30,2.467801e+07
14,30,40,2.467801e+07
14,30,50,2.467801e+07
14,30,1,3.419302e+07
14,30,2,3.419302e+07
14,30,3,3.419302e+07
14,30,5,3.419302e+07
14,30,10,3.419302e+07
14,30,20,3.419302e+07
14,30,30,3.419302e+07
14,30,40,3.419302e+07
14,30,50,3.419302e+07
14,30,1,1.317123e+07
14,30,2,1.317123e+07
14,30,3,1.317123e+07
14,30,5,1.317123e+07
14,30,10,1.317123e+07
14,30,20,1.317123e+07
14,30,30,1.317123e+07
14,30,40,1.317123e+07
14,30,50,1.317123e+07
14,30,1,1.594619e+07
14,30,2,1.594619e+07
14,30,3,1.594619e+07
14,30,5,1.594619e+07
14,30,10,1.594619e+07
14,30,20,1.594619e+07
14,30,30,1.594619e+07
14,30,40,1.594619e+07
14,30,50,1.594619e+07
14,30,1,3.208697e+07
14,30,2,3.208697e+07
14,30,3,3.208697e+07
14,30,5,3.208697e+07
14,30,10,3.208697e+07
14,30,20,3.208697e+07
14,30,30,3.208697e+07
14,30,40,3.208697e+07
14,30,50,3.208697e+07
14,30,1,1.308285e+08
14,30,2,1.011330e+07
14,30,3,1.011330e+07
14,30,5,1.011330e+07
14,30,10,1.011330e+07
14,30,20,1.011330e+07
14,30,30,1.011330e+07
14,30,40,1.011330e+07
14,30,50,1.011330e+07
14,30,1,1.564847e+07
14,30,2,1.564847e+07
14,30,3,1.564847e+07
14,30,5,1.564847e+07
14,30,10,1.564847e+07
14,30,20,1.564847e+07
14,30,30,1.564847e+07
14,30,40,1.173639e+07
14,30,50,1.173639e+07
14,30,1,6.271133e+07
14,30,2,6.271133e+07
14,30,3,6.271133e+07
14,30,5,6.271133e+07
14,30,10,6.271133e+07
14,30,20,6.271133e+07
14,30,30,6.271133e+07
14,30,40,6.271133e+07
14,30,50,6.271133e+07
14,30,1,9.162363e+07
14,30,2,7.636639e+07
14,30,3,7.636639e+07
14,30,5,7.636639e+07
14,30,10,7.636639e+07
14,30,20,7.636639e+07
14,30,30,7.636639e+07
14,30,40,7.636639e+07
14,30,50,7.636639e+07
14,30,1,3.051977e+07
14,30,2,3.051977e+07
14,30,3,3.051977e+07
14,30,5,3.051977e+07
14,30,10,3.051977e+07
14,30,20,3.051977e+07
14,30,30,3.051977e+07
14,30,40,3.051977e+07
14,30,50,3.051977e+07
14,30,1,4.972171e+07
14,30,2,4.972171e+07
14,30,3,4.972171e+07
14,30,5,4.972171e+07
14,30,10,4.972171e+07
14,30,20,4.972171e+07
14,30,30,4.972171e+07
14,30,40,4.972171e+07
14,30,50,4.972171e+07
14,30,1,2.753567e+07
14,30,2,2.753567e+07
14,30,3,2.753567e+07
14,30,5,2.753567e+07
14,30,10,2.753567e+07
14,30,20,2.753567e+07
14,30,30,2.753567e+07
14,30,40,2.753567e+07
14,30,50,2.753567e+07
14,30,1,1.503413e+07
14,30,2,1.503413e+07
14,30,3,1.503413e+07
14,30,5,1.503413e+07
14,30,10,1.503413e+07
14,30,20,1.503413e+07
14,30,30,1.503413e+07
14,30,40,1.503413e+07
14,30,50,1.503413e+07
14,30,1,2.083852e+07
14,30,2,2.083852e+07
14,30,3,2.083852e+07
14,30,5,2.083852e+07
14,30,10,2.083852e+07
14,30,20,2.083852e+07
14,30,30,2.083852e+07
14,30,40,2.083852e+07
14,30,50,2.083852e+07
14,30,1,1.017754e+08
14,30,2,1.017754e+08
14,30,3,1.017754e+08
14,30,5,1.017754e+08
14,30,10,1.017754e+08
14,30,20,1.017754e+08
14,30,30,1.017754e+08
14,30,40,1.017754e+08
14,30,50,1.017754e+08
14,30,1,6.298432e+07
14,30,2,6.298432e+07
14,30,3,6.298432e+07
14,30,5,6.298432e+07
14,30,10,6.298432e+07
14,30,20,6.298432e+07
14,30,30,6.298432e+07
14,30,40,6.298432e+07
14,30,50,6.298432e+07
14,30,1,1.853063e+08
14,30,2,1.853063e+08
14,30,3,1.853063e+08
14,30,5,1.853063e+08
14,30,10,1.853063e+08
14,30,20,1.853063e+08
14,30,30,1.853063e+08
14,30,40,1.853063e+08
14,30,50,1.146746e+06
14,30,1,2.059350e+07
14,30,2,8.169897e+06
14,30,3,8.169897e+06
14,30,5,8.169897e+06
14,30,10,8.169897e+06
14,30,20,8.169897e+06
14,30,30,8.169897e+06
14,30,40,8.169897e+06
14,30,50,8.169897e+06
14,30,1,1.978593e+07
14,30,2,1.978593e+07
14,30,3,1.978593e+07
14,30,5,1.978593e+07
14,30,10,1.978593e+07
14,30,20,1.978593e+07
14,30,30,1.978593e+07
14,30,40,1.978593e+07
14,30,50,1.978593e+07
14,30,1,5.011220e+07
14,30,2,5.011220e+07
14,30,3,5.011220e+07
14,30,5,5.011220e+07
14,30,10,5.011220e+07
14,30,20,5.011220e+07
14,30,30,5.011220e+07
14,30,40,5.011220e+07
14,30,50,9.200363e+06
14,30,1,3.350945e+07
14,30,2,3.350945e+07
14,30,3,3.350945e+07
14,30,5,3.350945e+07
14,30,10,3.350945e+07
14,30,20,3.350945e+07
14,30,30,3.350945e+07
14,30,40,3.350945e+07
14,30,50,3.350945e+07
14,30,1,7.123335e+06
14,30,2,7.123335e+06
14,30,3,7.123335e+06
14,30,5,7.123335e+06
14,30,10,7.123335e+06
14,30,20,7.123335e+06
14,30,30,7.123335e+06
14,30,40,7.123335e+06
14,30,50,7.123335e+06
14,30,1,7.048828e+07
14,30,2,7.048828e+07
14,30,3,7.048828e+07
14,30,5,7.048828e+07
14,30,10,7.048828e+07
14,30,20,7.048828e+07
14,30,30,7.048828e+07
14,30,40,7.048828e+07
14,30,50,7.048828e+07
14,30,1,6.163427e+06
14,30,2,6.163427e+06
14,30,3,6.163427e+06
14,30,5,6.163427e+06
14,30,10,6.163427e+06
14,30,20,6.163427e+06
14,30,30,6.163427e+06
14,30,40,6.163427e+06
14,30,50,6.163427e+06
14,30,1,1.770557e+08
14,30,2,1.770557e+08
14,30,3,1.770557e+08
14,30,5,1.770557e+08
14,30,10,1.770557e+08
14,30,20,1.770557e+08
14,30,30,1.770557e+08
14,30,40,6.527232e+07
14,30,50,1.195162e+06
14,30,1,1.393836e+07
14,30,2,1.393836e+07
14,30,3,1.393836e+07
14,30,5,1.393836e+07
14,30,10,1.393836e+07
14,30,20,1.393836e+07
14,30,30,1.393836e+07
14,30,40,1.393836e+07
14,30,50,1.393836e+07
14,30,1,2.470987e+07
14,30,2,2.470987e+07
14,30,3,2.470987e+07
14,30,5,2.470987e+07
14,30,10,2.470987e+07
14,30,20,2.470987e+07
14,30,30,2.470987e+07
14,30,40,2.470987e+07
14,30,50,2.470987e+07
14,30,1,1.322211e+08
14,30,2,1.322211e+08
14,30,3,1.322211e+08
14,30,5,1.322211e+08
14,30,10,1.322211e+08
14,30,20,1.322211e+08
14,30,30,1.322211e+08
14,30,40,1.322211e+08
14,30,50,1.322211e+08
14,30,1,2.683833e+06
14,30,2,2.683833e+06
14,30,3,2.683833e+06
14,30,5,2.683833e+06
14,30,10,2.683833e+06
14,30,20,2.683833e+06
14,30,30,2.683833e+06
14,30,40,2.683833e+06
14,30,50,2.683833e+06
14,30,1,5.638962e+07
14,30,2,5.638962e+07
14,30,3,5.638962e+07
14,30,5,5.638962e+07
14,30,10,5.638962e+07
14,30,20,5.638962e+07
14,30,30,5.638962e+07
14,30,40,5.638962e+07
14,30,50,5.638962e+07
14,30,1,4.783226e+07
14,30,2,4.783226e+07
14,30,3,4.783226e+07
14,30,5,4.783226e+07
14,30,10,4.783226e+07
14,30,20,4.783226e+07
14,30,30,4.783226e+07
14,30,40,4.783226e+07
14,30,50,4.783226e+07
14,30,1,9.258806e+07
14,30,2,9.258806e+07
14,30,3,9.258806e+07
14,30,5,9.258806e+07
14,30,10,9.258806e+07
14,30,20,9.258806e+07
14,30,30,9.258806e+07
14,30,40,9.258806e+07
14,30,50,9.258806e+07
14,30,1,6.188932e+07
14,30,2,6.188932e+07
14,30,3,6.188932e+07
14,30,5,6.188932e+07
14,30,10,6.188932e+07
14,30,20,6.188932e+07
14,30,30,6.188932e+07
14,30,40,6.188932e+07
14,30,50,6.188932e+07
14,30,1,6.773452e+07
14,30,2,6.773452e+07
14,30,3,6.773452e+07
14,30,5,6.773452e+07
14,30,10,6.773452e+07
14,30,20,6.773452e+07
14,30,30,6.773452e+07
14,30,40,6.773452e+07
14,30,50,6.773452e+07
14,30,1,1.609546e+08
14,30,2,1.609546e+08
14,30,3,1.609546e+08
14,30,5,1.609546e+08
14,30,10,1.609546e+08
14,30,20,1.609546e+08
14,30,30,1.609546e+08
14,30,40,1.609546e+08
14,30,50,1.609546e+08
14,30,1,3.009281e+07
14,30,2,3.009281e+07
14,30,3,3.009281e+07
14,30,5,3.009281e+07
14,30,10,3.009281e+07
14,30,20,3.009281e+07
14,30,30,3.009281e+07
14,30,40,3.009281e+07
14,30,50,3.009281e+07
14,30,1,2.688648e+07
14,30,2,2.688648e+07
14,30,3,2.688648e+07
14,30,5,2.688648e+07
14,30,10,2.688648e+07
14,30,20,2.688648e+07
14,30,30,2.688648e+07
14,30,40,2.688648e+07
14,30,50,2.688648e+07
14,30,1,6.388082e+07
14,30,2,6.388082e+07
14,30,3,6.388082e+07
14,30,5,6.388082e+07
14,30,10,6.388082e+07
14,30,20,6.388082e+07
14,30,30,6.388082e+07
14,30,40,6.388082e+07
14,30,50,3.762309e+07
14,30,1,1.906955e+07
14,30,2,1.906955e+07
14,30,3,1.906955e+07
14,30,5,1.906955e+07
14,30,10,1.906955e+07
14,30,20,1.906955e+07
14,30,30,1.906955e+07
14,30,40,1.906955e+07
14,30,50,1.906955e+07
14,30,1,5.431753e+07
14,30,2,5.431753e+07
14,30,3,5.431753e+07
14,30,5,5.431753e+07
14,30,10,5.431753e+07
14,30,20,5.431753e+07
14,30,30,5.431753e+07
14,30,40,5.431753e+07
14,30,50,5.431753e+07
14,30,1,1.174547e+07
14,30,2,1.174547e+07
14,30,3,1.174547e+07
14,30,5,1.174547e+07
14,30,10,1.174547e+07
14,30,20,1.174547e+07
14,30,30,1.174547e+07
14,30,40,1.174547e+07
14,30,50,1.174547e+07
14,30,1,2.403330e+07
14,30,2,2.403330e+07
14,30,3,2.403330e+07
14,30,5,2.403330e+07
14,30,10,2.403330e+07
14,30,20,2.403330e+07
14,30,30,2.403330e+07
14,30,40,2.403330e+07
14,30,50,2.403330e+07
14,30,1,7.959976e+06
14,30,2,7.959976e+06
14,30,3,7.959976e+06
14,30,5,7.959976e+06
14,30,10,7.959976e+06
14,30,20,7.959976e+06
14,30,30,7.959976e+06
14,30,40,7.959976e+06
14,30,50,7.959976e+06
14,30,1,1.100608e+07
14,30,2,1.100608e+07
14,30,3,1.100608e+07
14,30,5,1.100608e+07
14,30,10,1.100608e+07
14,30,20,1.100608e+07
14,30,30,1.100608e+07
14,30,40,1.100608e+07
14,30,50,1.100608e+07
14,30,1,3.945550e+07
14,30,2,3.945550e+07
14,30,3,3.945550e+07
14,30,5,3.945550e+07
14,30,10,3.945550e+07
14,30,20,3.945550e+07
14,30,30,3.945550e+07
14,30,40,3.945550e+07
14,30,50,3.945550e+07
14,30,1,1.090852e+07
14,30,2,1.090852e+07
14,30,3,1.090852e+07
14,30,5,1.090852e+07
14,30,10,1.090852e+07
14,30,20,1.090852e+07
14,30,30,1.090852e+07
14,30,40,1.090852e+07
14,30,50,1.090852e+07
14,30,1,8.442454e+07
14,30,2,8.442454e+07
14,30,3,8.442454e+07
14,30,5,8.442454e+07
14,30,10,8.442454e+07
14,30,20,8.442454e+07
14,30,30,8.442454e+07
14,30,40,8.442454e+07
14,30,50,8.442454e+07
14,30,1,1.164196e+08
14,30,2,1.164196e+08
14,30,3,1.164196e+08
14,30,5,1.164196e+08
14,30,10,1.164196e+08
14,30,20,1.164196e+08
14,30,30,1.164196e+08
14,30,40,1.164196e+08
14,30,50,7.205971e+06
14,30,1,3.981363e+06
14,30,2,3.981363e+06
14,30,3,3.981363e+06
14,30,5,3.981363e+06
14,30,10,3.981363e+06
14,30,20,3.981363e+06
14,30,30,3.981363e+06
14,30,40,3.981363e+06
14,30,50,3.981363e+06
14,30,1,8.006748e+07
14,30,2,1.201723e+07
14,30,3,1.201723e+07
14,30,5,1.201723e+07
14,30,10,1.201723e+07
14,30,20,1.201723e+07
14,30,30,1.201723e+07
14,30,40,1.201723e+07
14,30,50,1.201723e+07
14,30,1,7.985883e+06
14,30,2,7.985883e+06
14,30,3,7.985883e+06
14,30,5,7.985883e+06
14,30,10,7.985883e+06
14,30,20,7.985883e+06
14,30,30,7.985883e+06
14,30,40,7.985883e+06
14,30,50,7.985883e+06
14,30,1,6.447620e+07
14,30,2,6.447620e+07
14,30,3,6.447620e+07
14,30,5,6.447620e+07
14,30,10,6.447620e+07
14,30,20,6.447620e+07
14,30,30,6.447620e+07
14,30,40,6.447620e+07
14,30,50,6.447620e+07
14,30,1,8.223811e+07
14,30,2,8.223811e+07
14,30,3,8.223811e+07
14,30,5,8.223811e+07
14,30,10,8.223811e+07
14,30,20,8.223811e+07
14,30,30,8.223811e+07
14,30,40,8.223811e+07
14,30,50,8.223811e+07
14,30,1,3.340586e+07
14,30,2,3.340586e+07
14,30,3,3.340586e+07
14,30,5,3.340586e+07
14,30,10,3.340586e+07
14,30,20,3.340586e+07
14,30,30,3.340586e+07
14,30,40,3.340586e+07
14,30,50,3.340586e+07
14,30,1,1.372457e+06
14,30,2,1.372457e+06
14,30,3,1.372457e+06
14,30,5,1.372457e+06
14,30,10,1.372457e+06
14,30,20,1.372457e+06
14,30,30,1.372457e+06
14,30,40,1.372457e+06
14,30,50,1.372457e+06
14,30,1,9.779018e+07
14,30,2,9.779018e+07
14,30,3,9.779018e+07
14,30,5,9.779018e+07
14,30,10,9.779018e+07
14,30,20,9.779018e+07
14,30,30,9.779018e+07
14,30,40,9.779018e+07
14,30,50,9.779018e+07
14,30,1,1.585279e+08
14,30,2,1.585279e+08
14,30,3,1.585279e+08
14,30,5,1.585279e+08
14,30,10,1.585279e+08
14,30,20,1.585279e+08
14,30,30,1.585279e+08
14,30,40,1.585279e+08
14,30,50,1.721904e+06
14,30,1,9.765753e+06
14,30,2,9.765753e+06
14,30,3,9.765753e+06
14,30,5,9.765753e+06
14,30,10,9.765753e+06
14,30,20,9.765753e+06
14,30,30,9.765753e+06
14,30,40,9.765753e+06
14,30,50,9.765753e+06
14,30,1,2.678959e+07
14,30,2,2.678959e+07
14,30,3,2.678959e+07
14,30,5,2.678959e+07
14,30,10,2.678959e+07
14,30,20,2.678959e+07
14,30,30,2.678959e+07
14,30,40,2.678959e+07
14,30,50,2.678959e+07
14,30,1,5.008576e+07
14,30,2,5.008576e+07
14,30,3,5.008576e+07
14,30,5,5.008576e+07
14,30,10,5.008576e+07
14,30,20,5.008576e+07
14,30,30,5.008576e+07
14,30,40,5.008576e+07
14,30,50,5.008576e+07
14,30,1,1.103591e+08
14,30,2,1.103591e+08
14,30,3,1.103591e+08
14,30,5,1.103591e+08
14,30,10,1.103591e+08
14,30,20,1.103591e+08
14,30,30,1.103591e+08
14,30,40,1.103591e+08
14,30,50,1.147752e+07
14,30,1,8.784674e+06
14,30,2,8.784674e+06
14,30,3,8.784674e+06
14,30,5,8.784674e+06
14,30,10,8.784674e+06
14,30,20,8.784674e+06
14,30,30,8.784674e+06
14,30,40,8.784674e+06
14,30,50,8.784674e+06
14,30,1,3.960628e+07
14,30,2,3.960628e+07
14,30,3,3.960628e+07
14,30,5,3.960628e+07
14,30,10,3.960628e+07
14,30,20,3.960628e+07
14,30,30,3.960628e+07
14,30,40,3.960628e+07
14,30,50,2.546159e+07
14,30,1,5.341466e+07
14,30,2,5.341466e+07
14,30,3,5.341466e+07
14,30,5,5.341466e+07
14,30,10,5.341466e+07
14,30,20,5.341466e+07
14,30,30,5.341466e+07
14,30,40,5.341466e+07
14,30,50,3.654454e+06
14,30,1,1.255704e+08
14,30,2,1.255704e+08
14,30,3,5.293583e+07
14,30,5,5.163343e+07
14,30,10,4.535678e+07
14,30,20,4.535678e+07
14,30,30,4.535678e+07
14,30,40,4.038068e+06
14,30,50,1.290059e+06
14,30,1,3.221936e+07
14,30,2,3.221936e+07
14,30,3,3.221936e+07
14,30,5,3.221936e+07
14,30,10,3.221936e+07
14,30,20,3.221936e+07
14,30,30,3.221936e+07
14,30,40,3.221936e+07
14,30,50,1.016705e+06
14,30,1,7.449520e+07
14,30,2,7.449520e+07
14,30,3,7.449520e+07
14,30,5,7.449520e+07
14,30,10,7.449520e+07
14,30,20,7.449520e+07
14,30,30,7.449520e+07
14,30,40,7.449520e+07
14,30,50,7.449520e+07
14,30,1,2.924508e+07
14,30,2,2.924508e+07
14,30,3,2.924508e+07
14,30,5,2.924508e+07
14,30,10,2.924508e+07
14,30,20,2.924508e+07
14,30,30,2.924508e+07
14,30,40,2.924508e+07
14,30,50,2.924508e+07
14,30,1,3.574772e+07
14,30,2,3.574772e+07
14,30,3,3.574772e+07
14,30,5,3.574772e+07
14,30,10,3.574772e+07
14,30,20,3.574772e+07
14,30,30,3.574772e+07
14,30,40,3.574772e+07
14,30,50,3.574772e+07
14,30,1,5.539759e+07
14,30,2,5.539759e+07
14,30,3,5.539759e+07
14,30,5,5.539759e+07
14,30,10,5.539759e+07
14,30,20,5.539759e+07
14,30,30,5.539759e+07
14,30,40,5.539759e+07
14,30,50,5.539759e+07
14,30,1,2.136418e+07
14,30,2,2.136418e+07
14,30,3,2.136418e+07
14,30,5,2.136418e+07
14,30,10,2.136418e+07
14,30,20,2.136418e+07
14,30,30,2.136418e+07
14,30,40,2.136418e+07
14,30,50,2.136418e+07
14,30,1,7.527580e+07
14,30,2,7.296447e+07
14,30,3,7.142830e+07
14,30,5,7.142830e+07
14,30,10,7.142830e+07
14,30,20,7.142830e+07
14,30,30,7.142830e+07
14,30,40,7.142830e+07
14,30,50,7.142830e+07
14,30,1,3.175628e+08
14,30,2,3.175628e+08
14,30,3,3.175628e+08
14,30,5,3.175628e+08
14,30,10,3.175628e+08
14,30,20,3.175628e+08
14,30,30,3.175628e+08
14,30,40,3.175628e+08
14,30,50,3.175628e+08
14,30,1,4.143019e+07
14,30,2,4.143019e+07
14,30,3,4.143019e+07
14,30,5,4.143019e+07
14,30,10,4.143019e+07
14,30,20,4.143019e+07
14,30,30,4.143019e+07
14,30,40,4.143019e+07
14,30,50,4.143019e+07
14,30,1,2.080018e+07
14,30,2,2.080018e+07
14,30,3,2.080018e+07
14,30,5,2.080018e+07
14,30,10,2.080018e+07
14,30,20,2.080018e+07
14,30,30,2.080018e+07
14,30,40,2.080018e+07
14,30,50,2.080018e+07
14,30,1,6.899017e+07
14,30,2,6.899017e+07
14,30,3,6.899017e+07
14,30,5,6.899017e+07
14,30,10,6.899017e+07
14,30,20,6.899017e+07
14,30,30,6.899017e+07
14,30,40,6.899017e+07
14,30,50,6.899017e+07
14,30,1,7.607125e+07
14,30,2,7.607125e+07
14,30,3,7.607125e+07
14,30,5,7.607125e+07
14,30,10,7.607125e+07
14,30,20,7.607125e+07
14,30,30,7.607125e+07
14,30,40,7.607125e+07
14,30,50,7.607125e+07
14,30,1,1.734193e+08
14,30,2,1.734193e+08
14,30,3,1.734193e+08
14,30,5,1.734193e+08
14,30,10,1.734193e+08
14,30,20,1.734193e+08
14,30,30,1.734193e+08
14,30,40,1.734193e+08
14,30,50,1.734193e+08
14,30,1,1.726097e+07
14,30,2,1.726097e+07
14,30,3,1.726097e+07
14,30,5,1.726097e+07
14,30,10,1.726097e+07
14,30,20,1.726097e+07
14,30,30,1.726097e+07
14,30,40,1.726097e+07
14,30,50,1.726097e+07
14,30,1,4.369283e+07
14,30,2,2.200404e+07
14,30,3,2.200404e+07
14,30,5,2.200404e+07
14,30,10,2.200404e+07
14,30,20,2.200404e+07
14,30,30,2.200404e+07
14,30,40,2.200404e+07
14,30,50,2.200404e+07
14,30,1,2.567340e+08
14,30,2,2.567340e+08
14,30,3,2.567340e+08
14,30,5,2.567340e+08
14,30,10,2.567340e+08
14,30,20,2.567340e+08
14,30,30,2.567340e+08
14,30,40,2.567340e+08
14,30,50,2.567340e+08
14,30,1,2.913299e+07
14,30,2,2.913299e+07
14,30,3,2.913299e+07
14,30,5,2.913299e+07
14,30,10,2.913299e+07
14,30,20,2.913299e+07
14,30,30,2.913299e+07
14,30,40,2.913299e+07
14,30,50,2.913299e+07
14,30,1,3.087737e+07
14,30,2,3.087737e+07
14,30,3,3.087737e+07
14,30,5,3.087737e+07
14,30,10,3.087737e+07
14,30,20,3.087737e+07
14,30,30,3.087737e+07
14,30,40,3.087737e+07
14,30,50,3.087737e+07
14,30,1,1.929552e+07
14,30,2,1.929552e+07
14,30,3,1.929552e+07
14,30,5,1.929552e+07
14,30,10,1.929552e+07
14,30,20,1.929552e+07
14,30,30,1.929552e+07
14,30,40,1.929552e+07
14,30,50,1.929552e+07
14,30,1,2.137576e+07
14,30,2,2.137576e+07
14,30,3,2.137576e+07
14,30,5,2.137576e+07
14,30,10,2.137576e+07
14,30,20,2.137576e+07
14,30,30,2.137576e+07
14,30,40,2.137576e+07
14,30,50,2.137576e+07
14,30,1,2.773209e+07
14,30,2,2.773209e+07
14,30,3,2.773209e+07
14,30,5,2.773209e+07
14,30,10,2.773209e+07
14,30,20,2.773209e+07
14,30,30,2.773209e+07
14,30,40,2.773209e+07
14,30,50,2.773209e+07
14,30,1,2.087238e+07
14,30,2,2.087238e+07
14,30,3,2.087238e+07
14,30,5,2.087238e+07
14,30,10,2.087238e+07
14,30,20,2.087238e+07
14,30,30,2.087238e+07
14,30,40,2.087238e+07
14,30,50,2.087238e+07
14,30,1,2.109099e+07
14,30,2,2.109099e+07
14,30,3,2.109099e+07
14,30,5,2.109099e+07
14,30,10,2.109099e+07
14,30,20,2.109099e+07
14,30,30,2.109099e+07
14,30,40,2.109099e+07
14,30,50,2.109099e+07
14,30,1,1.315619e+08
14,30,2,1.315619e+08
14,30,3,1.315619e+08
14,30,5,1.315619e+08
14,30,10,1.315619e+08
14,30,20,1.315619e+08
14,30,30,1.315619e+08
14,30,40,1.315619e+08
14,30,50,4.924163e+07
14,30,1,8.431464e+06
14,30,2,8.431464e+06
14,30,3,8.431464e+06
14,30,5,8.431464e+06
14,30,10,8.431464e+06
14,30,20,8.431464e+06
14,30,30,8.431464e+06
14,30,40,8.431464e+06
14,30,50,8.431464e+06
14,30,1,5.092535e+06
14,30,2,5.092535e+06
14,30,3,5.092535e+06
14,30,5,5.092535e+06
14,30,10,5.092535e+06
14,30,20,5.092535e+06
14,30,30,5.092535e+06
14,30,40,5.092535e+06
14,30,50,5.092535e+06
14,30,1,3.858990e+07
14,30,2,3.858990e+07
14,30,3,3.858990e+07
14,30,5,3.858990e+07
14,30,10,3.858990e+07
14,30,20,3.858990e+07
14,30,30,3.858990e+07
14,30,40,3.858990e+07
14,30,50,3.858990e+07
14,30,1,1.581648e+07
14,30,2,1.581648e+07
14,30,3,1.581648e+07
14,30,5,1.581648e+07
14,30,10,1.581648e+07
14,30,20,1.581648e+07
14,30,30,1.581648e+07
14,30,40,1.581648e+07
14,30,50,1.581648e+07
14,30,1,1.574260e+08
14,30,2,1.574260e+08
14,30,3,1.574260e+08
14,30,5,1.574260e+08
14,30,10,1.574260e+08
14,30,20,1.574260e+08
14,30,30,1.574260e+08
14,30,40,1.574260e+08
14,30,50,9.109577e+06
14,30,1,7.871071e+07
14,30,2,7.871071e+07
14,30,3,7.871071e+07
14,30,5,7.871071e+07
14,30,10,7.871071e+07
14,30,20,7.871071e+07
14,30,30,7.871071e+07
14,30,40,7.871071e+07
14,30,50,7.871071e+07
14,30,1,1.785239e+07
14,30,2,8.440445e+06
14,30,3,8.440445e+06
14,30,5,8.440445e+06
14,30,10,8.440445e+06
14,30,20,8.440445e+06
14,30,30,8.440445e+06
14,30,40,8.440445e+06
14,30,50,8.440445e+06
14,30,1,4.260328e+07
14,30,2,4.260328e+07
14,30,3,4.260328e+07
14,30,5,4.260328e+07
14,30,10,4.260328e+07
14,30,20,4.260328e+07
14,30,30,4.260328e+07
14,30,40,4.260328e+07
14,30,50,4.260328e+07
14,30,1,3.115314e+07
14,30,2,3.115314e+07
14,30,3,3.115314e+07
14,30,5,3.115314e+07
14,30,10,3.115314e+07
14,30,20,3.115314e+07
14,30,30,3.115314e+07
14,30,40,3.115314e+07
14,30,50,3.115314e+07
14,30,1,6.651673e+07
14,30,2,6.651673e+07
14,30,3,6.651673e+07
14,30,5,6.651673e+07
14,30,10,6.651673e+07
14,30,20,6.651673e+07
14,30,30,6.651673e+07
14,30,40,6.651673e+07
14,30,50,6.651673e+07
14,30,1,1.116336e+08
14,30,2,1.116336e+08
14,30,3,1.116336e+08
14,30,5,1.116336e+08
14,30,10,1.116336e+08
14,30,20,1.116336e+08
14,30,30,1.116336e+08
14,30,40,1.116336e+08
14,30,50,1.116336e+08
14,30,1,5.791679e+07
14,30,2,5.791679e+07
14,30,3,5.791679e+07
14,30,5,5.791679e+07
14,30,10,5.791679e+07
14,30,20,5.791679e+07
14,30,30,5.791679e+07
14,30,40,5.791679e+07
14,30,50,5.791679e+07
14,30,1,9.747996e+06
14,30,2,9.714301e+06
14,30,3,9.714301e+06
14,30,5,9.714301e+06
14,30,10,9.714301e+06
14,30,20,9.714301e+06
14,30,30,9.714301e+06
14,30,40,9.714301e+06
14,30,50,9.714301e+06
14,30,1,8.002598e+06
14,30,2,8.002598e+06
14,30,3,8.002598e+06
14,30,5,8.002598e+06
14,30,10,8.002598e+06
14,30,20,8.002598e+06
14,30,30,8.002598e+06
14,30,40,8.002598e+06
14,30,50,8.002598e+06
14,30,1,1.321969e+07
14,30,2,1.321969e+07
14,30,3,1.321969e+07
14,30,5,1.321969e+07
14,30,10,1.321969e+07
14,30,20,1.321969e+07
14,30,30,1.321969e+07
14,30,40,1.321969e+07
14,30,50,1.321969e+07
14,30,1,5.846356e+06
14,30,2,4.571651e+06
14,30,3,4.571651e+06
14,30,5,4.571651e+06
14,30,10,4.571651e+06
14,30,20,4.571651e+06
14,30,30,4.571651e+06
14,30,40,4.571651e+06
14,30,50,4.571651e+06
14,30,1,2.387993e+08
14,30,2,2.387993e+08
14,30,3,2.387993e+08
14,30,5,2.387993e+08
14,30,10,2.387993e+08
14,30,20,2.457382e+07
14,30,30,2.627445e+06
14,30,40,2.627445e+06
14,30,50,2.627445e+06
14,30,1,5.387633e+07
14,30,2,5.387633e+07
14,30,3,5.387633e+07
14,30,5,5.387633e+07
14,30,10,5.387633e+07
14,30,20,5.387633e+07
14,30,30,5.387633e+07
14,30,40,5.387633e+07
14,30,50,5.387633e+07
14,30,1,2.853420e+07
14,30,2,2.853420e+07
14,30,3,2.853420e+07
14,30,5,2.853420e+07
14,30,10,2.853420e+07
14,30,20,2.853420e+07
14,30,30,2.853420e+07
14,30,40,2.853420e+07
14,30,50,2.853420e+07
14,30,1,5.703876e+06
14,30,2,5.703876e+06
14,30,3,5.703876e+06
14,30,5,5.703876e+06
14,30,10,5.703876e+06
14,30,20,5.703876e+06
14,30,30,5.703876e+06
14,30,40,5.703876e+06
14,30,50,5.703876e+06
14,30,1,3.111360e+07
14,30,2,3.111360e+07
14,30,3,3.111360e+07
14,30,5,3.111360e+07
14,30,10,3.111360e+07
14,30,20,3.111360e+07
14,30,30,3.111360e+07
14,30,40,3.111360e+07
14,30,50,3.111360e+07
14,30,1,1.237825e+08
14,30,2,1.237825e+08
14,30,3,1.237825e+08
14,30,5,1.237825e+08
14,30,10,1.237825e+08
14,30,20,1.237825e+08
14,30,30,1.237825e+08
14,30,40,1.237825e+08
14,30,50,1.237825e+08
14,30,1,4.034657e+07
14,30,2,1.602589e+07
14,30,3,1.602589e+07
14,30,5,1.602589e+07
14,30,10,1.602589e+07
14,30,20,1.602589e+07
14,30,30,1.602589e+07
14,30,40,1.602589e+07
14,30,50,1.602589e+07
14,30,1,4.120651e+07
14,30,2,4.120651e+07
14,30,3,4.120651e+07
14,30,5,4.120651e+07
14,30,10,4.120651e+07
14,30,20,4.120651e+07
14,30,30,4.120651e+07
14,30,40,4.120651e+07
14,30,50,4.120651e+07
14,30,1,1.155640e+08
14,30,2,1.155640e+08
14,30,3,1.155640e+08
14,30,5,1.155640e+08
14,30,10,1.155640e+08
14,30,20,1.155640e+08
14,30,30,4.956462e+06
14,30,40,2.417107e+06
14,30,50,2.417107e+06
14,30,1,5.003963e+07
14,30,2,5.003963e+07
14,30,3,5.003963e+07
14,30,5,5.003963e+07
14,30,10,5.003963e+07
14,30,20,5.003963e+07
14,30,30,5.003963e+07
14,30,40,5.003963e+07
14,30,50,5.003963e+07
14,30,1,2.480805e+07
14,30,2,2.480805e+07
14,30,3,2.480805e+07
14,30,5,2.480805e+07
14,30,10,2.480805e+07
14,30,20,2.480805e+07
14,30,30,2.480805e+07
14,30,40,2.480805e+07
14,30,50,2.480805e+07
14,30,1,2.731743e+06
14,30,2,2.731743e+06
14,30,3,2.731743e+06
14,30,5,2.731743e+06
14,30,10,2.731743e+06
14,30,20,2.731743e+06
14,30,30,2.731743e+06
14,30,40,2.731743e+06
14,30,50,2.731743e+06
14,30,1,6.776669e+06
14,30,2,6.776669e+06
14,30,3,6.776669e+06
14,30,5,6.776669e+06
14,30,10,6.776669e+06
14,30,20,6.776669e+06
14,30,30,6.776669e+06
14,30,40,6.776669e+06
14,30,50,6.776669e+06
14,30,1,2.421683e+07
14,30,2,2.421683e+07
14,30,3,2.421683e+07
14,30,5,2.421683e+07
14,30,10,2.421683e+07
14,30,20,2.421683e+07
14,30,30,2.421683e+07
14,30,40,2.421683e+07
14,30,50,2.421683e+07
14,30,1,1.965066e+08
14,30,2,1.965066e+08
14,30,3,1.965066e+08
14,30,5,1.965066e+08
14,30,10,1.965066e+08
14,30,20,1.965066e+08
14,30,30,1.965066e+08
14,30,40,1.059721e+07
14,30,50,2.220060e+06
14,30,1,4.844819e+07
14,30,2,4.844819e+07
14,30,3,4.844819e+07
14,30,5,4.844819e+07
14,30,10,4.844819e+07
14,30,20,4.844819e+07
14,30,30,4.844819e+07
14,30,40,4.844819e+07
14,30,50,4.844819e+07
14,30,1,2.788214e+07
14,30,2,2.788214e+07
14,30,3,2.788214e+07
14,30,5,2.788214e+07
14,30,10,2.788214e+07
14,30,20,2.788214e+07
14,30,30,2.788214e+07
14,30,40,2.788214e+07
14,30,50,2.788214e+07
14,30,1,1.988948e+08
14,30,2,1.988948e+08
14,30,3,1.988948e+08
14,30,5,1.988948e+08
14,30,10,1.988948e+08
14,30,20,1.988948e+08
14,30,30,1.988948e+08
14,30,40,4.441283e+07
14,30,50,1.318923e+06
14,30,1,3.072688e+07
14,30,2,3.072688e+07
14,30,3,3.072688e+07
14,30,5,3.072688e+07
14,30,10,3.072688e+07
14,30,20,3.072688e+07
14,30,30,3.072688e+07
14,30,40,3.072688e+07
14,30,50,3.072688e+07
14,30,1,4.952796e+07
14,30,2,4.952796e+07
14,30,3,4.952796e+07
14,30,5,4.952796e+07
14,30,10,4.952796e+07
14,30,20,4.952796e+07
14,30,30,4.952796e+07
14,30,40,4.952796e+07
14,30,50,4.952796e+07
14,30,1,1.608598e+07
14,30,2,1.608598e+07
14,30,3,1.608598e+07
14,30,5,1.608598e+07
14,30,10,1.608598e+07
14,30,20,1.608598e+07
14,30,30,1.608598e+07
14,30,40,1.608598e+07
14,30,50,1.608598e+07
14,30,1,4.701683e+06
14,30,2,4.701683e+06
14,30,3,4.701683e+06
14,30,5,4.701683e+06
14,30,10,4.701683e+06
14,30,20,4.701683e+06
14,30,30,4.701683e+06
14,30,40,4.701683e+06
14,30,50,4.701683e+06
14,30,1,9.613063e+07
14,30,2,9.613063e+07
14,30,3,9.613063e+07
14,30,5,9.613063e+07
14,30,10,9.613063e+07
14,30,20,9.613063e+07
14,30,30,9.613063e+07
14,30,40,9.613063e+07
14,30,50,9.613063e+07
14,30,1,5.532353e+07
14,30,2,5.532353e+07
14,30,3,5.532353e+07
14,30,5,5.532353e+07
14,30,10,5.532353e+07
14,30,20,5.532353e+07
14,30,30,5.532353e+07
14,30,40,5.532353e+07
14,30,50,5.532353e+07
14,30,1,1.697691e+07
14,30,2,1.314673e+07
14,30,3,1.314673e+07
14,30,5,1.314673e+07
14,30,10,1.314673e+07
14,30,20,1.314673e+07
14,30,30,1.314673e+07
14,30,40,1.314673e+07
14,30,50,1.314673e+07
14,30,1,1.088750e+07
14,30,2,1.088750e+07
14,30,3,1.088750e+07
14,30,5,1.088750e+07
14,30,10,1.088750e+07
14,30,20,1.088750e+07
14,30,30,1.088750e+07
14,30,40,1.088750e+07
14,30,50,1.088750e+07
14,30,1,1.107811e+08
14,30,2,1.107811e+08
14,30,3,1.107811e+08
14,30,5,1.107811e+08
14,30,10,1.107811e+08
14,30,20,1.107811e+08
14,30,30,1.107811e+08
14,30,40,1.107811e+08
14,30,50,1.087754e+06
14,30,1,1.487230e+07
14,30,2,1.487230e+07
14,30,3,1.487230e+07
14,30,5,1.487230e+07
14,30,10,1.487230e+07
14,30,20,1.487230e+07
14,30,30,1.487230e+07
14,30,40,1.487230e+07
14,30,50,1.487230e+07
14,30,1,4.418235e+07
14,30,2,4.418235e+07
14,30,3,4.418235e+07
14,30,5,4.418235e+07
14,30,10,4.418235e+07
14,30,20,4.418235e+07
14,30,30,4.418235e+07
14,30,40,4.418235e+07
14,30,50,4.418235e+07
14,30,1,4.249282e+07
14,30,2,4.249282e+07
14,30,3,4.249282e+07
14,30,5,4.249282e+07
14,30,10,4.249282e+07
14,30,20,4.249282e+07
14,30,30,4.249282e+07
14,30,40,4.249282e+07
14,30,50,4.249282e+07
14,30,1,6.463052e+06
14,30,2,6.463052e+06
14,30,3,6.463052e+06
14,30,5,6.463052e+06
14,30,10,6.463052e+06
14,30,20,6.463052e+06
14,30,30,6.463052e+06
14,30,40,6.463052e+06
14,30,50,6.463052e+06
14,30,1,1.825863e+08
14,30,2,1.825863e+08
14,30,3,1.825863e+08
14,30,5,1.825863e+08
14,30,10,1.825863e+08
14,30,20,1.825863e+08
14,30,30,1.825863e+08
14,30,40,1.825863e+08
14,30,50,1.402376e+06
14,30,1,5.387144e+06
14,30,2,5.387144e+06
14,30,3,5.387144e+06
14,30,5,5.387144e+06
14,30,10,5.387144e+06
14,30,20,5.387144e+06
14,30,30,5.387144e+06
14,30,40,5.387144e+06
14,30,50,5.387144e+06
14,30,1,6.027021e+07
14,30,2,6.027021e+07
14,30,3,6.027021e+07
14,30,5,6.027021e+07
14,30,10,6.027021e+07
14,30,20,6.027021e+07
14,30,30,6.027021e+07
14,30,40,6.027021e+07
14,30,50,6.027021e+07
14,30,1,1.404007e+07
14,30,2,1.404007e+07
14,30,3,1.404007e+07
14,30,5,1.404007e+07
14,30,10,1.404007e+07
14,30,20,1.404007e+07
14,30,30,1.404007e+07
14,30,40,1.404007e+07
14,30,50,1.404007e+07
14,30,1,3.001272e+06
14,30,2,3.001272e+06
14,30,3,3.001272e+06
14,30,5,3.001272e+06
14,30,10,3.001272e+06
14,30,20,3.001272e+06
14,30,30,3.001272e+06
14,30,40,3.001272e+06
14,30,50,3.001272e+06
14,30,1,6.005584e+07
14,30,2,6.005584e+07
14,30,3,6.005584e+07
14,30,5,6.005584e+07
14,30,10,6.005584e+07
14,30,20,6.005584e+07
14,30,30,6.005584e+07
14,30,40,6.005584e+07
14,30,50,6.005584e+07
14,30,1,1.832263e+07
14,30,2,1.832263e+07
14,30,3,1.832263e+07
14,30,5,1.832263e+07
14,30,10,1.832263e+07
14,30,20,1.832263e+07
14,30,30,1.832263e+07
14,30,40,1.832263e+07
14,30,50,1.832263e+07
14,30,1,1.283299e+07
14,30,2,1.283299e+07
14,30,3,1.283299e+07
14,30,5,1.283299e+07
14,30,10,1.283299e+07
14,30,20,1.283299e+07
14,30,30,1.283299e+07
14,30,40,1.283299e+07
14,30,50,1.283299e+07
14,30,1,6.813401e+07
14,30,2,6.813401e+07
14,30,3,6.813401e+07
14,30,5,6.813401e+07
14,30,10,6.813401e+07
14,30,20,6.813401e+07
14,30,30,6.813401e+07
14,30,40,6.813401e+07
14,30,50,6.813401e+07
14,30,1,6.149855e+07
14,30,2,6.149855e+07
14,30,3,6.149855e+07
14,30,5,6.149855e+07
14,30,10,6.149855e+07
14,30,20,2.331138e+07
14,30,30,2.331138e+07
14,30,40,2.331138e+07
14,30,50,2.331138e+07
14,30,1,1.708989e+07
14,30,2,1.708989e+07
14,30,3,1.708989e+07
14,30,5,1.708989e+07
14,30,10,1.708989e+07
14,30,20,1.708989e+07
14,30,30,1.708989e+07
14,30,40,1.708989e+07
14,30,50,1.708989e+07
14,30,1,1.148040e+08
14,30,2,1.148040e+08
14,30,3,1.148040e+08
14,30,5,1.148040e+08
14,30,10,1.148040e+08
14,30,20,1.148040e+08
14,30,30,1.148040e+08
14,30,40,1.148040e+08
14,30,50,1.148040e+08
14,30,1,1.052987e+08
14,30,2,5.303690e+07
14,30,3,5.303690e+07
14,30,5,5.303690e+07
14,30,10,5.303690e+07
14,30,20,5.303690e+07
14,30,30,5.303690e+07
14,30,40,5.303690e+07
14,30,50,5.303690e+07
14,30,1,7.850678e+07
14,30,2,7.850678e+07
14,30,3,7.850678e+07
14,30,5,7.850678e+07
14,30,10,7.850678e+07
14,30,20,7.850678e+07
14,30,30,7.850678e+07
14,30,40,7.850678e+07
14,30,50,2.625968e+07
14,30,1,8.656931e+07
14,30,2,8.656931e+07
14,30,3,8.656931e+07
14,30,5,8.656931e+07
14,30,10,8.656931e+07
14,30,20,8.656931e+07
14,30,30,8.656931e+07
14,30,40,8.656931e+07
14,30,50,8.656931e+07
14,30,1,1.438556e+07
14,30,2,1.438556e+07
14,30,3,1.438556e+07
14,30,5,1.438556e+07
14,30,10,1.438556e+07
14,30,20,1.438556e+07
14,30,30,1.438556e+07
14,30,40,1.438556e+07
14,30,50,1.438556e+07
