funcid,dim,milestone,error
5,30,1,5.884300e+02
5,30,2,5.884300e+02
5,30,3,5.884300e+02
5,30,5,5.884300e+02
5,30,10,5.884300e+02
5,30,20,5.884300e+02
5,30,30,4.718796e+02
5,30,40,4.261560e+02
5,30,50,3.050325e+02
5,30,1,7.129039e+02
5,30,2,5.052931e+02
5,30,3,4.774815e+02
5,30,5,4.774815e+02
5,30,10,4.774815e+02
5,30,20,4.774815e+02
5,30,30,4.774815e+02
5,30,40,4.774815e+02
5,30,50,4.774815e+02
5,30,1,5.437380e+02
5,30,2,5.020096e+02
5,30,3,5.020096e+02
5,30,5,5.020096e+02
5,30,10,5.020096e+02
5,30,20,5.020096e+02
5,30,30,5.020096e+02
5,30,40,5.020096e+02
5,30,50,3.791750e+02
5,30,1,6.340067e+02
5,30,2,6.340067e+02
5,30,3,6.340067e+02
5,30,5,6.340067e+02
5,30,10,6.340067e+02
5,30,20,6.340067e+02
5,30,30,6.340067e+02
5,30,40,6.340067e+02
5,30,50,6.340067e+02
5,30,1,6.138452e+02
5,30,2,6.008696e+02
5,30,3,6.008696e+02
5,30,5,5.429151e+02
5,30,10,5.429151e+02
5,30,20,5.429151e+02
5,30,30,5.429151e+02
5,30,40,4.756679e+02
5,30,50,3.392368e+02
5,30,1,6.000222e+02
5,30,2,5.993156e+02
5,30,3,5.993156e+02
5,30,5,5.993156e+02
5,30,10,5.993156e+02
5,30,20,5.993156e+02
5,30,30,5.993156e+02
5,30,40,3.389509e+02
5,30,50,3.004125e+02
5,30,1,7.625336e+02
5,30,2,6.182892e+02
5,30,3,5.046135e+02
5,30,5,3.889922e+02
5,30,10,3.889922e+02
5,30,20,3.889922e+02
5,30,30,3.889922e+02
5,30,40,3.889922e+02
5,30,50,3.889922e+02
5,30,1,6.274860e+02
5,30,2,5.085685e+02
5,30,3,4.941498e+02
5,30,5,4.941498e+02
5,30,10,4.941498e+02
5,30,20,4.941498e+02
5,30,30,4.213983e+02
5,30,40,3.847811e+02
5,30,50,3.151818e+02
5,30,1,5.852650e+02
5,30,2,5.513736e+02
5,30,3,5.513736e+02
5,30,5,4.721779e+02
5,30,10,4.721779e+02
5,30,20,4.721779e+02
5,30,30,4.721779e+02
5,30,40,3.472119e+02
5,30,50,3.014321e+02
5,30,1,6.831345e+02
5,30,2,6.260833e+02
5,30,3,5.330503e+02
5,30,5,5.330503e+02
5,30,10,5.330503e+02
5,30,20,5.330503e+02
5,30,30,5.330503e+02
5,30,40,5.330503e+02
5,30,50,5.330503e+02
5,30,1,5.648556e+02
5,30,2,5.648556e+02
5,30,3,5.648556e+02
5,30,5,5.648556e+02
5,30,10,5.176685e+02
5,30,20,4.984194e+02
5,30,30,3.621903e+02
5,30,40,3.621903e+02
5,30,50,3.621903e+02
5,30,1,5.826922e+02
5,30,2,5.826922e+02
5,30,3,5.826922e+02
5,30,5,5.826922e+02
5,30,10,5.826922e+02
5,30,20,5.826922e+02
5,30,30,5.826922e+02
5,30,40,5.826922e+02
5,30,50,5.826922e+02
5,30,1,7.832204e+02
5,30,2,7.259473e+02
5,30,3,5.622393e+02
5,30,5,5.622393e+02
5,30,10,5.622393e+02
5,30,20,4.737330e+02
5,30,30,4.737330e+02
5,30,40,4.331961e+02
5,30,50,3.332999e+02
5,30,1,4.813524e+02
5,30,2,4.599933e+02
5,30,3,4.599933e+02
5,30,5,4.599933e+02
5,30,10,4.599933e+02
5,30,20,4.599933e+02
5,30,30,3.529641e+02
5,30,40,3.361320e+02
5,30,50,3.361320e+02
5,30,1,6.794245e+02
5,30,2,6.794245e+02
5,30,3,6.794245e+02
5,30,5,6.794245e+02
5,30,10,6.794245e+02
5,30,20,6.794245e+02
5,30,30,6.794245e+02
5,30,40,6.794245e+02
5,30,50,6.794245e+02
5,30,1,6.101968e+02
5,30,2,6.101968e+02
5,30,3,5.511129e+02
5,30,5,5.511129e+02
5,30,10,5.511129e+02
5,30,20,5.511129e+02
5,30,30,5.511129e+02
5,30,40,3.555706e+02
5,30,50,2.932805e+02
5,30,1,7.398233e+02
5,30,2,7.398233e+02
5,30,3,7.398233e+02
5,30,5,5.616431e+02
5,30,10,4.438747e+02
5,30,20,4.438747e+02
5,30,30,4.438747e+02
5,30,40,4.438747e+02
5,30,50,3.368223e+02
5,30,1,7.024201e+02
5,30,2,5.749620e+02
5,30,3,5.749620e+02
5,30,5,5.749620e+02
5,30,10,5.749620e+02
5,30,20,5.749620e+02
5,30,30,5.749620e+02
5,30,40,5.749620e+02
5,30,50,5.749620e+02
5,30,1,6.778648e+02
5,30,2,5.777945e+02
5,30,3,4.267372e+02
5,30,5,4.200671e+02
5,30,10,4.200671e+02
5,30,20,4.200671e+02
5,30,30,4.200671e+02
5,30,40,4.200671e+02
5,30,50,4.200671e+02
5,30,1,7.301552e+02
5,30,2,7.301552e+02
5,30,3,7.301552e+02
5,30,5,7.301552e+02
5,30,10,7.301552e+02
5,30,20,5.020581e+02
5,30,30,4.590769e+02
5,30,40,4.053396e+02
5,30,50,3.153659e+02
5,30,1,7.347757e+02
5,30,2,7.347757e+02
5,30,3,7.347757e+02
5,30,5,7.347757e+02
5,30,10,7.347757e+02
5,30,20,4.437198e+02
5,30,30,4.437198e+02
5,30,40,3.509585e+02
5,30,50,3.050538e+02
5,30,1,4.699962e+02
5,30,2,4.699962e+02
5,30,3,4.699962e+02
5,30,5,4.699962e+02
5,30,10,4.699962e+02
5,30,20,4.699962e+02
5,30,30,4.699962e+02
5,30,40,4.699962e+02
5,30,50,3.081924e+02
5,30,1,6.576948e+02
5,30,2,6.576948e+02
5,30,3,6.576948e+02
5,30,5,6.501122e+02
5,30,10,6.366556e+02
5,30,20,6.366556e+02
5,30,30,6.366556e+02
5,30,40,6.366556e+02
5,30,50,6.366556e+02
5,30,1,7.215679e+02
5,30,2,7.215679e+02
5,30,3,7.215679e+02
5,30,5,5.701033e+02
5,30,10,5.701033e+02
5,30,20,4.654709e+02
5,30,30,4.496374e+02
5,30,40,4.496374e+02
5,30,50,3.284489e+02
5,30,1,5.504791e+02
5,30,2,5.504791e+02
5,30,3,5.504791e+02
5,30,5,5.504791e+02
5,30,10,5.504791e+02
5,30,20,5.504791e+02
5,30,30,5.504791e+02
5,30,40,5.504791e+02
5,30,50,5.504791e+02
5,30,1,5.610444e+02
5,30,2,5.610444e+02
5,30,3,5.044740e+02
5,30,5,4.744497e+02
5,30,10,4.744497e+02
5,30,20,4.744497e+02
5,30,30,4.744497e+02
5,30,40,4.744497e+02
5,30,50,4.744497e+02
5,30,1,5.977901e+02
5,30,2,5.403957e+02
5,30,3,5.403957e+02
5,30,5,5.403957e+02
5,30,10,5.403957e+02
5,30,20,5.403957e+02
5,30,30,5.403957e+02
5,30,40,5.403957e+02
5,30,50,5.403957e+02
5,30,1,7.007616e+02
5,30,2,5.432800e+02
5,30,3,5.432800e+02
5,30,5,5.432800e+02
5,30,10,5.432800e+02
5,30,20,5.432800e+02
5,30,30,5.432800e+02
5,30,40,5.432800e+02
5,30,50,5.432800e+02
5,30,1,5.739287e+02
5,30,2,5.739287e+02
5,30,3,5.739287e+02
5,30,5,5.739287e+02
5,30,10,5.739287e+02
5,30,20,5.739287e+02
5,30,30,5.739287e+02
5,30,40,5.739287e+02
5,30,50,5.739287e+02
5,30,1,5.693058e+02
5,30,2,4.254045e+02
5,30,3,3.951758e+02
5,30,5,3.951758e+02
5,30,10,3.951758e+02
5,30,20,3.951758e+02
5,30,30,3.951758e+02
5,30,40,3.951758e+02
5,30,50,3.951758e+02
5,30,1,5.056813e+02
5,30,2,5.056813e+02
5,30,3,5.056813e+02
5,30,5,5.056813e+02
5,30,10,5.056813e+02
5,30,20,5.056813e+02
5,30,30,5.056813e+02
5,30,40,5.056813e+02
5,30,50,3.933806e+02
5,30,1,4.873066e+02
5,30,2,4.873066e+02
5,30,3,4.873066e+02
5,30,5,4.873066e+02
5,30,10,4.873066e+02
5,30,20,4.873066e+02
5,30,30,4.873066e+02
5,30,40,4.873066e+02
5,30,50,3.570567e+02
5,30,1,6.224438e+02
5,30,2,6.224438e+02
5,30,3,6.224438e+02
5,30,5,6.224438e+02
5,30,10,6.224438e+02
5,30,20,6.224438e+02
5,30,30,6.224438e+02
5,30,40,6.224438e+02
5,30,50,6.224438e+02
5,30,1,6.539103e+02
5,30,2,6.539103e+02
5,30,3,6.539103e+02
5,30,5,6.539103e+02
5,30,10,6.539103e+02
5,30,20,6.539103e+02
5,30,30,6.539103e+02
5,30,40,6.539103e+02
5,30,50,6.539103e+02
5,30,1,6.601685e+02
5,30,2,6.601685e+02
5,30,3,6.601685e+02
5,30,5,6.601685e+02
5,30,10,6.601685e+02
5,30,20,4.877248e+02
5,30,30,4.255294e+02
5,30,40,3.768078e+02
5,30,50,3.625298e+02
5,30,1,6.498397e+02
5,30,2,6.498397e+02
5,30,3,4.687467e+02
5,30,5,4.687467e+02
5,30,10,4.687467e+02
5,30,20,4.687467e+02
5,30,30,4.056660e+02
5,30,40,4.056660e+02
5,30,50,3.460294e+02
5,30,1,5.467317e+02
5,30,2,4.491521e+02
5,30,3,4.217240e+02
5,30,5,4.217240e+02
5,30,10,4.217240e+02
5,30,20,4.217240e+02
5,30,30,4.217240e+02
5,30,40,4.217240e+02
5,30,50,4.217240e+02
5,30,1,5.135991e+02
5,30,2,4.343287e+02
5,30,3,4.343287e+02
5,30,5,4.343287e+02
5,30,10,4.343287e+02
5,30,20,4.343287e+02
5,30,30,4.343287e+02
5,30,40,4.343287e+02
5,30,50,4.343287e+02
5,30,1,7.813172e+02
5,30,2,7.813172e+02
5,30,3,7.813172e+02
5,30,5,7.813172e+02
5,30,10,7.813172e+02
5,30,20,7.813172e+02
5,30,30,7.813172e+02
5,30,40,7.813172e+02
5,30,50,7.813172e+02
5,30,1,6.825775e+02
5,30,2,6.825775e+02
5,30,3,6.246369e+02
5,30,5,5.368344e+02
5,30,10,5.368344e+02
5,30,20,5.368344e+02
5,30,30,5.368344e+02
5,30,40,3.693336e+02
5,30,50,3.693336e+02
5,30,1,7.433658e+02
5,30,2,7.433658e+02
5,30,3,7.433658e+02
5,30,5,7.433658e+02
5,30,10,7.433658e+02
5,30,20,7.433658e+02
5,30,30,7.433658e+02
5,30,40,4.135767e+02
5,30,50,3.931261e+02
5,30,1,5.751564e+02
5,30,2,5.646116e+02
5,30,3,4.742559e+02
5,30,5,4.742559e+02
5,30,10,4.742559e+02
5,30,20,4.742559e+02
5,30,30,4.742559e+02
5,30,40,4.363904e+02
5,30,50,3.209140e+02
5,30,1,7.513936e+02
5,30,2,5.370406e+02
5,30,3,5.343436e+02
5,30,5,5.343436e+02
5,30,10,5.343436e+02
5,30,20,5.343436e+02
5,30,30,4.139710e+02
5,30,40,3.760348e+02
5,30,50,3.760348e+02
5,30,1,6.732994e+02
5,30,2,6.648289e+02
5,30,3,5.241435e+02
5,30,5,5.241435e+02
5,30,10,5.241435e+02
5,30,20,5.241435e+02
5,30,30,5.241435e+02
5,30,40,5.241435e+02
5,30,50,5.241435e+02
5,30,1,4.475119e+02
5,30,2,4.475119e+02
5,30,3,4.475119e+02
5,30,5,4.475119e+02
5,30,10,4.475119e+02
5,30,20,4.475119e+02
5,30,30,4.475119e+02
5,30,40,4.475119e+02
5,30,50,3.074454e+02
5,30,1,5.951935e+02
5,30,2,5.951935e+02
5,30,3,5.951935e+02
5,30,5,5.951935e+02
5,30,10,5.951935e+02
5,30,20,5.951935e+02
5,30,30,4.727169e+02
5,30,40,3.893658e+02
5,30,50,3.893658e+02
5,30,1,7.255255e+02
5,30,2,7.255255e+02
5,30,3,7.223939e+02
5,30,5,7.223939e+02
5,30,10,7.223939e+02
5,30,20,7.223939e+02
5,30,30,7.223939e+02
5,30,40,7.223939e+02
5,30,50,7.223939e+02
5,30,1,6.885419e+02
5,30,2,6.885419e+02
5,30,3,6.885419e+02
5,30,5,6.631675e+02
5,30,10,4.782660e+02
5,30,20,4.782660e+02
5,30,30,4.782660e+02
5,30,40,4.022842e+02
5,30,50,3.144710e+02
5,30,1,7.626011e+02
5,30,2,7.626011e+02
5,30,3,7.626011e+02
5,30,5,7.626011e+02
5,30,10,7.626011e+02
5,30,20,7.626011e+02
5,30,30,7.626011e+02
5,30,40,3.801780e+02
5,30,50,3.151510e+02
5,30,1,6.776326e+02
5,30,2,6.776326e+02
5,30,3,6.776326e+02
5,30,5,6.776326e+02
5,30,10,6.776326e+02
5,30,20,6.776326e+02
5,30,30,6.776326e+02
5,30,40,6.776326e+02
5,30,50,6.776326e+02
5,30,1,8.083829e+02
5,30,2,8.083829e+02
5,30,3,8.083829e+02
5,30,5,8.083829e+02
5,30,10,8.083829e+02
5,30,20,8.083829e+02
5,30,30,5.411568e+02
5,30,40,3.712872e+02
5,30,50,3.712872e+02
5,30,1,5.236278e+02
5,30,2,5.236278e+02
5,30,3,5.236278e+02
5,30,5,5.236278e+02
5,30,10,5.236278e+02
5,30,20,5.236278e+02
5,30,30,4.371744e+02
5,30,40,4.371744e+02
5,30,50,3.189262e+02
5,30,1,5.129577e+02
5,30,2,5.129577e+02
5,30,3,5.129577e+02
5,30,5,4.769601e+02
5,30,10,4.769601e+02
5,30,20,4.769601e+02
5,30,30,4.769601e+02
5,30,40,3.202998e+02
5,30,50,2.975445e+02
5,30,1,4.999599e+02
5,30,2,4.907959e+02
5,30,3,4.907959e+02
5,30,5,4.907959e+02
5,30,10,4.907959e+02
5,30,20,4.907959e+02
5,30,30,4.907959e+02
5,30,40,3.234874e+02
5,30,50,2.886825e+02
5,30,1,7.070261e+02
5,30,2,7.070261e+02
5,30,3,7.070261e+02
5,30,5,7.070261e+02
5,30,10,7.070261e+02
5,30,20,7.070261e+02
5,30,30,5.068253e+02
5,30,40,3.164223e+02
5,30,50,3.034615e+02
5,30,1,7.711762e+02
5,30,2,7.711762e+02
5,30,3,7.711762e+02
5,30,5,7.711762e+02
5,30,10,7.711762e+02
5,30,20,7.711762e+02
5,30,30,7.711762e+02
5,30,40,7.711762e+02
5,30,50,7.711762e+02
5,30,1,7.852045e+02
5,30,2,7.827327e+02
5,30,3,7.641348e+02
5,30,5,7.641348e+02
5,30,10,7.641348e+02
5,30,20,7.641348e+02
5,30,30,7.641348e+02
5,30,40,7.641348e+02
5,30,50,7.641348e+02
5,30,1,5.876410e+02
5,30,2,5.876410e+02
5,30,3,5.876410e+02
5,30,5,5.876410e+02
5,30,10,5.876410e+02
5,30,20,5.876410e+02
5,30,30,4.480427e+02
5,30,40,4.480427e+02
5,30,50,3.339217e+02
5,30,1,6.797501e+02
5,30,2,5.432091e+02
5,30,3,5.432091e+02
5,30,5,5.432091e+02
5,30,10,5.284366e+02
5,30,20,4.852877e+02
5,30,30,4.379217e+02
5,30,40,4.379217e+02
5,30,50,3.225936e+02
5,30,1,6.820896e+02
5,30,2,6.820896e+02
5,30,3,6.820896e+02
5,30,5,6.820896e+02
5,30,10,6.820896e+02
5,30,20,6.820896e+02
5,30,30,3.998970e+02
5,30,40,3.998970e+02
5,30,50,3.157571e+02
5,30,1,6.480197e+02
5,30,2,6.293022e+02
5,30,3,5.295021e+02
5,30,5,5.295021e+02
5,30,10,5.295021e+02
5,30,20,5.295021e+02
5,30,30,5.295021e+02
5,30,40,4.722328e+02
5,30,50,3.892657e+02
5,30,1,5.080720e+02
5,30,2,5.080720e+02
5,30,3,5.080720e+02
5,30,5,5.080720e+02
5,30,10,5.080720e+02
5,30,20,5.080720e+02
5,30,30,5.080720e+02
5,30,40,3.822123e+02
5,30,50,3.822123e+02
5,30,1,5.063915e+02
5,30,2,5.063915e+02
5,30,3,5.063915e+02
5,30,5,5.063915e+02
5,30,10,5.063915e+02
5,30,20,5.063915e+02
5,30,30,5.063915e+02
5,30,40,5.063915e+02
5,30,50,5.063915e+02
5,30,1,7.498873e+02
5,30,2,7.498873e+02
5,30,3,7.498873e+02
5,30,5,7.498873e+02
5,30,10,7.498873e+02
5,30,20,7.498873e+02
5,30,30,7.498873e+02
5,30,40,7.498873e+02
5,30,50,7.498873e+02
5,30,1,5.990175e+02
5,30,2,5.990175e+02
5,30,3,5.990175e+02
5,30,5,5.990175e+02
5,30,10,5.990175e+02
5,30,20,5.990175e+02
5,30,30,5.214696e+02
5,30,40,3.793833e+02
5,30,50,3.672988e+02
5,30,1,6.621955e+02
5,30,2,6.621955e+02
5,30,3,6.621955e+02
5,30,5,6.621955e+02
5,30,10,6.621955e+02
5,30,20,6.621955e+02
5,30,30,6.621955e+02
5,30,40,6.621955e+02
5,30,50,6.621955e+02
5,30,1,5.009245e+02
5,30,2,5.009245e+02
5,30,3,5.009245e+02
5,30,5,5.009245e+02
5,30,10,5.009245e+02
5,30,20,5.009245e+02
5,30,30,3.665643e+02
5,30,40,3.616268e+02
5,30,50,3.616268e+02
5,30,1,5.532050e+02
5,30,2,4.858033e+02
5,30,3,4.858033e+02
5,30,5,4.858033e+02
5,30,10,4.858033e+02
5,30,20,4.858033e+02
5,30,30,4.858033e+02
5,30,40,4.035823e+02
5,30,50,3.207734e+02
5,30,1,4.840021e+02
5,30,2,4.840021e+02
5,30,3,4.840021e+02
5,30,5,4.607607e+02
5,30,10,4.607607e+02
5,30,20,4.607607e+02
5,30,30,4.607607e+02
5,30,40,3.079648e+02
5,30,50,2.925168e+02
5,30,1,4.587245e+02
5,30,2,4.383965e+02
5,30,3,4.383965e+02
5,30,5,4.383965e+02
5,30,10,4.383965e+02
5,30,20,4.383965e+02
5,30,30,4.383965e+02
5,30,40,4.383965e+02
5,30,50,4.383965e+02
5,30,1,7.618811e+02
5,30,2,7.618811e+02
5,30,3,5.735111e+02
5,30,5,5.735111e+02
5,30,10,5.735111e+02
5,30,20,5.735111e+02
5,30,30,5.735111e+02
5,30,40,3.632661e+02
5,30,50,3.150997e+02
5,30,1,5.468464e+02
5,30,2,5.121756e+02
5,30,3,5.121756e+02
5,30,5,5.121756e+02
5,30,10,5.121756e+02
5,30,20,5.121756e+02
5,30,30,5.121756e+02
5,30,40,3.514043e+02
5,30,50,3.514043e+02
5,30,1,6.375068e+02
5,30,2,6.375068e+02
5,30,3,6.375068e+02
5,30,5,6.375068e+02
5,30,10,6.375068e+02
5,30,20,6.375068e+02
5,30,30,6.375068e+02
5,30,40,6.375068e+02
5,30,50,6.375068e+02
5,30,1,5.414967e+02
5,30,2,5.414967e+02
5,30,3,5.414967e+02
5,30,5,5.414967e+02
5,30,10,5.414967e+02
5,30,20,5.414967e+02
5,30,30,3.908408e+02
5,30,40,3.908408e+02
5,30,50,3.417244e+02
5,30,1,4.472146e+02
5,30,2,3.948644e+02
5,30,3,3.948644e+02
5,30,5,3.948644e+02
5,30,10,3.948644e+02
5,30,20,3.948644e+02
5,30,30,3.948644e+02
5,30,40,3.948644e+02
5,30,50,3.948644e+02
5,30,1,4.595672e+02
5,30,2,4.595672e+02
5,30,3,4.595672e+02
5,30,5,4.595672e+02
5,30,10,4.595672e+02
5,30,20,4.595672e+02
5,30,30,4.595672e+02
5,30,40,3.732181e+02
5,30,50,3.091217e+02
5,30,1,5.541008e+02
5,30,2,5.541008e+02
5,30,3,5.541008e+02
5,30,5,5.541008e+02
5,30,10,5.541008e+02
5,30,20,5.541008e+02
5,30,30,5.541008e+02
5,30,40,5.541008e+02
5,30,50,5.541008e+02
5,30,1,4.988308e+02
5,30,2,4.988308e+02
5,30,3,4.988308e+02
5,30,5,4.988308e+02
5,30,10,4.988308e+02
5,30,20,4.988308e+02
5,30,30,4.988308e+02
5,30,40,3.170652e+02
5,30,50,2.806710e+02
5,30,1,5.511026e+02
5,30,2,5.511026e+02
5,30,3,5.511026e+02
5,30,5,5.511026e+02
5,30,10,5.511026e+02
5,30,20,5.511026e+02
5,30,30,5.511026e+02
5,30,40,5.511026e+02
5,30,50,4.257246e+02
5,30,1,7.689846e+02
5,30,2,7.689846e+02
5,30,3,7.689846e+02
5,30,5,7.689846e+02
5,30,10,5.844967e+02
5,30,20,5.844967e+02
5,30,30,5.844967e+02
5,30,40,5.844967e+02
5,30,50,5.844967e+02
5,30,1,4.994058e+02
5,30,2,4.994058e+02
5,30,3,4.994058e+02
5,30,5,4.994058e+02
5,30,10,4.994058e+02
5,30,20,4.994058e+02
5,30,30,4.994058e+02
5,30,40,4.234384e+02
5,30,50,2.964281e+02
5,30,1,7.832913e+02
5,30,2,7.832913e+02
5,30,3,7.832913e+02
5,30,5,7.832913e+02
5,30,10,7.832913e+02
5,30,20,7.832913e+02
5,30,30,3.993972e+02
5,30,40,3.993972e+02
5,30,50,2.996472e+02
5,30,1,5.136515e+02
5,30,2,5.022372e+02
5,30,3,4.623270e+02
5,30,5,4.623270e+02
5,30,10,4.623270e+02
5,30,20,4.623270e+02
5,30,30,4.623270e+02
5,30,40,3.889452e+02
5,30,50,3.130807e+02
5,30,1,6.096312e+02
5,30,2,6.096312e+02
5,30,3,6.096312e+02
5,30,5,6.096312e+02
5,30,10,6.096312e+02
5,30,20,6.096312e+02
5,30,30,3.487378e+02
5,30,40,3.142256e+02
5,30,50,3.142256e+02
5,30,1,7.213659e+02
5,30,2,7.213659e+02
5,30,3,7.213659e+02
5,30,5,7.213659e+02
5,30,10,7.213659e+02
5,30,20,7.213659e+02
5,30,30,3.588374e+02
5,30,40,3.588374e+02
5,30,50,3.588374e+02
5,30,1,6.608554e+02
5,30,2,6.608554e+02
5,30,3,6.608554e+02
5,30,5,6.608554e+02
5,30,10,6.207694e+02
5,30,20,6.207694e+02
5,30,30,6.207694e+02
5,30,40,6.207694e+02
5,30,50,6.207694e+02
5,30,1,5.522276e+02
5,30,2,5.522276e+02
5,30,3,5.522276e+02
5,30,5,5.522276e+02
5,30,10,5.522276e+02
5,30,20,5.522276e+02
5,30,30,5.522276e+02
5,30,40,5.522276e+02
5,30,50,5.522276e+02
5,30,1,5.709548e+02
5,30,2,5.709548e+02
5,30,3,5.709548e+02
5,30,5,5.709548e+02
5,30,10,5.709548e+02
5,30,20,5.709548e+02
5,30,30,3.514417e+02
5,30,40,3.478985e+02
5,30,50,3.478985e+02
5,30,1,5.595657e+02
5,30,2,5.595657e+02
5,30,3,5.595657e+02
5,30,5,5.595657e+02
5,30,10,5.595657e+02
5,30,20,5.595657e+02
5,30,30,5.595657e+02
5,30,40,5.595657e+02
5,30,50,3.908945e+02
5,30,1,5.005079e+02
5,30,2,4.582336e+02
5,30,3,4.582336e+02
5,30,5,4.582336e+02
5,30,10,4.582336e+02
5,30,20,4.582336e+02
5,30,30,4.582336e+02
5,30,40,3.441802e+02
5,30,50,3.101749e+02
5,30,1,7.344609e+02
5,30,2,5.758882e+02
5,30,3,5.758882e+02
5,30,5,5.758882e+02
5,30,10,5.758882e+02
5,30,20,5.758882e+02
5,30,30,5.758882e+02
5,30,40,5.758882e+02
5,30,50,3.270254e+02
5,30,1,6.843042e+02
5,30,2,5.342011e+02
5,30,3,5.226346e+02
5,30,5,5.226346e+02
5,30,10,4.747317e+02
5,30,20,4.747317e+02
5,30,30,4.747317e+02
5,30,40,4.583449e+02
5,30,50,3.182210e+02
5,30,1,5.461374e+02
5,30,2,5.461374e+02
5,30,3,5.461374e+02
5,30,5,5.461374e+02
5,30,10,5.461374e+02
5,30,20,5.461374e+02
5,30,30,4.350968e+02
5,30,40,3.420774e+02
5,30,50,3.127362e+02
5,30,1,5.485522e+02
5,30,2,5.145331e+02
5,30,3,5.145331e+02
5,30,5,5.145331e+02
5,30,10,5.145331e+02
5,30,20,5.145331e+02
5,30,30,5.145331e+02
5,30,40,5.145331e+02
5,30,50,5.145331e+02
5,30,1,6.773720e+02
5,30,2,5.488702e+02
5,30,3,5.488702e+02
5,30,5,5.488702e+02
5,30,10,5.488702e+02
5,30,20,5.488702e+02
5,30,30,5.488702e+02
5,30,40,4.567292e+02
5,30,50,3.544828e+02
5,30,1,7.383201e+02
5,30,2,5.519235e+02
5,30,3,5.519235e+02
5,30,5,5.519235e+02
5,30,10,5.379393e+02
5,30,20,5.379393e+02
5,30,30,5.379393e+02
5,30,40,5.379393e+02
5,30,50,5.379393e+02
5,30,1,7.766197e+02
5,30,2,5.372412e+02
5,30,3,5.372412e+02
5,30,5,5.372412e+02
5,30,10,5.372412e+02
5,30,20,5.372412e+02
5,30,30,5.359023e+02
5,30,40,3.783840e+02
5,30,50,3.783840e+02
5,30,1,6.108836e+02
5,30,2,5.825551e+02
5,30,3,5.164694e+02
5,30,5,4.508493e+02
5,30,10,4.508493e+02
5,30,20,4.508493e+02
5,30,30,4.508493e+02
5,30,40,4.508493e+02
5,30,50,3.273650e+02
5,30,1,5.618503e+02
5,30,2,5.618503e+02
5,30,3,5.618503e+02
5,30,5,5.618503e+02
5,30,10,5.618503e+02
5,30,20,4.724436e+02
5,30,30,3.452423e+02
5,30,40,3.452423e+02
5,30,50,3.452423e+02
5,30,1,5.691337e+02
5,30,2,5.691337e+02
5,30,3,5.691337e+02
5,30,5,5.691337e+02
5,30,10,5.547487e+02
5,30,20,5.219230e+02
5,30,30,4.332050e+02
5,30,40,4.332050e+02
5,30,50,2.968022e+02
5,30,1,7.678734e+02
5,30,2,7.678734e+02
5,30,3,7.678734e+02
5,30,5,7.678734e+02
5,30,10,7.678734e+02
5,30,20,7.678734e+02
5,30,30,7.678734e+02
5,30,40,7.678734e+02
5,30,50,7.678734e+02
5,30,1,4.675459e+02
5,30,2,4.675459e+02
5,30,3,4.675459e+02
5,30,5,4.675459e+02
5,30,10,4.675459e+02
5,30,20,4.675459e+02
5,30,30,4.675459e+02
5,30,40,4.675459e+02
5,30,50,3.636799e+02
5,30,1,5.027915e+02
5,30,2,5.021894e+02
5,30,3,5.021894e+02
5,30,5,5.021894e+02
5,30,10,4.030546e+02
5,30,20,3.879347e+02
5,30,30,3.879347e+02
5,30,40,3.879347e+02
5,30,50,3.879347e+02
5,30,1,4.422526e+02
5,30,2,4.422526e+02
5,30,3,4.422526e+02
5,30,5,4.422526e+02
5,30,10,4.422526e+02
5,30,20,4.422526e+02
5,30,30,4.422526e+02
5,30,40,4.422526e+02
5,30,50,4.422526e+02
5,30,1,4.554700e+02
5,30,2,4.554700e+02
5,30,3,4.554700e+02
5,30,5,4.554700e+02
5,30,10,4.554700e+02
5,30,20,4.554700e+02
5,30,30,4.554700e+02
5,30,40,3.888394e+02
5,30,50,2.984687e+02
5,30,1,5.146966e+02
5,30,2,5.146966e+02
5,30,3,5.146966e+02
5,30,5,5.146966e+02
5,30,10,4.996734e+02
5,30,20,4.996734e+02
5,30,30,4.343428e+02
5,30,40,4.343428e+02
5,30,50,3.989750e+02
5,30,1,7.054226e+02
5,30,2,7.054226e+02
5,30,3,7.054226e+02
5,30,5,4.869528e+02
5,30,10,4.806461e+02
5,30,20,4.781003e+02
5,30,30,3.689105e+02
5,30,40,3.689105e+02
5,30,50,3.312722e+02
5,30,1,4.416677e+02
5,30,2,4.416677e+02
5,30,3,4.416677e+02
5,30,5,4.416677e+02
5,30,10,4.416677e+02
5,30,20,4.416677e+02
5,30,30,4.416677e+02
5,30,40,4.416677e+02
5,30,50,3.004398e+02
5,30,1,5.047405e+02
5,30,2,5.047405e+02
5,30,3,5.047405e+02
5,30,5,5.047405e+02
5,30,10,4.935581e+02
5,30,20,4.709184e+02
5,30,30,4.709184e+02
5,30,40,3.398945e+02
5,30,50,3.398945e+02
5,30,1,5.965429e+02
5,30,2,4.841795e+02
5,30,3,4.841795e+02
5,30,5,4.841795e+02
5,30,10,4.588005e+02
5,30,20,4.588005e+02
5,30,30,4.588005e+02
5,30,40,4.588005e+02
5,30,50,3.211721e+02
5,30,1,4.505202e+02
5,30,2,4.505202e+02
5,30,3,4.505202e+02
5,30,5,4.505202e+02
5,30,10,4.505202e+02
5,30,20,4.505202e+02
5,30,30,4.505202e+02
5,30,40,4.505202e+02
5,30,50,3.101726e+02
5,30,1,5.074941e+02
5,30,2,5.074941e+02
5,30,3,5.074941e+02
5,30,5,5.074941e+02
5,30,10,4.239401e+02
5,30,20,4.239401e+02
5,30,30,4.239401e+02
5,30,40,4.239401e+02
5,30,50,3.233729e+02
5,30,1,5.291178e+02
5,30,2,5.291178e+02
5,30,3,5.291178e+02
5,30,5,5.291178e+02
5,30,10,4.950846e+02
5,30,20,4.345206e+02
5,30,30,4.345206e+02
5,30,40,4.226375e+02
5,30,50,3.267195e+02
5,30,1,5.561453e+02
5,30,2,5.359419e+02
5,30,3,5.359419e+02
5,30,5,5.116489e+02
5,30,10,4.529110e+02
5,30,20,4.501083e+02
5,30,30,4.091552e+02
5,30,40,4.091552e+02
5,30,50,3.792225e+02
5,30,1,5.510733e+02
5,30,2,5.510733e+02
5,30,3,5.510733e+02
5,30,5,5.164632e+02
5,30,10,4.745054e+02
5,30,20,4.745054e+02
5,30,30,4.627562e+02
5,30,40,4.627562e+02
5,30,50,3.466262e+02
5,30,1,5.215207e+02
5,30,2,5.086845e+02
5,30,3,5.086845e+02
5,30,5,5.086845e+02
5,30,10,4.962582e+02
5,30,20,4.736709e+02
5,30,30,4.131279e+02
5,30,40,3.555395e+02
5,30,50,3.271966e+02
5,30,1,4.178852e+02
5,30,2,4.178852e+02
5,30,3,4.178852e+02
5,30,5,4.178852e+02
5,30,10,4.178852e+02
5,30,20,4.178852e+02
5,30,30,4.178852e+02
5,30,40,4.178852e+02
5,30,50,4.178852e+02
5,30,1,5.143044e+02
5,30,2,5.143044e+02
5,30,3,4.694087e+02
5,30,5,4.694087e+02
5,30,10,4.694087e+02
5,30,20,4.543709e+02
5,30,30,4.543709e+02
5,30,40,3.900616e+02
5,30,50,3.900616e+02
5,30,1,4.459675e+02
5,30,2,4.459675e+02
5,30,3,4.459675e+02
5,30,5,4.459675e+02
5,30,10,4.459675e+02
5,30,20,4.459675e+02
5,30,30,4.459675e+02
5,30,40,4.080994e+02
5,30,50,3.485694e+02
5,30,1,4.993610e+02
5,30,2,4.993610e+02
5,30,3,4.993610e+02
5,30,5,4.853050e+02
5,30,10,4.853050e+02
5,30,20,4.853050e+02
5,30,30,3.942041e+02
5,30,40,3.942041e+02
5,30,50,3.359893e+02
5,30,1,4.841021e+02
5,30,2,4.841021e+02
5,30,3,4.841021e+02
5,30,5,4.841021e+02
5,30,10,4.841021e+02
5,30,20,4.841021e+02
5,30,30,3.976375e+02
5,30,40,3.821055e+02
5,30,50,3.457760e+02
5,30,1,5.146293e+02
5,30,2,4.601471e+02
5,30,3,4.601471e+02
5,30,5,4.601471e+02
5,30,10,4.601471e+02
5,30,20,4.601471e+02
5,30,30,4.141313e+02
5,30,40,3.513213e+02
5,30,50,3.459970e+02
5,30,1,7.676543e+02
5,30,2,5.028285e+02
5,30,3,5.028285e+02
5,30,5,5.028285e+02
5,30,10,5.028285e+02
5,30,20,4.327663e+02
5,30,30,4.327663e+02
5,30,40,3.329970e+02
5,30,50,2.915334e+02
5,30,1,7.371031e+02
5,30,2,4.229264e+02
5,30,3,4.229264e+02
5,30,5,4.229264e+02
5,30,10,4.229264e+02
5,30,20,4.229264e+02
5,30,30,4.229264e+02
5,30,40,4.229264e+02
5,30,50,3.476335e+02
5,30,1,7.019673e+02
5,30,2,5.971886e+02
5,30,3,5.078068e+02
5,30,5,4.911439e+02
5,30,10,4.532037e+02
5,30,20,4.496241e+02
5,30,30,3.587277e+02
5,30,40,3.251025e+02
5,30,50,3.251025e+02
5,30,1,5.433270e+02
5,30,2,5.100448e+02
5,30,3,4.856391e+02
5,30,5,4.856391e+02
5,30,10,4.856391e+02
5,30,20,4.784434e+02
5,30,30,4.784434e+02
5,30,40,4.784434e+02
5,30,50,3.330343e+02
5,30,1,7.135569e+02
5,30,2,5.226278e+02
5,30,3,4.775781e+02
5,30,5,4.775781e+02
5,30,10,4.775781e+02
5,30,20,4.612715e+02
5,30,30,4.612715e+02
5,30,40,4.522552e+02
5,30,50,3.115400e+02
5,30,1,5.274644e+02
5,30,2,5.274644e+02
5,30,3,5.274644e+02
5,30,5,4.932207e+02
5,30,10,4.932207e+02
5,30,20,4.843395e+02
5,30,30,4.178307e+02
5,30,40,4.178307e+02
5,30,50,3.209834e+02
5,30,1,5.379793e+02
5,30,2,5.379793e+02
5,30,3,5.379793e+02
5,30,5,5.379793e+02
5,30,10,4.139859e+02
5,30,20,4.139859e+02
5,30,30,4.139859e+02
5,30,40,4.139859e+02
5,30,50,3.300793e+02
5,30,1,5.093937e+02
5,30,2,5.093937e+02
5,30,3,5.093937e+02
5,30,5,4.926324e+02
5,30,10,4.748272e+02
5,30,20,4.748272e+02
5,30,30,3.725190e+02
5,30,40,3.662992e+02
5,30,50,3.662992e+02
5,30,1,5.795516e+02
5,30,2,4.385091e+02
5,30,3,4.385091e+02
5,30,5,4.385091e+02
5,30,10,4.385091e+02
5,30,20,4.385091e+02
5,30,30,4.385091e+02
5,30,40,4.385091e+02
5,30,50,3.057989e+02
5,30,1,4.264246e+02
5,30,2,4.264246e+02
5,30,3,4.264246e+02
5,30,5,4.264246e+02
5,30,10,4.264246e+02
5,30,20,4.264246e+02
5,30,30,4.264246e+02
5,30,40,4.264246e+02
5,30,50,3.342197e+02
5,30,1,5.618422e+02
5,30,2,5.618422e+02
5,30,3,5.618422e+02
5,30,5,5.618422e+02
5,30,10,4.911337e+02
5,30,20,4.647303e+02
5,30,30,4.647303e+02
5,30,40,3.739102e+02
5,30,50,3.214522e+02
5,30,1,5.656607e+02
5,30,2,4.981253e+02
5,30,3,4.981253e+02
5,30,5,4.981253e+02
5,30,10,4.981253e+02
5,30,20,4.729213e+02
5,30,30,3.668419e+02
5,30,40,3.668419e+02
5,30,50,3.668419e+02
5,30,1,5.218899e+02
5,30,2,5.218899e+02
5,30,3,5.218899e+02
5,30,5,4.820864e+02
5,30,10,4.792001e+02
5,30,20,4.278502e+02
5,30,30,4.278502e+02
5,30,40,4.278502e+02
5,30,50,3.225686e+02
5,30,1,3.926703e+02
5,30,2,3.926703e+02
5,30,3,3.926703e+02
5,30,5,3.926703e+02
5,30,10,3.926703e+02
5,30,20,3.926703e+02
5,30,30,3.926703e+02
5,30,40,3.926703e+02
5,30,50,3.926703e+02
5,30,1,7.300454e+02
5,30,2,5.243773e+02
5,30,3,5.243773e+02
5,30,5,4.817357e+02
5,30,10,4.817357e+02
5,30,20,4.415453e+02
5,30,30,4.415453e+02
5,30,40,4.415453e+02
5,30,50,3.031591e+02
5,30,1,4.835157e+02
5,30,2,4.835157e+02
5,30,3,4.835157e+02
5,30,5,4.835157e+02
5,30,10,4.835157e+02
5,30,20,4.648812e+02
5,30,30,4.648812e+02
5,30,40,4.648812e+02
5,30,50,3.534502e+02
5,30,1,7.651512e+02
5,30,2,4.686515e+02
5,30,3,4.487074e+02
5,30,5,4.487074e+02
5,30,10,4.487074e+02
5,30,20,4.487074e+02
5,30,30,4.487074e+02
5,30,40,3.253530e+02
5,30,50,3.074444e+02
5,30,1,5.235563e+02
5,30,2,4.754556e+02
5,30,3,4.754556e+02
5,30,5,4.754556e+02
5,30,10,4.754556e+02
5,30,20,4.754556e+02
5,30,30,4.120629e+02
5,30,40,4.120629e+02
5,30,50,4.120629e+02
5,30,1,5.790071e+02
5,30,2,4.969678e+02
5,30,3,4.969678e+02
5,30,5,4.969678e+02
5,30,10,4.806469e+02
5,30,20,4.780707e+02
5,30,30,4.298293e+02
5,30,40,3.389948e+02
5,30,50,3.045271e+02
5,30,1,4.477657e+02
5,30,2,4.477657e+02
5,30,3,4.477657e+02
5,30,5,4.477657e+02
5,30,10,4.477657e+02
5,30,20,4.477657e+02
5,30,30,4.477657e+02
5,30,40,4.477657e+02
5,30,50,4.273552e+02
5,30,1,5.671113e+02
5,30,2,5.078001e+02
5,30,3,5.021503e+02
5,30,5,5.021503e+02
5,30,10,4.628992e+02
5,30,20,4.519785e+02
5,30,30,3.699215e+02
5,30,40,3.620574e+02
5,30,50,3.620574e+02
5,30,1,5.468078e+02
5,30,2,5.468078e+02
5,30,3,5.468078e+02
5,30,5,4.822380e+02
5,30,10,4.822380e+02
5,30,20,4.804240e+02
5,30,30,4.524307e+02
5,30,40,3.220290e+02
5,30,50,3.220290e+02
5,30,1,6.451189e+02
5,30,2,5.005168e+02
5,30,3,4.859595e+02
5,30,5,4.859595e+02
5,30,10,4.859595e+02
5,30,20,4.859595e+02
5,30,30,4.859595e+02
5,30,40,3.372928e+02
5,30,50,3.093237e+02
5,30,1,5.508459e+02
5,30,2,5.035500e+02
5,30,3,4.768174e+02
5,30,5,4.768174e+02
5,30,10,4.768174e+02
5,30,20,4.768174e+02
5,30,30,4.016936e+02
5,30,40,3.037447e+02
5,30,50,2.945061e+02
5,30,1,7.400682e+02
5,30,2,5.681934e+02
5,30,3,5.144648e+02
5,30,5,4.701703e+02
5,30,10,4.597239e+02
5,30,20,4.597239e+02
5,30,30,3.707101e+02
5,30,40,3.707101e+02
5,30,50,3.707101e+02
5,30,1,7.068350e+02
5,30,2,7.068350e+02
5,30,3,7.068350e+02
5,30,5,5.554259e+02
5,30,10,4.319805e+02
5,30,20,4.319805e+02
5,30,30,3.773433e+02
5,30,40,3.132727e+02
5,30,50,3.024656e+02
5,30,1,6.916967e+02
5,30,2,5.767582e+02
5,30,3,5.092262e+02
5,30,5,4.737570e+02
5,30,10,4.737570e+02
5,30,20,4.737570e+02
5,30,30,4.737570e+02
5,30,40,4.300967e+02
5,30,50,3.181057e+02
5,30,1,6.898946e+02
5,30,2,6.012273e+02
5,30,3,5.213151e+02
5,30,5,5.191378e+02
5,30,10,4.639989e+02
5,30,20,4.639989e+02
5,30,30,4.625638e+02
5,30,40,3.339050e+02
5,30,50,3.339050e+02
5,30,1,6.030002e+02
5,30,2,6.030002e+02
5,30,3,6.030002e+02
5,30,5,6.030002e+02
5,30,10,5.127840e+02
5,30,20,4.089952e+02
5,30,30,4.089952e+02
5,30,40,3.486963e+02
5,30,50,3.057834e+02
5,30,1,5.892283e+02
5,30,2,5.892283e+02
5,30,3,5.892283e+02
5,30,5,5.747648e+02
5,30,10,4.882285e+02
5,30,20,4.604208e+02
5,30,30,4.604208e+02
5,30,40,3.826357e+02
5,30,50,2.996523e+02
5,30,1,6.535612e+02
5,30,2,4.974233e+02
5,30,3,4.974233e+02
5,30,5,4.974233e+02
5,30,10,4.963240e+02
5,30,20,4.330198e+02
5,30,30,4.330198e+02
5,30,40,3.504055e+02
5,30,50,3.359679e+02
