funcid,dim,milestone,error
22,30,1,9.332399e+03
22,30,2,9.332399e+03
22,30,3,9.332399e+03
22,30,5,9.332399e+03
22,30,10,9.332399e+03
22,30,20,9.332399e+03
22,30,30,9.332399e+03
22,30,40,9.332399e+03
22,30,50,8.793193e+03
22,30,1,5.805418e+03
22,30,2,5.271170e+03
22,30,3,4.742098e+03
22,30,5,4.650736e+03
22,30,10,4.650736e+03
22,30,20,4.650736e+03
22,30,30,4.650736e+03
22,30,40,4.650736e+03
22,30,50,4.650736e+03
22,30,1,7.888470e+03
22,30,2,7.888470e+03
22,30,3,7.888470e+03
22,30,5,7.888470e+03
22,30,10,7.888470e+03
22,30,20,7.888470e+03
22,30,30,7.888470e+03
22,30,40,7.888470e+03
22,30,50,5.734370e+03
22,30,1,1.024202e+04
22,30,2,1.000142e+04
22,30,3,1.000142e+04
22,30,5,1.000142e+04
22,30,10,1.000142e+04
22,30,20,1.000142e+04
22,30,30,1.000142e+04
22,30,40,7.042192e+03
22,30,50,6.239142e+03
22,30,1,1.018133e+04
22,30,2,1.018133e+04
22,30,3,9.912705e+03
22,30,5,9.719807e+03
22,30,10,9.719807e+03
22,30,20,9.719807e+03
22,30,30,9.719807e+03
22,30,40,9.719807e+03
22,30,50,9.719807e+03
22,30,1,8.312516e+03
22,30,2,8.312516e+03
22,30,3,8.312516e+03
22,30,5,8.312516e+03
22,30,10,8.312516e+03
22,30,20,8.312516e+03
22,30,30,8.312516e+03
22,30,40,8.312516e+03
22,30,50,8.312516e+03
22,30,1,9.071678e+03
22,30,2,9.071678e+03
22,30,3,7.523587e+03
22,30,5,7.523587e+03
22,30,10,7.523587e+03
22,30,20,7.523587e+03
22,30,30,7.523587e+03
22,30,40,7.523587e+03
22,30,50,6.039015e+03
22,30,1,9.902769e+03
22,30,2,9.902769e+03
22,30,3,9.902769e+03
22,30,5,9.902769e+03
22,30,10,9.902769e+03
22,30,20,9.902769e+03
22,30,30,9.902769e+03
22,30,40,6.243065e+03
22,30,50,5.624216e+03
22,30,1,9.247511e+03
22,30,2,9.247511e+03
22,30,3,9.247511e+03
22,30,5,9.247511e+03
22,30,10,9.247511e+03
22,30,20,9.247511e+03
22,30,30,9.247511e+03
22,30,40,9.247511e+03
22,30,50,9.247511e+03
22,30,1,1.035523e+04
22,30,2,1.035523e+04
22,30,3,1.035523e+04
22,30,5,1.035523e+04
22,30,10,1.035523e+04
22,30,20,1.035523e+04
22,30,30,1.035523e+04
22,30,40,9.244843e+03
22,30,50,7.355261e+03
22,30,1,9.319824e+03
22,30,2,7.795233e+03
22,30,3,7.795233e+03
22,30,5,7.795233e+03
22,30,10,7.795233e+03
22,30,20,7.795233e+03
22,30,30,7.795233e+03
22,30,40,7.795233e+03
22,30,50,7.317273e+03
22,30,1,9.118657e+03
22,30,2,9.118657e+03
22,30,3,9.118657e+03
22,30,5,9.118657e+03
22,30,10,9.118657e+03
22,30,20,9.118657e+03
22,30,30,9.118657e+03
22,30,40,9.118657e+03
22,30,50,9.118657e+03
22,30,1,9.787951e+03
22,30,2,9.787951e+03
22,30,3,9.787951e+03
22,30,5,9.052895e+03
22,30,10,9.052895e+03
22,30,20,9.052895e+03
22,30,30,9.052895e+03
22,30,40,6.554148e+03
22,30,50,6.027844e+03
22,30,1,9.996489e+03
22,30,2,9.996489e+03
22,30,3,9.996489e+03
22,30,5,9.996489e+03
22,30,10,9.996489e+03
22,30,20,9.996489e+03
22,30,30,9.996489e+03
22,30,40,9.996489e+03
22,30,50,7.252224e+03
22,30,1,9.719620e+03
22,30,2,9.719620e+03
22,30,3,9.719620e+03
22,30,5,9.719620e+03
22,30,10,9.719620e+03
22,30,20,8.685401e+03
22,30,30,8.453551e+03
22,30,40,6.116512e+03
22,30,50,5.550731e+03
22,30,1,8.667498e+03
22,30,2,8.667498e+03
22,30,3,8.667498e+03
22,30,5,8.667498e+03
22,30,10,8.667498e+03
22,30,20,8.667498e+03
22,30,30,8.667498e+03
22,30,40,8.667498e+03
22,30,50,6.450764e+03
22,30,1,9.898693e+03
22,30,2,9.898693e+03
22,30,3,9.898693e+03
22,30,5,9.898693e+03
22,30,10,9.898693e+03
22,30,20,9.898693e+03
22,30,30,9.898693e+03
22,30,40,9.898693e+03
22,30,50,9.898693e+03
22,30,1,9.492524e+03
22,30,2,9.492524e+03
22,30,3,9.422686e+03
22,30,5,9.192862e+03
22,30,10,9.192862e+03
22,30,20,9.192862e+03
22,30,30,9.192862e+03
22,30,40,9.192862e+03
22,30,50,6.889804e+03
22,30,1,7.708080e+03
22,30,2,7.498850e+03
22,30,3,7.498850e+03
22,30,5,7.498850e+03
22,30,10,7.498850e+03
22,30,20,7.498850e+03
22,30,30,7.498850e+03
22,30,40,7.498850e+03
22,30,50,7.498850e+03
22,30,1,1.050419e+04
22,30,2,1.050419e+04
22,30,3,1.050419e+04
22,30,5,1.050419e+04
22,30,10,1.050419e+04
22,30,20,9.055594e+03
22,30,30,8.702266e+03
22,30,40,8.702266e+03
22,30,50,6.146970e+03
22,30,1,8.047065e+03
22,30,2,8.047065e+03
22,30,3,8.047065e+03
22,30,5,8.047065e+03
22,30,10,8.047065e+03
22,30,20,8.047065e+03
22,30,30,8.047065e+03
22,30,40,8.047065e+03
22,30,50,5.136177e+03
22,30,1,9.097552e+03
22,30,2,9.097552e+03
22,30,3,9.097552e+03
22,30,5,9.097552e+03
22,30,10,9.097552e+03
22,30,20,9.097552e+03
22,30,30,9.097552e+03
22,30,40,9.097552e+03
22,30,50,9.097552e+03
22,30,1,8.775081e+03
22,30,2,8.767091e+03
22,30,3,8.767091e+03
22,30,5,8.767091e+03
22,30,10,8.767091e+03
22,30,20,8.767091e+03
22,30,30,8.767091e+03
22,30,40,8.767091e+03
22,30,50,6.340983e+03
22,30,1,9.853908e+03
22,30,2,9.507278e+03
22,30,3,9.507278e+03
22,30,5,9.190362e+03
22,30,10,9.190362e+03
22,30,20,8.710322e+03
22,30,30,8.710322e+03
22,30,40,8.710322e+03
22,30,50,7.368145e+03
22,30,1,9.224140e+03
22,30,2,9.224140e+03
22,30,3,9.224140e+03
22,30,5,9.224140e+03
22,30,10,9.224140e+03
22,30,20,9.224140e+03
22,30,30,9.224140e+03
22,30,40,9.224140e+03
22,30,50,9.224140e+03
22,30,1,9.832866e+03
22,30,2,9.832866e+03
22,30,3,9.832866e+03
22,30,5,9.832866e+03
22,30,10,9.429584e+03
22,30,20,9.429584e+03
22,30,30,9.429584e+03
22,30,40,9.429584e+03
22,30,50,9.429584e+03
22,30,1,9.258126e+03
22,30,2,9.258126e+03
22,30,3,9.258126e+03
22,30,5,8.928800e+03
22,30,10,8.928800e+03
22,30,20,8.928800e+03
22,30,30,8.928800e+03
22,30,40,8.928800e+03
22,30,50,8.928800e+03
22,30,1,9.568286e+03
22,30,2,9.066796e+03
22,30,3,8.728420e+03
22,30,5,8.728420e+03
22,30,10,8.728420e+03
22,30,20,8.728420e+03
22,30,30,8.268214e+03
22,30,40,8.268214e+03
22,30,50,6.909147e+03
22,30,1,8.529189e+03
22,30,2,8.529189e+03
22,30,3,8.529189e+03
22,30,5,8.529189e+03
22,30,10,8.529189e+03
22,30,20,8.529189e+03
22,30,30,8.529189e+03
22,30,40,8.529189e+03
22,30,50,8.529189e+03
22,30,1,1.024581e+04
22,30,2,1.024581e+04
22,30,3,1.024581e+04
22,30,5,1.024581e+04
22,30,10,1.024581e+04
22,30,20,1.024581e+04
22,30,30,1.024581e+04
22,30,40,1.024581e+04
22,30,50,1.024581e+04
22,30,1,8.446294e+03
22,30,2,8.446294e+03
22,30,3,8.446294e+03
22,30,5,8.446294e+03
22,30,10,8.446294e+03
22,30,20,8.446294e+03
22,30,30,8.446294e+03
22,30,40,8.446294e+03
22,30,50,8.446294e+03
22,30,1,9.564899e+03
22,30,2,9.267983e+03
22,30,3,9.267983e+03
22,30,5,9.176583e+03
22,30,10,6.749612e+03
22,30,20,6.749612e+03
22,30,30,6.749612e+03
22,30,40,6.749612e+03
22,30,50,5.878795e+03
22,30,1,9.023588e+03
22,30,2,9.023588e+03
22,30,3,9.023588e+03
22,30,5,9.023588e+03
22,30,10,9.023588e+03
22,30,20,9.023588e+03
22,30,30,9.023588e+03
22,30,40,9.023588e+03
22,30,50,9.023588e+03
22,30,1,9.727357e+03
22,30,2,9.727357e+03
22,30,3,9.727357e+03
22,30,5,9.691323e+03
22,30,10,9.691323e+03
22,30,20,9.372088e+03
22,30,30,9.372088e+03
22,30,40,6.702578e+03
22,30,50,6.283561e+03
22,30,1,9.230301e+03
22,30,2,9.230301e+03
22,30,3,9.230301e+03
22,30,5,9.230301e+03
22,30,10,9.230301e+03
22,30,20,9.230301e+03
22,30,30,9.230301e+03
22,30,40,9.230301e+03
22,30,50,6.383572e+03
22,30,1,8.607928e+03
22,30,2,8.607928e+03
22,30,3,8.607928e+03
22,30,5,8.607928e+03
22,30,10,8.607928e+03
22,30,20,8.607928e+03
22,30,30,8.607928e+03
22,30,40,8.607928e+03
22,30,50,8.607928e+03
22,30,1,8.997027e+03
22,30,2,8.997027e+03
22,30,3,8.997027e+03
22,30,5,8.997027e+03
22,30,10,8.997027e+03
22,30,20,8.997027e+03
22,30,30,8.997027e+03
22,30,40,8.997027e+03
22,30,50,8.997027e+03
22,30,1,1.030069e+04
22,30,2,1.030069e+04
22,30,3,1.030069e+04
22,30,5,1.030069e+04
22,30,10,1.030069e+04
22,30,20,1.030069e+04
22,30,30,1.030069e+04
22,30,40,1.030069e+04
22,30,50,1.030069e+04
22,30,1,1.074907e+04
22,30,2,1.074907e+04
22,30,3,1.074907e+04
22,30,5,1.049580e+04
22,30,10,1.049580e+04
22,30,20,1.049580e+04
22,30,30,1.049580e+04
22,30,40,7.117019e+03
22,30,50,7.117019e+03
22,30,1,8.898202e+03
22,30,2,8.898202e+03
22,30,3,8.898202e+03
22,30,5,8.898202e+03
22,30,10,8.898202e+03
22,30,20,8.898202e+03
22,30,30,8.898202e+03
22,30,40,8.898202e+03
22,30,50,8.898202e+03
22,30,1,1.000993e+04
22,30,2,1.000993e+04
22,30,3,1.000993e+04
22,30,5,1.000993e+04
22,30,10,1.000993e+04
22,30,20,9.332314e+03
22,30,30,7.767184e+03
22,30,40,7.767184e+03
22,30,50,6.969043e+03
22,30,1,9.707899e+03
22,30,2,9.707899e+03
22,30,3,9.707899e+03
22,30,5,9.707899e+03
22,30,10,9.707899e+03
22,30,20,9.707899e+03
22,30,30,9.707899e+03
22,30,40,9.707899e+03
22,30,50,9.707899e+03
22,30,1,9.917109e+03
22,30,2,9.917109e+03
22,30,3,9.917109e+03
22,30,5,9.917109e+03
22,30,10,9.917109e+03
22,30,20,8.134702e+03
22,30,30,8.134702e+03
22,30,40,8.134702e+03
22,30,50,6.903205e+03
22,30,1,9.099913e+03
22,30,2,9.099913e+03
22,30,3,9.099913e+03
22,30,5,9.099913e+03
22,30,10,9.099913e+03
22,30,20,9.099913e+03
22,30,30,7.345793e+03
22,30,40,7.345793e+03
22,30,50,7.345793e+03
22,30,1,9.547469e+03
22,30,2,9.547469e+03
22,30,3,9.547469e+03
22,30,5,9.547469e+03
22,30,10,9.547469e+03
22,30,20,9.547469e+03
22,30,30,8.358080e+03
22,30,40,8.183915e+03
22,30,50,6.764666e+03
22,30,1,9.192008e+03
22,30,2,9.192008e+03
22,30,3,9.192008e+03
22,30,5,9.192008e+03
22,30,10,8.421477e+03
22,30,20,8.421477e+03
22,30,30,8.295491e+03
22,30,40,8.295491e+03
22,30,50,5.768051e+03
22,30,1,1.002407e+04
22,30,2,1.002407e+04
22,30,3,1.002407e+04
22,30,5,1.002407e+04
22,30,10,1.002407e+04
22,30,20,1.002407e+04
22,30,30,1.002407e+04
22,30,40,1.002407e+04
22,30,50,1.002407e+04
22,30,1,9.215471e+03
22,30,2,9.215471e+03
22,30,3,9.215471e+03
22,30,5,9.215471e+03
22,30,10,9.215471e+03
22,30,20,9.123747e+03
22,30,30,7.474242e+03
22,30,40,7.039434e+03
22,30,50,5.583816e+03
22,30,1,9.922316e+03
22,30,2,9.922316e+03
22,30,3,9.922316e+03
22,30,5,9.922316e+03
22,30,10,9.922316e+03
22,30,20,9.922316e+03
22,30,30,9.922316e+03
22,30,40,9.922316e+03
22,30,50,9.922316e+03
22,30,1,1.048484e+04
22,30,2,1.048484e+04
22,30,3,9.246968e+03
22,30,5,8.925163e+03
22,30,10,8.925163e+03
22,30,20,8.925163e+03
22,30,30,8.925163e+03
22,30,40,8.925163e+03
22,30,50,8.925163e+03
22,30,1,7.214657e+03
22,30,2,7.214657e+03
22,30,3,7.214657e+03
22,30,5,7.214657e+03
22,30,10,7.214657e+03
22,30,20,7.214657e+03
22,30,30,7.214657e+03
22,30,40,7.214657e+03
22,30,50,6.540347e+03
22,30,1,9.721485e+03
22,30,2,9.721485e+03
22,30,3,9.721485e+03
22,30,5,9.721485e+03
22,30,10,8.670993e+03
22,30,20,8.670993e+03
22,30,30,8.670993e+03
22,30,40,8.324202e+03
22,30,50,5.585745e+03
22,30,1,1.024986e+04
22,30,2,1.024986e+04
22,30,3,1.024986e+04
22,30,5,1.024986e+04
22,30,10,1.024986e+04
22,30,20,1.024986e+04
22,30,30,8.579077e+03
22,30,40,8.327815e+03
22,30,50,6.900664e+03
22,30,1,1.003361e+04
22,30,2,1.003361e+04
22,30,3,1.003361e+04
22,30,5,1.003361e+04
22,30,10,1.003361e+04
22,30,20,1.003361e+04
22,30,30,1.003361e+04
22,30,40,1.003361e+04
22,30,50,1.003361e+04
22,30,1,8.436391e+03
22,30,2,8.436391e+03
22,30,3,8.436391e+03
22,30,5,8.436391e+03
22,30,10,8.436391e+03
22,30,20,8.436391e+03
22,30,30,8.436391e+03
22,30,40,6.919868e+03
22,30,50,6.503633e+03
22,30,1,1.011196e+04
22,30,2,1.011196e+04
22,30,3,1.011196e+04
22,30,5,1.011196e+04
22,30,10,1.011196e+04
22,30,20,1.011196e+04
22,30,30,1.011196e+04
22,30,40,1.011196e+04
22,30,50,1.011196e+04
22,30,1,8.915376e+03
22,30,2,8.179611e+03
22,30,3,8.179611e+03
22,30,5,8.179611e+03
22,30,10,8.179611e+03
22,30,20,8.179611e+03
22,30,30,8.179611e+03
22,30,40,8.179611e+03
22,30,50,6.894400e+03
22,30,1,1.030480e+04
22,30,2,1.030480e+04
22,30,3,1.030480e+04
22,30,5,1.030480e+04
22,30,10,9.225766e+03
22,30,20,9.225766e+03
22,30,30,9.225766e+03
22,30,40,9.225766e+03
22,30,50,9.225766e+03
22,30,1,8.995074e+03
22,30,2,8.995074e+03
22,30,3,8.995074e+03
22,30,5,8.995074e+03
22,30,10,8.995074e+03
22,30,20,8.995074e+03
22,30,30,8.968129e+03
22,30,40,6.469186e+03
22,30,50,6.469186e+03
22,30,1,9.487955e+03
22,30,2,9.487955e+03
22,30,3,9.487955e+03
22,30,5,9.487955e+03
22,30,10,9.487955e+03
22,30,20,9.487955e+03
22,30,30,9.487955e+03
22,30,40,9.487955e+03
22,30,50,9.487955e+03
22,30,1,1.050749e+04
22,30,2,1.041969e+04
22,30,3,1.041969e+04
22,30,5,1.041969e+04
22,30,10,1.041969e+04
22,30,20,1.041969e+04
22,30,30,9.634927e+03
22,30,40,6.681210e+03
22,30,50,6.681210e+03
22,30,1,9.653573e+03
22,30,2,9.556790e+03
22,30,3,9.556790e+03
22,30,5,9.556790e+03
22,30,10,9.556790e+03
22,30,20,9.556790e+03
22,30,30,9.556790e+03
22,30,40,7.873940e+03
22,30,50,6.499183e+03
22,30,1,9.472530e+03
22,30,2,9.472530e+03
22,30,3,9.472530e+03
22,30,5,9.472530e+03
22,30,10,9.472530e+03
22,30,20,8.607376e+03
22,30,30,8.607376e+03
22,30,40,8.607376e+03
22,30,50,8.607376e+03
22,30,1,1.033973e+04
22,30,2,1.033973e+04
22,30,3,1.033973e+04
22,30,5,1.033973e+04
22,30,10,1.033973e+04
22,30,20,1.033973e+04
22,30,30,1.033973e+04
22,30,40,7.525162e+03
22,30,50,7.525162e+03
22,30,1,9.362398e+03
22,30,2,9.362398e+03
22,30,3,9.362398e+03
22,30,5,9.362398e+03
22,30,10,9.362398e+03
22,30,20,9.362398e+03
22,30,30,7.862805e+03
22,30,40,7.022517e+03
22,30,50,5.681565e+03
22,30,1,9.045375e+03
22,30,2,9.045375e+03
22,30,3,9.045375e+03
22,30,5,9.045375e+03
22,30,10,9.045375e+03
22,30,20,9.045375e+03
22,30,30,8.051148e+03
22,30,40,7.972436e+03
22,30,50,6.047394e+03
22,30,1,8.376901e+03
22,30,2,8.376901e+03
22,30,3,8.376901e+03
22,30,5,8.376901e+03
22,30,10,8.376901e+03
22,30,20,8.376901e+03
22,30,30,8.376901e+03
22,30,40,7.454883e+03
22,30,50,6.920121e+03
22,30,1,9.107586e+03
22,30,2,9.107586e+03
22,30,3,9.107586e+03
22,30,5,9.107586e+03
22,30,10,9.107586e+03
22,30,20,9.107586e+03
22,30,30,9.107586e+03
22,30,40,7.754582e+03
22,30,50,6.525016e+03
22,30,1,1.042041e+04
22,30,2,1.042041e+04
22,30,3,8.650254e+03
22,30,5,8.650254e+03
22,30,10,8.650254e+03
22,30,20,8.650254e+03
22,30,30,8.650254e+03
22,30,40,8.650254e+03
22,30,50,8.650254e+03
22,30,1,1.062588e+04
22,30,2,1.062588e+04
22,30,3,1.062588e+04
22,30,5,9.289582e+03
22,30,10,9.289582e+03
22,30,20,9.289582e+03
22,30,30,7.537124e+03
22,30,40,6.574962e+03
22,30,50,6.554185e+03
22,30,1,9.845994e+03
22,30,2,9.845994e+03
22,30,3,9.845994e+03
22,30,5,9.845994e+03
22,30,10,9.845994e+03
22,30,20,9.845994e+03
22,30,30,8.907755e+03
22,30,40,6.855014e+03
22,30,50,6.116881e+03
22,30,1,1.053012e+04
22,30,2,1.053012e+04
22,30,3,1.053012e+04
22,30,5,1.053012e+04
22,30,10,1.053012e+04
22,30,20,1.053012e+04
22,30,30,8.129321e+03
22,30,40,8.129321e+03
22,30,50,6.600173e+03
22,30,1,9.857299e+03
22,30,2,8.695831e+03
22,30,3,8.695831e+03
22,30,5,8.695831e+03
22,30,10,8.695831e+03
22,30,20,8.695831e+03
22,30,30,8.695831e+03
22,30,40,8.695831e+03
22,30,50,8.695831e+03
22,30,1,9.590482e+03
22,30,2,9.457533e+03
22,30,3,9.198865e+03
22,30,5,9.198865e+03
22,30,10,9.198865e+03
22,30,20,9.198865e+03
22,30,30,9.198865e+03
22,30,40,9.198865e+03
22,30,50,9.198865e+03
22,30,1,9.024685e+03
22,30,2,8.440734e+03
22,30,3,8.440734e+03
22,30,5,8.440734e+03
22,30,10,8.440734e+03
22,30,20,8.440734e+03
22,30,30,8.440734e+03
22,30,40,7.125511e+03
22,30,50,6.253332e+03
22,30,1,9.068023e+03
22,30,2,9.068023e+03
22,30,3,9.068023e+03
22,30,5,9.068023e+03
22,30,10,9.068023e+03
22,30,20,9.068023e+03
22,30,30,9.068023e+03
22,30,40,9.068023e+03
22,30,50,9.068023e+03
22,30,1,1.014043e+04
22,30,2,1.000202e+04
22,30,3,1.000202e+04
22,30,5,1.000202e+04
22,30,10,1.000202e+04
22,30,20,7.806176e+03
22,30,30,7.806176e+03
22,30,40,7.806176e+03
22,30,50,7.806176e+03
22,30,1,9.023465e+03
22,30,2,9.023465e+03
22,30,3,9.023465e+03
22,30,5,9.023465e+03
22,30,10,9.023465e+03
22,30,20,9.023465e+03
22,30,30,9.023465e+03
22,30,40,9.023465e+03
22,30,50,9.023465e+03
22,30,1,9.667764e+03
22,30,2,9.667764e+03
22,30,3,9.308105e+03
22,30,5,9.308105e+03
22,30,10,9.308105e+03
22,30,20,9.308105e+03
22,30,30,9.308105e+03
22,30,40,8.727551e+03
22,30,50,7.071677e+03
22,30,1,9.078884e+03
22,30,2,9.078884e+03
22,30,3,9.078884e+03
22,30,5,9.078884e+03
22,30,10,9.078884e+03
22,30,20,9.078884e+03
22,30,30,9.078884e+03
22,30,40,9.078884e+03
22,30,50,9.078884e+03
22,30,1,9.927970e+03
22,30,2,8.931748e+03
22,30,3,8.931748e+03
22,30,5,8.931748e+03
22,30,10,8.931748e+03
22,30,20,8.931748e+03
22,30,30,8.931748e+03
22,30,40,8.931748e+03
22,30,50,8.931748e+03
22,30,1,8.777799e+03
22,30,2,8.777799e+03
22,30,3,8.777799e+03
22,30,5,8.777799e+03
22,30,10,8.777799e+03
22,30,20,8.777799e+03
22,30,30,8.777799e+03
22,30,40,8.777799e+03
22,30,50,6.124352e+03
22,30,1,9.770906e+03
22,30,2,9.770906e+03
22,30,3,9.770906e+03
22,30,5,9.770906e+03
22,30,10,9.770906e+03
22,30,20,9.770906e+03
22,30,30,9.770906e+03
22,30,40,9.770906e+03
22,30,50,7.767894e+03
22,30,1,8.789502e+03
22,30,2,8.789502e+03
22,30,3,8.789502e+03
22,30,5,8.789502e+03
22,30,10,8.789502e+03
22,30,20,8.789502e+03
22,30,30,8.789502e+03
22,30,40,8.789502e+03
22,30,50,8.789502e+03
22,30,1,8.040150e+03
22,30,2,8.040150e+03
22,30,3,8.040150e+03
22,30,5,8.040150e+03
22,30,10,8.040150e+03
22,30,20,8.040150e+03
22,30,30,8.040150e+03
22,30,40,8.040150e+03
22,30,50,8.040150e+03
22,30,1,9.213903e+03
22,30,2,9.213903e+03
22,30,3,8.906939e+03
22,30,5,8.566489e+03
22,30,10,8.566489e+03
22,30,20,8.566489e+03
22,30,30,8.566489e+03
22,30,40,8.566489e+03
22,30,50,6.800754e+03
22,30,1,9.006553e+03
22,30,2,9.006553e+03
22,30,3,9.006553e+03
22,30,5,9.006553e+03
22,30,10,9.006553e+03
22,30,20,9.006553e+03
22,30,30,8.411949e+03
22,30,40,8.411949e+03
22,30,50,7.817658e+03
22,30,1,9.348185e+03
22,30,2,9.348185e+03
22,30,3,9.348185e+03
22,30,5,8.627410e+03
22,30,10,8.627410e+03
22,30,20,8.627410e+03
22,30,30,8.627410e+03
22,30,40,8.627410e+03
22,30,50,6.280825e+03
22,30,1,1.088074e+04
22,30,2,1.088074e+04
22,30,3,1.088074e+04
22,30,5,1.088074e+04
22,30,10,1.088074e+04
22,30,20,9.004586e+03
22,30,30,8.958125e+03
22,30,40,7.041953e+03
22,30,50,6.780999e+03
22,30,1,9.501393e+03
22,30,2,9.501393e+03
22,30,3,9.330908e+03
22,30,5,9.330908e+03
22,30,10,9.330908e+03
22,30,20,7.551956e+03
22,30,30,7.297485e+03
22,30,40,7.297485e+03
22,30,50,6.048052e+03
22,30,1,8.829905e+03
22,30,2,8.829905e+03
22,30,3,8.829905e+03
22,30,5,8.829905e+03
22,30,10,8.829905e+03
22,30,20,8.829905e+03
22,30,30,8.829905e+03
22,30,40,7.169192e+03
22,30,50,5.885765e+03
22,30,1,9.164113e+03
22,30,2,9.164113e+03
22,30,3,9.164113e+03
22,30,5,9.164113e+03
22,30,10,9.164113e+03
22,30,20,9.164113e+03
22,30,30,9.164113e+03
22,30,40,9.164113e+03
22,30,50,9.164113e+03
22,30,1,1.017216e+04
22,30,2,1.017216e+04
22,30,3,9.384511e+03
22,30,5,8.363037e+03
22,30,10,8.363037e+03
22,30,20,8.363037e+03
22,30,30,8.363037e+03
22,30,40,7.430221e+03
22,30,50,5.938310e+03
22,30,1,9.131800e+03
22,30,2,9.131800e+03
22,30,3,9.131800e+03
22,30,5,9.131800e+03
22,30,10,9.131800e+03
22,30,20,9.131800e+03
22,30,30,9.131800e+03
22,30,40,9.131800e+03
22,30,50,9.131800e+03
22,30,1,1.008790e+04
22,30,2,1.008790e+04
22,30,3,1.008790e+04
22,30,5,1.008790e+04
22,30,10,1.008790e+04
22,30,20,1.008790e+04
22,30,30,1.008790e+04
22,30,40,1.008790e+04
22,30,50,1.008790e+04
22,30,1,9.270350e+03
22,30,2,9.270350e+03
22,30,3,9.270350e+03
22,30,5,9.270350e+03
22,30,10,9.270350e+03
22,30,20,9.270350e+03
22,30,30,9.270350e+03
22,30,40,6.845713e+03
22,30,50,5.850661e+03
22,30,1,8.177388e+03
22,30,2,8.177388e+03
22,30,3,8.177388e+03
22,30,5,8.177388e+03
22,30,10,8.177388e+03
22,30,20,8.177388e+03
22,30,30,8.177388e+03
22,30,40,8.177388e+03
22,30,50,8.177388e+03
22,30,1,9.577018e+03
22,30,2,9.577018e+03
22,30,3,9.577018e+03
22,30,5,9.577018e+03
22,30,10,9.577018e+03
22,30,20,9.577018e+03
22,30,30,9.577018e+03
22,30,40,9.577018e+03
22,30,50,9.577018e+03
22,30,1,1.000464e+04
22,30,2,1.000464e+04
22,30,3,1.000464e+04
22,30,5,1.000464e+04
22,30,10,1.000464e+04
22,30,20,1.000464e+04
22,30,30,1.000464e+04
22,30,40,1.000464e+04
22,30,50,7.283301e+03
22,30,1,8.984438e+03
22,30,2,8.984438e+03
22,30,3,8.984438e+03
22,30,5,8.341778e+03
22,30,10,8.292898e+03
22,30,20,8.292898e+03
22,30,30,8.292898e+03
22,30,40,8.292898e+03
22,30,50,8.292898e+03
22,30,1,9.611731e+03
22,30,2,8.570668e+03
22,30,3,8.570668e+03
22,30,5,8.570668e+03
22,30,10,8.570668e+03
22,30,20,8.570668e+03
22,30,30,8.570668e+03
22,30,40,8.570668e+03
22,30,50,8.570668e+03
22,30,1,9.453878e+03
22,30,2,9.453878e+03
22,30,3,9.453878e+03
22,30,5,9.453878e+03
22,30,10,9.453878e+03
22,30,20,9.453878e+03
22,30,30,9.453878e+03
22,30,40,9.453878e+03
22,30,50,7.751349e+03
22,30,1,1.005134e+04
22,30,2,1.005134e+04
22,30,3,9.444223e+03
22,30,5,9.444223e+03
22,30,10,9.444223e+03
22,30,20,8.049514e+03
22,30,30,8.049514e+03
22,30,40,8.049514e+03
22,30,50,5.907504e+03
22,30,1,9.224246e+03
22,30,2,9.224246e+03
22,30,3,9.224246e+03
22,30,5,9.224246e+03
22,30,10,9.224246e+03
22,30,20,8.833319e+03
22,30,30,8.584533e+03
22,30,40,8.584533e+03
22,30,50,6.164439e+03
22,30,1,9.331770e+03
22,30,2,9.331770e+03
22,30,3,9.331770e+03
22,30,5,9.331770e+03
22,30,10,9.331770e+03
22,30,20,9.331770e+03
22,30,30,8.570826e+03
22,30,40,8.202859e+03
22,30,50,5.999637e+03
22,30,1,9.200400e+03
22,30,2,9.200400e+03
22,30,3,9.200400e+03
22,30,5,9.200400e+03
22,30,10,9.200400e+03
22,30,20,9.200400e+03
22,30,30,7.106666e+03
22,30,40,6.541511e+03
22,30,50,6.333947e+03
22,30,1,9.421492e+03
22,30,2,9.421492e+03
22,30,3,9.421492e+03
22,30,5,9.421492e+03
22,30,10,9.326005e+03
22,30,20,7.328424e+03
22,30,30,7.328424e+03
22,30,40,6.099533e+03
22,30,50,5.372186e+03
22,30,1,8.098257e+03
22,30,2,8.098257e+03
22,30,3,8.098257e+03
22,30,5,8.098257e+03
22,30,10,8.098257e+03
22,30,20,8.098257e+03
22,30,30,8.098257e+03
22,30,40,8.098257e+03
22,30,50,7.144213e+03
22,30,1,9.522457e+03
22,30,2,9.330529e+03
22,30,3,9.330529e+03
22,30,5,9.330529e+03
22,30,10,9.330529e+03
22,30,20,7.429706e+03
22,30,30,7.429706e+03
22,30,40,7.429706e+03
22,30,50,7.387753e+03
22,30,1,9.699038e+03
22,30,2,9.170338e+03
22,30,3,9.170338e+03
22,30,5,8.999555e+03
22,30,10,8.999555e+03
22,30,20,8.999555e+03
22,30,30,7.109131e+03
22,30,40,7.109131e+03
22,30,50,7.109131e+03
22,30,1,9.071044e+03
22,30,2,9.071044e+03
22,30,3,9.071044e+03
22,30,5,9.071044e+03
22,30,10,9.071044e+03
22,30,20,9.071044e+03
22,30,30,8.413794e+03
22,30,40,8.413794e+03
22,30,50,6.414052e+03
22,30,1,8.937010e+03
22,30,2,8.937010e+03
22,30,3,8.937010e+03
22,30,5,8.937010e+03
22,30,10,8.829083e+03
22,30,20,8.829083e+03
22,30,30,7.796536e+03
22,30,40,6.832031e+03
22,30,50,6.592653e+03
22,30,1,8.162794e+03
22,30,2,8.162794e+03
22,30,3,8.162794e+03
22,30,5,8.162794e+03
22,30,10,8.162794e+03
22,30,20,7.451924e+03
22,30,30,7.451924e+03
22,30,40,7.451924e+03
22,30,50,7.451924e+03
22,30,1,9.745277e+03
22,30,2,9.745277e+03
22,30,3,9.745277e+03
22,30,5,9.745277e+03
22,30,10,8.998660e+03
22,30,20,8.018794e+03
22,30,30,7.516654e+03
22,30,40,7.516654e+03
22,30,50,6.706650e+03
22,30,1,8.049447e+03
22,30,2,8.049447e+03
22,30,3,8.049447e+03
22,30,5,8.049447e+03
22,30,10,8.049447e+03
22,30,20,8.049447e+03
22,30,30,8.049447e+03
22,30,40,8.049447e+03
22,30,50,6.253890e+03
22,30,1,9.198621e+03
22,30,2,9.198621e+03
22,30,3,9.198621e+03
22,30,5,9.198621e+03
22,30,10,9.198621e+03
22,30,20,9.198621e+03
22,30,30,8.182006e+03
22,30,40,6.189142e+03
22,30,50,5.078978e+03
22,30,1,9.746170e+03
22,30,2,9.624201e+03
22,30,3,9.624201e+03
22,30,5,9.624201e+03
22,30,10,9.624201e+03
22,30,20,9.272843e+03
22,30,30,7.586813e+03
22,30,40,5.402574e+03
22,30,50,5.257577e+03
22,30,1,8.907769e+03
22,30,2,8.810960e+03
22,30,3,8.810960e+03
22,30,5,8.810960e+03
22,30,10,8.810960e+03
22,30,20,8.810960e+03
22,30,30,8.696060e+03
22,30,40,7.345697e+03
22,30,50,6.052332e+03
22,30,1,9.667885e+03
22,30,2,9.414986e+03
22,30,3,9.414986e+03
22,30,5,9.414986e+03
22,30,10,9.414986e+03
22,30,20,8.285567e+03
22,30,30,8.285567e+03
22,30,40,6.174620e+03
22,30,50,5.709882e+03
22,30,1,9.127049e+03
22,30,2,7.800639e+03
22,30,3,7.800639e+03
22,30,5,7.800639e+03
22,30,10,7.800639e+03
22,30,20,7.800639e+03
22,30,30,7.800639e+03
22,30,40,7.800639e+03
22,30,50,6.838817e+03
22,30,1,9.206832e+03
22,30,2,9.206832e+03
22,30,3,9.206832e+03
22,30,5,9.206832e+03
22,30,10,9.206832e+03
22,30,20,9.206832e+03
22,30,30,7.879539e+03
22,30,40,7.016447e+03
22,30,50,5.476921e+03
22,30,1,8.742260e+03
22,30,2,8.742260e+03
22,30,3,8.742260e+03
22,30,5,8.742260e+03
22,30,10,8.742260e+03
22,30,20,8.742260e+03
22,30,30,8.742260e+03
22,30,40,7.561016e+03
22,30,50,7.504212e+03
22,30,1,9.547534e+03
22,30,2,9.547534e+03
22,30,3,9.547534e+03
22,30,5,8.589282e+03
22,30,10,8.589282e+03
22,30,20,8.589282e+03
22,30,30,8.589282e+03
22,30,40,6.046789e+03
22,30,50,5.628103e+03
22,30,1,9.536653e+03
22,30,2,9.536653e+03
22,30,3,9.536653e+03
22,30,5,9.536653e+03
22,30,10,9.489858e+03
22,30,20,8.202647e+03
22,30,30,8.202647e+03
22,30,40,6.685561e+03
22,30,50,5.636226e+03
22,30,1,8.591688e+03
22,30,2,8.591688e+03
22,30,3,8.591688e+03
22,30,5,8.591688e+03
22,30,10,8.591688e+03
22,30,20,8.591688e+03
22,30,30,8.591688e+03
22,30,40,8.591688e+03
22,30,50,6.822480e+03
22,30,1,9.156784e+03
22,30,2,8.698091e+03
22,30,3,8.698091e+03
22,30,5,8.698091e+03
22,30,10,8.698091e+03
22,30,20,8.485469e+03
22,30,30,7.075263e+03
22,30,40,7.075263e+03
22,30,50,7.075263e+03
22,30,1,9.169531e+03
22,30,2,9.169531e+03
22,30,3,9.169531e+03
22,30,5,9.169531e+03
22,30,10,9.169531e+03
22,30,20,8.825918e+03
22,30,30,8.825918e+03
22,30,40,6.372684e+03
22,30,50,5.988169e+03
22,30,1,1.003720e+04
22,30,2,1.003720e+04
22,30,3,9.585710e+03
22,30,5,9.565807e+03
22,30,10,8.307531e+03
22,30,20,8.307531e+03
22,30,30,8.071876e+03
22,30,40,6.791280e+03
22,30,50,5.825900e+03
22,30,1,9.307627e+03
22,30,2,9.307627e+03
22,30,3,9.307627e+03
22,30,5,9.307627e+03
22,30,10,9.307627e+03
22,30,20,8.824279e+03
22,30,30,7.925353e+03
22,30,40,7.925353e+03
22,30,50,6.573758e+03
22,30,1,9.048714e+03
22,30,2,8.800839e+03
22,30,3,8.734988e+03
22,30,5,8.734988e+03
22,30,10,8.734988e+03
22,30,20,8.475639e+03
22,30,30,8.475639e+03
22,30,40,7.033592e+03
22,30,50,6.638298e+03
22,30,1,9.214500e+03
22,30,2,8.227518e+03
22,30,3,8.227518e+03
22,30,5,8.227518e+03
22,30,10,8.227518e+03
22,30,20,8.227518e+03
22,30,30,8.227518e+03
22,30,40,7.606277e+03
22,30,50,6.663295e+03
22,30,1,9.554783e+03
22,30,2,8.973394e+03
22,30,3,8.973394e+03
22,30,5,8.973394e+03
22,30,10,8.973394e+03
22,30,20,8.973394e+03
22,30,30,7.819946e+03
22,30,40,7.521393e+03
22,30,50,7.521393e+03
22,30,1,8.844279e+03
22,30,2,8.530890e+03
22,30,3,8.530890e+03
22,30,5,8.530890e+03
22,30,10,8.530890e+03
22,30,20,8.171306e+03
22,30,30,7.696465e+03
22,30,40,7.137264e+03
22,30,50,6.392772e+03
22,30,1,9.484430e+03
22,30,2,9.479878e+03
22,30,3,9.479878e+03
22,30,5,9.479878e+03
22,30,10,8.990250e+03
22,30,20,8.382482e+03
22,30,30,8.382482e+03
22,30,40,7.342923e+03
22,30,50,5.956268e+03
22,30,1,9.609356e+03
22,30,2,9.609356e+03
22,30,3,9.609356e+03
22,30,5,9.609356e+03
22,30,10,9.603260e+03
22,30,20,9.603260e+03
22,30,30,7.545459e+03
22,30,40,7.545459e+03
22,30,50,6.599708e+03
22,30,1,9.448927e+03
22,30,2,9.448927e+03
22,30,3,9.448927e+03
22,30,5,9.448927e+03
22,30,10,9.237402e+03
22,30,20,8.834251e+03
22,30,30,8.834251e+03
22,30,40,7.549394e+03
22,30,50,6.778279e+03
22,30,1,9.456971e+03
22,30,2,9.456971e+03
22,30,3,9.456971e+03
22,30,5,9.368730e+03
22,30,10,9.368730e+03
22,30,20,8.255365e+03
22,30,30,8.255365e+03
22,30,40,8.255365e+03
22,30,50,6.068181e+03
22,30,1,9.149308e+03
22,30,2,9.149308e+03
22,30,3,9.149308e+03
22,30,5,8.487911e+03
22,30,10,8.487911e+03
22,30,20,8.487911e+03
22,30,30,8.487911e+03
22,30,40,8.487911e+03
22,30,50,6.319637e+03
22,30,1,9.936757e+03
22,30,2,9.747547e+03
22,30,3,9.547672e+03
22,30,5,9.547672e+03
22,30,10,7.626706e+03
22,30,20,7.626706e+03
22,30,30,7.626706e+03
22,30,40,7.626706e+03
22,30,50,7.626706e+03
22,30,1,8.957760e+03
22,30,2,8.957760e+03
22,30,3,8.957760e+03
22,30,5,8.957760e+03
22,30,10,8.957760e+03
22,30,20,8.957760e+03
22,30,30,8.313379e+03
22,30,40,8.313379e+03
22,30,50,6.760379e+03
22,30,1,9.807794e+03
22,30,2,9.444798e+03
22,30,3,9.444798e+03
22,30,5,9.444798e+03
22,30,10,7.800954e+03
22,30,20,7.800954e+03
22,30,30,7.800954e+03
22,30,40,7.800954e+03
22,30,50,6.011256e+03
22,30,1,9.381723e+03
22,30,2,9.381723e+03
22,30,3,9.197139e+03
22,30,5,9.197139e+03
22,30,10,9.197139e+03
22,30,20,9.197139e+03
22,30,30,9.180210e+03
22,30,40,7.402400e+03
22,30,50,6.776144e+03
22,30,1,9.558461e+03
22,30,2,9.558461e+03
22,30,3,9.558461e+03
22,30,5,9.558461e+03
22,30,10,8.774284e+03
22,30,20,8.774284e+03
22,30,30,8.774284e+03
22,30,40,6.329139e+03
22,30,50,6.077586e+03
22,30,1,9.762762e+03
22,30,2,9.762762e+03
22,30,3,9.601873e+03
22,30,5,9.539532e+03
22,30,10,9.539532e+03
22,30,20,8.455924e+03
22,30,30,8.455924e+03
22,30,40,7.693179e+03
22,30,50,6.619981e+03
22,30,1,9.519819e+03
22,30,2,9.519819e+03
22,30,3,9.049271e+03
22,30,5,8.388231e+03
22,30,10,8.388231e+03
22,30,20,8.388231e+03
22,30,30,8.388231e+03
22,30,40,7.331005e+03
22,30,50,6.298785e+03
22,30,1,9.529682e+03
22,30,2,9.529682e+03
22,30,3,9.529682e+03
22,30,5,9.529682e+03
22,30,10,9.529682e+03
22,30,20,9.375077e+03
22,30,30,8.675295e+03
22,30,40,6.904302e+03
22,30,50,6.326763e+03
22,30,1,9.201412e+03
22,30,2,9.201412e+03
22,30,3,9.201412e+03
22,30,5,9.201412e+03
22,30,10,9.201412e+03
22,30,20,8.219178e+03
22,30,30,7.835556e+03
22,30,40,7.623105e+03
22,30,50,6.184498e+03
22,30,1,8.698546e+03
22,30,2,8.698546e+03
22,30,3,8.698546e+03
22,30,5,8.698546e+03
22,30,10,8.698546e+03
22,30,20,8.698546e+03
22,30,30,8.698546e+03
22,30,40,6.693750e+03
22,30,50,6.121222e+03
22,30,1,9.367764e+03
22,30,2,9.345746e+03
22,30,3,9.345746e+03
22,30,5,9.345746e+03
22,30,10,8.885868e+03
22,30,20,8.885868e+03
22,30,30,7.216557e+03
22,30,40,7.216557e+03
22,30,50,6.272354e+03
22,30,1,8.603821e+03
22,30,2,8.196444e+03
22,30,3,8.196444e+03
22,30,5,8.196444e+03
22,30,10,8.196444e+03
22,30,20,8.196444e+03
22,30,30,8.196444e+03
22,30,40,6.903678e+03
22,30,50,6.228646e+03
22,30,1,1.009309e+04
22,30,2,1.003959e+04
22,30,3,1.003959e+04
22,30,5,1.003959e+04
22,30,10,8.997577e+03
22,30,20,8.997577e+03
22,30,30,6.704120e+03
22,30,40,6.704120e+03
22,30,50,6.704120e+03
22,30,1,8.775381e+03
22,30,2,8.775381e+03
22,30,3,8.775381e+03
22,30,5,8.775381e+03
22,30,10,8.775381e+03
22,30,20,8.775381e+03
22,30,30,8.775381e+03
22,30,40,7.470673e+03
22,30,50,7.470673e+03
22,30,1,8.961323e+03
22,30,2,8.961323e+03
22,30,3,8.961323e+03
22,30,5,8.961323e+03
22,30,10,8.961323e+03
22,30,20,8.961323e+03
22,30,30,8.961323e+03
22,30,40,6.901078e+03
22,30,50,6.437254e+03
