funcid,dim,milestone,error
19,30,1,6.772158e+09
19,30,2,6.772158e+09
19,30,3,6.772158e+09
19,30,5,6.772158e+09
19,30,10,6.772158e+09
19,30,20,6.772158e+09
19,30,30,6.772158e+09
19,30,40,8.574792e+07
19,30,50,7.488215e+06
19,30,1,3.038831e+08
19,30,2,2.090049e+08
19,30,3,1.080797e+08
19,30,5,1.080797e+08
19,30,10,1.080797e+08
19,30,20,1.080797e+08
19,30,30,1.080797e+08
19,30,40,1.080797e+08
19,30,50,1.080797e+08
19,30,1,5.661271e+09
19,30,2,5.661271e+09
19,30,3,5.661271e+09
19,30,5,5.661271e+09
19,30,10,5.661271e+09
19,30,20,5.661271e+09
19,30,30,5.661271e+09
19,30,40,5.661271e+09
19,30,50,5.661271e+09
19,30,1,5.507758e+09
19,30,2,5.507758e+09
19,30,3,5.507758e+09
19,30,5,5.507758e+09
19,30,10,5.507758e+09
19,30,20,5.507758e+09
19,30,30,1.504147e+09
19,30,40,6.757328e+08
19,30,50,2.307692e+06
19,30,1,3.078640e+09
19,30,2,3.078640e+09
19,30,3,3.078640e+09
19,30,5,3.078640e+09
19,30,10,3.078640e+09
19,30,20,3.078640e+09
19,30,30,3.078640e+09
19,30,40,3.078640e+09
19,30,50,3.078640e+09
19,30,1,8.917089e+09
19,30,2,8.917089e+09
19,30,3,8.917089e+09
19,30,5,8.917089e+09
19,30,10,8.917089e+09
19,30,20,8.917089e+09
19,30,30,8.917089e+09
19,30,40,8.917089e+09
19,30,50,8.917089e+09
19,30,1,1.202424e+10
19,30,2,1.202424e+10
19,30,3,1.202424e+10
19,30,5,1.202424e+10
19,30,10,1.202424e+10
19,30,20,1.202424e+10
19,30,30,1.202424e+10
19,30,40,1.202424e+10
19,30,50,1.202424e+10
19,30,1,6.944187e+09
19,30,2,5.211632e+09
19,30,3,5.211632e+09
19,30,5,5.211632e+09
19,30,10,5.211632e+09
19,30,20,5.211632e+09
19,30,30,5.211632e+09
19,30,40,5.211632e+09
19,30,50,5.211632e+09
19,30,1,3.202357e+09
19,30,2,3.202357e+09
19,30,3,3.202357e+09
19,30,5,3.202357e+09
19,30,10,3.202357e+09
19,30,20,3.202357e+09
19,30,30,3.202357e+09
19,30,40,3.202357e+09
19,30,50,3.202357e+09
19,30,1,4.910276e+09
19,30,2,1.451067e+09
19,30,3,1.256356e+09
19,30,5,1.256356e+09
19,30,10,1.256356e+09
19,30,20,1.256356e+09
19,30,30,1.256356e+09
19,30,40,1.256356e+09
19,30,50,1.256356e+09
19,30,1,1.520594e+09
19,30,2,1.520594e+09
19,30,3,1.520594e+09
19,30,5,1.520594e+09
19,30,10,1.520594e+09
19,30,20,1.520594e+09
19,30,30,1.520594e+09
19,30,40,1.520594e+09
19,30,50,1.489920e+08
19,30,1,5.024631e+09
19,30,2,5.024631e+09
19,30,3,5.024631e+09
19,30,5,5.024631e+09
19,30,10,5.024631e+09
19,30,20,5.024631e+09
19,30,30,5.024631e+09
19,30,40,5.024631e+09
19,30,50,5.024631e+09
19,30,1,8.435617e+09
19,30,2,4.009902e+09
19,30,3,2.224097e+09
19,30,5,2.224097e+09
19,30,10,2.224097e+09
19,30,20,2.224097e+09
19,30,30,1.050484e+09
19,30,40,2.384207e+07
19,30,50,2.384207e+07
19,30,1,5.598496e+09
19,30,2,5.598496e+09
19,30,3,5.598496e+09
19,30,5,5.598496e+09
19,30,10,3.970809e+09
19,30,20,3.970809e+09
19,30,30,5.711959e+08
19,30,40,1.595838e+07
19,30,50,6.677777e+06
19,30,1,1.459152e+09
19,30,2,1.459152e+09
19,30,3,1.459152e+09
19,30,5,1.459152e+09
19,30,10,1.459152e+09
19,30,20,1.459152e+09
19,30,30,1.459152e+09
19,30,40,1.459152e+09
19,30,50,1.459152e+09
19,30,1,3.188101e+09
19,30,2,1.324066e+09
19,30,3,1.324066e+09
19,30,5,1.324066e+09
19,30,10,1.324066e+09
19,30,20,1.324066e+09
19,30,30,1.324066e+09
19,30,40,1.324066e+09
19,30,50,3.184288e+06
19,30,1,1.508354e+10
19,30,2,1.508354e+10
19,30,3,1.508354e+10
19,30,5,1.508354e+10
19,30,10,1.508354e+10
19,30,20,1.508354e+10
19,30,30,5.544830e+08
19,30,40,1.642322e+06
19,30,50,1.566845e+06
19,30,1,1.038118e+10
19,30,2,1.038118e+10
19,30,3,1.038118e+10
19,30,5,1.038118e+10
19,30,10,1.038118e+10
19,30,20,1.038118e+10
19,30,30,7.582900e+08
19,30,40,4.676002e+07
19,30,50,2.069816e+07
19,30,1,1.223785e+10
19,30,2,1.223785e+10
19,30,3,1.223785e+10
19,30,5,1.223785e+10
19,30,10,1.223785e+10
19,30,20,1.223785e+10
19,30,30,1.223785e+10
19,30,40,6.155242e+07
19,30,50,1.485884e+07
19,30,1,2.469814e+09
19,30,2,2.469814e+09
19,30,3,2.469814e+09
19,30,5,2.469814e+09
19,30,10,2.469814e+09
19,30,20,2.469814e+09
19,30,30,2.469814e+09
19,30,40,2.469814e+09
19,30,50,2.469814e+09
19,30,1,4.198850e+09
19,30,2,4.198850e+09
19,30,3,4.198850e+09
19,30,5,4.198850e+09
19,30,10,4.198850e+09
19,30,20,1.902276e+09
19,30,30,6.848520e+07
19,30,40,4.649266e+06
19,30,50,4.649266e+06
19,30,1,5.912798e+09
19,30,2,5.912798e+09
19,30,3,5.912798e+09
19,30,5,5.912798e+09
19,30,10,5.912798e+09
19,30,20,5.912798e+09
19,30,30,5.912798e+09
19,30,40,5.912798e+09
19,30,50,5.912798e+09
19,30,1,1.221833e+09
19,30,2,1.221833e+09
19,30,3,1.221833e+09
19,30,5,1.221833e+09
19,30,10,1.221833e+09
19,30,20,1.221833e+09
19,30,30,1.221833e+09
19,30,40,1.289519e+07
19,30,50,5.268617e+06
19,30,1,8.029519e+09
19,30,2,8.029519e+09
19,30,3,1.945701e+09
19,30,5,1.945701e+09
19,30,10,1.945701e+09
19,30,20,1.945701e+09
19,30,30,2.205549e+08
19,30,40,3.565700e+07
19,30,50,3.565700e+07
19,30,1,2.777138e+09
19,30,2,2.777138e+09
19,30,3,2.777138e+09
19,30,5,2.777138e+09
19,30,10,2.777138e+09
19,30,20,2.777138e+09
19,30,30,2.777138e+09
19,30,40,2.777138e+09
19,30,50,2.777138e+09
19,30,1,3.140990e+09
19,30,2,3.140990e+09
19,30,3,3.140990e+09
19,30,5,3.140990e+09
19,30,10,3.140990e+09
19,30,20,3.140990e+09
19,30,30,3.140990e+09
19,30,40,3.140990e+09
19,30,50,3.140990e+09
19,30,1,1.142436e+10
19,30,2,1.142436e+10
19,30,3,1.142436e+10
19,30,5,1.142436e+10
19,30,10,1.142436e+10
19,30,20,1.142436e+10
19,30,30,1.142436e+10
19,30,40,1.142436e+10
19,30,50,1.142436e+10
19,30,1,1.484926e+10
19,30,2,1.484926e+10
19,30,3,1.484926e+10
19,30,5,1.484926e+10
19,30,10,1.484926e+10
19,30,20,1.484926e+10
19,30,30,1.484926e+10
19,30,40,1.484926e+10
19,30,50,1.484926e+10
19,30,1,1.187595e+10
19,30,2,1.187595e+10
19,30,3,1.187595e+10
19,30,5,1.187595e+10
19,30,10,1.187595e+10
19,30,20,1.187595e+10
19,30,30,1.187595e+10
19,30,40,1.187595e+10
19,30,50,1.187595e+10
19,30,1,1.223629e+09
19,30,2,1.223629e+09
19,30,3,1.223629e+09
19,30,5,1.223629e+09
19,30,10,1.223629e+09
19,30,20,1.223629e+09
19,30,30,1.223629e+09
19,30,40,1.223629e+09
19,30,50,1.945754e+06
19,30,1,4.564235e+09
19,30,2,4.092272e+09
19,30,3,4.092272e+09
19,30,5,4.092272e+09
19,30,10,4.092272e+09
19,30,20,4.092272e+09
19,30,30,4.092272e+09
19,30,40,4.092272e+09
19,30,50,4.092272e+09
19,30,1,6.277055e+09
19,30,2,4.653072e+09
19,30,3,4.653072e+09
19,30,5,4.653072e+09
19,30,10,4.653072e+09
19,30,20,4.653072e+09
19,30,30,4.653072e+09
19,30,40,2.209190e+08
19,30,50,5.132788e+06
19,30,1,7.874141e+09
19,30,2,7.874141e+09
19,30,3,7.874141e+09
19,30,5,7.874141e+09
19,30,10,6.531186e+09
19,30,20,6.531186e+09
19,30,30,6.531186e+09
19,30,40,6.531186e+09
19,30,50,6.531186e+09
19,30,1,7.431631e+09
19,30,2,7.431631e+09
19,30,3,7.431631e+09
19,30,5,5.642873e+09
19,30,10,5.642873e+09
19,30,20,5.642873e+09
19,30,30,5.642873e+09
19,30,40,4.039446e+07
19,30,50,4.039446e+07
19,30,1,4.738432e+09
19,30,2,4.738432e+09
19,30,3,4.738432e+09
19,30,5,4.738432e+09
19,30,10,4.738432e+09
19,30,20,4.738432e+09
19,30,30,4.738432e+09
19,30,40,4.738432e+09
19,30,50,4.738432e+09
19,30,1,1.171400e+10
19,30,2,1.171400e+10
19,30,3,1.171400e+10
19,30,5,1.171400e+10
19,30,10,6.259056e+09
19,30,20,1.202971e+09
19,30,30,1.202971e+09
19,30,40,1.202971e+09
19,30,50,1.202971e+09
19,30,1,1.221810e+09
19,30,2,9.339121e+08
19,30,3,9.339121e+08
19,30,5,9.339121e+08
19,30,10,9.339121e+08
19,30,20,9.339121e+08
19,30,30,9.339121e+08
19,30,40,3.856980e+07
19,30,50,6.366588e+06
19,30,1,9.161691e+09
19,30,2,9.161691e+09
19,30,3,9.161691e+09
19,30,5,9.161691e+09
19,30,10,9.161691e+09
19,30,20,9.161691e+09
19,30,30,9.161691e+09
19,30,40,1.800868e+07
19,30,50,9.046736e+06
19,30,1,6.308420e+09
19,30,2,6.308420e+09
19,30,3,6.308420e+09
19,30,5,6.308420e+09
19,30,10,6.308420e+09
19,30,20,6.308420e+09
19,30,30,6.308420e+09
19,30,40,8.434876e+07
19,30,50,6.095440e+06
19,30,1,1.460311e+10
19,30,2,1.460311e+10
19,30,3,1.460311e+10
19,30,5,1.460311e+10
19,30,10,1.460311e+10
19,30,20,1.460311e+10
19,30,30,1.460311e+10
19,30,40,1.460311e+10
19,30,50,1.460311e+10
19,30,1,1.429739e+10
19,30,2,1.429739e+10
19,30,3,1.429739e+10
19,30,5,1.429739e+10
19,30,10,3.669026e+09
19,30,20,1.980007e+09
19,30,30,1.040382e+08
19,30,40,1.040382e+08
19,30,50,2.390813e+07
19,30,1,7.540020e+08
19,30,2,7.540020e+08
19,30,3,7.540020e+08
19,30,5,7.540020e+08
19,30,10,7.540020e+08
19,30,20,7.540020e+08
19,30,30,7.540020e+08
19,30,40,7.540020e+08
19,30,50,7.540020e+08
19,30,1,2.271976e+09
19,30,2,2.271976e+09
19,30,3,2.271976e+09
19,30,5,2.271976e+09
19,30,10,2.271976e+09
19,30,20,2.271976e+09
19,30,30,2.271976e+09
19,30,40,2.271976e+09
19,30,50,1.743677e+07
19,30,1,1.393141e+09
19,30,2,1.197943e+09
19,30,3,1.197943e+09
19,30,5,1.197943e+09
19,30,10,1.197943e+09
19,30,20,1.197943e+09
19,30,30,1.197943e+09
19,30,40,3.330151e+06
19,30,50,1.660105e+06
19,30,1,9.119006e+09
19,30,2,6.357108e+09
19,30,3,6.357108e+09
19,30,5,6.357108e+09
19,30,10,6.357108e+09
19,30,20,6.357108e+09
19,30,30,6.357108e+09
19,30,40,1.289195e+07
19,30,50,1.289195e+07
19,30,1,7.907934e+08
19,30,2,3.160238e+08
19,30,3,3.160238e+08
19,30,5,3.160238e+08
19,30,10,3.160238e+08
19,30,20,3.160238e+08
19,30,30,3.160238e+08
19,30,40,3.160238e+08
19,30,50,4.067798e+06
19,30,1,5.407075e+08
19,30,2,5.407075e+08
19,30,3,5.407075e+08
19,30,5,5.407075e+08
19,30,10,5.407075e+08
19,30,20,5.407075e+08
19,30,30,5.407075e+08
19,30,40,5.407075e+08
19,30,50,5.407075e+08
19,30,1,1.332583e+10
19,30,2,1.332583e+10
19,30,3,1.332583e+10
19,30,5,1.332583e+10
19,30,10,1.332583e+10
19,30,20,1.332583e+10
19,30,30,1.332583e+10
19,30,40,1.937151e+08
19,30,50,4.156511e+06
19,30,1,7.630228e+09
19,30,2,7.630228e+09
19,30,3,5.299256e+09
19,30,5,2.554510e+08
19,30,10,2.554510e+08
19,30,20,2.554510e+08
19,30,30,2.554510e+08
19,30,40,2.554510e+08
19,30,50,2.554510e+08
19,30,1,6.717725e+09
19,30,2,6.717725e+09
19,30,3,6.717725e+09
19,30,5,6.717725e+09
19,30,10,6.717725e+09
19,30,20,6.717725e+09
19,30,30,3.471873e+09
19,30,40,1.478792e+08
19,30,50,1.466107e+06
19,30,1,2.816995e+09
19,30,2,2.816995e+09
19,30,3,2.816995e+09
19,30,5,2.816995e+09
19,30,10,2.816995e+09
19,30,20,2.816995e+09
19,30,30,2.816995e+09
19,30,40,2.816995e+09
19,30,50,2.816995e+09
19,30,1,6.278594e+09
19,30,2,6.278594e+09
19,30,3,6.278594e+09
19,30,5,4.143908e+09
19,30,10,4.143908e+09
19,30,20,4.143908e+09
19,30,30,4.143908e+09
19,30,40,4.143908e+09
19,30,50,4.143908e+09
19,30,1,2.420965e+09
19,30,2,2.420965e+09
19,30,3,2.420965e+09
19,30,5,2.420965e+09
19,30,10,2.420965e+09
19,30,20,2.420965e+09
19,30,30,2.420965e+09
19,30,40,2.420965e+09
19,30,50,2.420965e+09
19,30,1,1.478176e+09
19,30,2,1.478176e+09
19,30,3,1.478176e+09
19,30,5,1.478176e+09
19,30,10,1.478176e+09
19,30,20,1.478176e+09
19,30,30,1.478176e+09
19,30,40,1.478176e+09
19,30,50,1.543662e+06
19,30,1,1.006491e+10
19,30,2,1.006491e+10
19,30,3,5.614355e+09
19,30,5,3.904371e+09
19,30,10,9.240127e+08
19,30,20,9.240127e+08
19,30,30,9.240127e+08
19,30,40,9.240127e+08
19,30,50,1.501893e+07
19,30,1,4.838658e+08
19,30,2,4.838658e+08
19,30,3,4.838658e+08
19,30,5,4.838658e+08
19,30,10,4.838658e+08
19,30,20,4.838658e+08
19,30,30,4.838658e+08
19,30,40,4.838658e+08
19,30,50,1.055367e+07
19,30,1,1.286870e+09
19,30,2,1.286870e+09
19,30,3,1.286870e+09
19,30,5,1.286870e+09
19,30,10,1.286870e+09
19,30,20,1.286870e+09
19,30,30,1.286870e+09
19,30,40,1.286870e+09
19,30,50,4.584549e+06
19,30,1,1.271128e+09
19,30,2,1.271128e+09
19,30,3,1.271128e+09
19,30,5,1.271128e+09
19,30,10,1.271128e+09
19,30,20,1.271128e+09
19,30,30,1.271128e+09
19,30,40,1.271128e+09
19,30,50,1.271128e+09
19,30,1,2.524136e+09
19,30,2,4.609478e+08
19,30,3,1.637156e+08
19,30,5,1.637156e+08
19,30,10,1.637156e+08
19,30,20,1.637156e+08
19,30,30,1.637156e+08
19,30,40,1.637156e+08
19,30,50,1.637156e+08
19,30,1,6.057340e+09
19,30,2,6.057340e+09
19,30,3,6.057340e+09
19,30,5,6.057340e+09
19,30,10,1.693954e+09
19,30,20,1.693954e+09
19,30,30,1.693954e+09
19,30,40,2.870428e+08
19,30,50,2.735527e+06
19,30,1,5.992141e+09
19,30,2,5.992141e+09
19,30,3,3.647215e+09
19,30,5,3.439439e+09
19,30,10,1.600805e+09
19,30,20,1.600805e+09
19,30,30,1.600805e+09
19,30,40,1.600805e+09
19,30,50,1.600805e+09
19,30,1,1.369156e+09
19,30,2,1.369156e+09
19,30,3,1.369156e+09
19,30,5,1.369156e+09
19,30,10,1.369156e+09
19,30,20,1.369156e+09
19,30,30,1.369156e+09
19,30,40,1.369156e+09
19,30,50,1.369156e+09
19,30,1,3.310396e+09
19,30,2,3.310396e+09
19,30,3,3.310396e+09
19,30,5,3.310396e+09
19,30,10,3.310396e+09
19,30,20,3.310396e+09
19,30,30,3.310396e+09
19,30,40,3.310396e+09
19,30,50,3.310396e+09
19,30,1,4.272776e+09
19,30,2,2.355759e+09
19,30,3,2.355759e+09
19,30,5,2.355759e+09
19,30,10,2.355759e+09
19,30,20,2.355759e+09
19,30,30,2.355759e+09
19,30,40,2.355759e+09
19,30,50,2.355759e+09
19,30,1,4.113674e+09
19,30,2,4.113674e+09
19,30,3,4.113674e+09
19,30,5,4.113674e+09
19,30,10,4.113674e+09
19,30,20,4.113674e+09
19,30,30,4.113674e+09
19,30,40,5.691451e+06
19,30,50,5.691451e+06
19,30,1,8.607941e+09
19,30,2,6.056434e+08
19,30,3,6.056434e+08
19,30,5,6.056434e+08
19,30,10,6.056434e+08
19,30,20,6.056434e+08
19,30,30,6.056434e+08
19,30,40,6.056434e+08
19,30,50,2.826809e+06
19,30,1,2.717336e+09
19,30,2,2.717336e+09
19,30,3,2.717336e+09
19,30,5,2.717336e+09
19,30,10,2.717336e+09
19,30,20,2.717336e+09
19,30,30,2.717336e+09
19,30,40,2.717336e+09
19,30,50,2.717336e+09
19,30,1,4.021772e+09
19,30,2,4.021772e+09
19,30,3,4.021772e+09
19,30,5,4.021772e+09
19,30,10,4.021772e+09
19,30,20,4.021772e+09
19,30,30,4.021772e+09
19,30,40,1.674094e+07
19,30,50,1.674094e+07
19,30,1,3.694226e+08
19,30,2,3.694226e+08
19,30,3,3.694226e+08
19,30,5,3.694226e+08
19,30,10,3.694226e+08
19,30,20,3.694226e+08
19,30,30,3.694226e+08
19,30,40,3.694226e+08
19,30,50,3.694226e+08
19,30,1,6.038438e+09
19,30,2,6.038438e+09
19,30,3,6.038438e+09
19,30,5,6.038438e+09
19,30,10,6.038438e+09
19,30,20,6.038438e+09
19,30,30,3.652214e+08
19,30,40,2.033657e+07
19,30,50,2.112994e+06
19,30,1,9.738463e+09
19,30,2,3.904915e+09
19,30,3,2.690911e+09
19,30,5,2.690911e+09
19,30,10,2.690911e+09
19,30,20,2.690911e+09
19,30,30,2.690911e+09
19,30,40,2.421638e+09
19,30,50,1.596834e+05
19,30,1,3.306126e+09
19,30,2,3.306126e+09
19,30,3,3.306126e+09
19,30,5,3.306126e+09
19,30,10,3.306126e+09
19,30,20,3.306126e+09
19,30,30,3.306126e+09
19,30,40,3.306126e+09
19,30,50,3.306126e+09
19,30,1,2.939607e+09
19,30,2,2.444817e+09
19,30,3,2.444817e+09
19,30,5,2.444817e+09
19,30,10,2.444817e+09
19,30,20,2.444817e+09
19,30,30,2.122275e+07
19,30,40,6.573484e+06
19,30,50,6.573484e+06
19,30,1,9.961665e+09
19,30,2,9.961665e+09
19,30,3,9.961665e+09
19,30,5,9.961665e+09
19,30,10,5.130988e+09
19,30,20,4.376975e+09
19,30,30,4.376975e+09
19,30,40,4.050476e+06
19,30,50,1.762436e+06
19,30,1,6.719292e+09
19,30,2,6.719292e+09
19,30,3,6.719292e+09
19,30,5,6.719292e+09
19,30,10,6.719292e+09
19,30,20,6.719292e+09
19,30,30,8.166411e+08
19,30,40,8.166411e+08
19,30,50,4.617008e+05
19,30,1,9.713715e+09
19,30,2,9.713715e+09
19,30,3,9.713715e+09
19,30,5,9.713715e+09
19,30,10,9.713715e+09
19,30,20,3.129341e+09
19,30,30,1.058041e+07
19,30,40,1.058041e+07
19,30,50,1.058041e+07
19,30,1,1.260680e+10
19,30,2,1.260680e+10
19,30,3,1.260680e+10
19,30,5,1.260680e+10
19,30,10,1.260680e+10
19,30,20,1.260680e+10
19,30,30,1.585551e+07
19,30,40,1.585551e+07
19,30,50,1.585551e+07
19,30,1,1.070489e+10
19,30,2,1.070489e+10
19,30,3,1.070489e+10
19,30,5,1.070489e+10
19,30,10,1.070489e+10
19,30,20,4.898074e+09
19,30,30,1.290596e+06
19,30,40,1.290596e+06
19,30,50,1.290596e+06
19,30,1,2.628176e+09
19,30,2,2.628176e+09
19,30,3,2.628176e+09
19,30,5,2.628176e+09
19,30,10,2.628176e+09
19,30,20,2.628176e+09
19,30,30,2.628176e+09
19,30,40,2.628176e+09
19,30,50,1.537029e+08
19,30,1,3.402697e+09
19,30,2,3.402697e+09
19,30,3,3.402697e+09
19,30,5,3.402697e+09
19,30,10,3.402697e+09
19,30,20,3.402697e+09
19,30,30,3.402697e+09
19,30,40,3.402697e+09
19,30,50,3.402697e+09
19,30,1,2.048027e+09
19,30,2,2.048027e+09
19,30,3,2.048027e+09
19,30,5,2.048027e+09
19,30,10,2.048027e+09
19,30,20,2.048027e+09
19,30,30,2.048027e+09
19,30,40,2.048027e+09
19,30,50,2.048027e+09
19,30,1,9.174451e+08
19,30,2,9.174451e+08
19,30,3,9.174451e+08
19,30,5,9.174451e+08
19,30,10,9.174451e+08
19,30,20,9.174451e+08
19,30,30,9.174451e+08
19,30,40,9.174451e+08
19,30,50,1.360742e+07
19,30,1,4.099633e+09
19,30,2,4.099633e+09
19,30,3,4.099633e+09
19,30,5,4.099633e+09
19,30,10,4.099633e+09
19,30,20,3.290256e+09
19,30,30,1.723592e+09
19,30,40,4.151995e+07
19,30,50,5.503202e+06
19,30,1,2.545643e+09
19,30,2,2.545643e+09
19,30,3,2.545643e+09
19,30,5,2.545643e+09
19,30,10,2.545643e+09
19,30,20,2.545643e+09
19,30,30,2.545643e+09
19,30,40,2.545643e+09
19,30,50,2.545643e+09
19,30,1,1.345748e+09
19,30,2,1.345748e+09
19,30,3,1.345748e+09
19,30,5,1.345748e+09
19,30,10,1.345748e+09
19,30,20,1.345748e+09
19,30,30,1.345748e+09
19,30,40,1.345748e+09
19,30,50,1.090049e+09
19,30,1,4.847205e+09
19,30,2,1.008801e+09
19,30,3,1.008801e+09
19,30,5,1.008801e+09
19,30,10,1.008801e+09
19,30,20,1.008801e+09
19,30,30,1.008801e+09
19,30,40,1.008801e+09
19,30,50,1.008801e+09
19,30,1,5.779026e+09
19,30,2,5.779026e+09
19,30,3,5.779026e+09
19,30,5,5.425400e+09
19,30,10,4.048398e+09
19,30,20,4.048398e+09
19,30,30,4.048398e+09
19,30,40,4.048398e+09
19,30,50,4.048398e+09
19,30,1,8.387616e+09
19,30,2,8.387616e+09
19,30,3,8.387616e+09
19,30,5,8.387616e+09
19,30,10,8.387616e+09
19,30,20,8.387616e+09
19,30,30,8.387616e+09
19,30,40,8.387616e+09
19,30,50,8.387616e+09
19,30,1,9.405980e+09
19,30,2,4.667213e+09
19,30,3,6.575375e+08
19,30,5,6.575375e+08
19,30,10,6.575375e+08
19,30,20,6.575375e+08
19,30,30,6.575375e+08
19,30,40,6.575375e+08
19,30,50,6.575375e+08
19,30,1,5.431573e+09
19,30,2,5.431573e+09
19,30,3,5.431573e+09
19,30,5,5.431573e+09
19,30,10,5.431573e+09
19,30,20,5.431573e+09
19,30,30,5.431573e+09
19,30,40,1.897052e+08
19,30,50,4.783441e+06
19,30,1,1.214434e+09
19,30,2,1.214434e+09
19,30,3,1.214434e+09
19,30,5,1.214434e+09
19,30,10,1.214434e+09
19,30,20,1.214434e+09
19,30,30,1.214434e+09
19,30,40,1.214434e+09
19,30,50,5.246154e+06
19,30,1,2.056723e+09
19,30,2,2.053548e+09
19,30,3,2.053548e+09
19,30,5,2.053548e+09
19,30,10,2.053548e+09
19,30,20,2.053548e+09
19,30,30,2.053548e+09
19,30,40,2.053548e+09
19,30,50,2.053548e+09
19,30,1,1.030709e+09
19,30,2,8.516306e+08
19,30,3,8.516306e+08
19,30,5,8.516306e+08
19,30,10,8.516306e+08
19,30,20,8.516306e+08
19,30,30,8.516306e+08
19,30,40,8.516306e+08
19,30,50,8.516306e+08
19,30,1,3.838011e+09
19,30,2,3.838011e+09
19,30,3,3.838011e+09
19,30,5,3.838011e+09
19,30,10,3.838011e+09
19,30,20,3.838011e+09
19,30,30,3.838011e+09
19,30,40,3.838011e+09
19,30,50,3.838011e+09
19,30,1,2.974776e+09
19,30,2,2.925648e+09
19,30,3,2.925648e+09
19,30,5,2.925648e+09
19,30,10,2.925648e+09
19,30,20,2.925648e+09
19,30,30,2.925648e+09
19,30,40,2.925648e+09
19,30,50,8.955113e+06
19,30,1,4.932037e+09
19,30,2,4.932037e+09
19,30,3,4.932037e+09
19,30,5,4.932037e+09
19,30,10,4.932037e+09
19,30,20,4.932037e+09
19,30,30,1.928450e+09
19,30,40,1.443525e+08
19,30,50,3.015084e+06
19,30,1,1.458268e+10
19,30,2,1.458268e+10
19,30,3,1.458268e+10
19,30,5,6.207373e+09
19,30,10,6.207373e+09
19,30,20,6.207373e+09
19,30,30,6.207373e+09
19,30,40,4.054116e+08
19,30,50,4.054116e+08
19,30,1,7.191515e+09
19,30,2,7.191515e+09
19,30,3,7.191515e+09
19,30,5,7.191515e+09
19,30,10,7.191515e+09
19,30,20,7.191515e+09
19,30,30,2.175045e+07
19,30,40,2.175045e+07
19,30,50,2.175045e+07
19,30,1,7.301721e+09
19,30,2,7.301721e+09
19,30,3,7.301721e+09
19,30,5,7.301721e+09
19,30,10,7.301721e+09
19,30,20,7.301721e+09
19,30,30,1.037780e+09
19,30,40,1.506264e+07
19,30,50,1.506264e+07
19,30,1,2.692027e+09
19,30,2,2.692027e+09
19,30,3,2.692027e+09
19,30,5,2.692027e+09
19,30,10,2.692027e+09
19,30,20,2.675388e+09
19,30,30,3.413573e+07
19,30,40,2.837974e+07
19,30,50,6.845694e+06
19,30,1,7.920302e+09
19,30,2,7.920302e+09
19,30,3,7.920302e+09
19,30,5,5.815595e+09
19,30,10,3.417684e+09
19,30,20,3.417684e+09
19,30,30,3.417684e+09
19,30,40,6.648485e+06
19,30,50,3.054680e+06
19,30,1,1.044310e+10
19,30,2,1.044310e+10
19,30,3,1.044310e+10
19,30,5,2.086479e+09
19,30,10,5.151983e+08
19,30,20,5.151983e+08
19,30,30,5.151983e+08
19,30,40,5.151983e+08
19,30,50,1.080292e+08
19,30,1,1.515173e+09
19,30,2,1.515173e+09
19,30,3,1.515173e+09
19,30,5,1.515173e+09
19,30,10,1.515173e+09
19,30,20,1.515173e+09
19,30,30,1.515173e+09
19,30,40,1.515173e+09
19,30,50,3.730978e+06
19,30,1,1.299166e+09
19,30,2,1.299166e+09
19,30,3,1.299166e+09
19,30,5,1.299166e+09
19,30,10,1.299166e+09
19,30,20,1.299166e+09
19,30,30,1.299166e+09
19,30,40,5.096562e+07
19,30,50,4.844827e+05
19,30,1,1.069380e+10
19,30,2,3.599148e+09
19,30,3,2.913137e+09
19,30,5,1.206939e+09
19,30,10,1.206939e+09
19,30,20,1.206939e+09
19,30,30,1.206939e+09
19,30,40,1.206939e+09
19,30,50,7.088771e+06
19,30,1,4.729338e+09
19,30,2,2.676031e+09
19,30,3,2.676031e+09
19,30,5,2.676031e+09
19,30,10,2.676031e+09
19,30,20,2.676031e+09
19,30,30,2.676031e+09
19,30,40,2.179521e+07
19,30,50,1.098175e+07
19,30,1,1.286967e+09
19,30,2,1.286967e+09
19,30,3,1.286967e+09
19,30,5,1.286967e+09
19,30,10,1.286967e+09
19,30,20,1.057999e+09
19,30,30,1.057999e+09
19,30,40,1.057999e+09
19,30,50,2.697865e+08
19,30,1,2.550758e+09
19,30,2,2.550758e+09
19,30,3,2.550758e+09
19,30,5,2.550758e+09
19,30,10,1.178718e+09
19,30,20,1.178718e+09
19,30,30,1.178718e+09
19,30,40,2.795640e+06
19,30,50,1.418753e+06
19,30,1,1.250406e+10
19,30,2,3.751404e+09
19,30,3,3.751404e+09
19,30,5,3.751404e+09
19,30,10,2.477118e+09
19,30,20,2.477118e+09
19,30,30,2.477118e+09
19,30,40,1.448201e+07
19,30,50,1.448201e+07
19,30,1,3.594325e+09
19,30,2,2.928498e+09
19,30,3,2.928498e+09
19,30,5,2.928498e+09
19,30,10,1.465969e+09
19,30,20,1.024300e+09
19,30,30,1.024300e+09
19,30,40,2.214933e+08
19,30,50,2.214933e+08
19,30,1,4.021642e+09
19,30,2,4.021642e+09
19,30,3,4.021642e+09
19,30,5,3.534794e+09
19,30,10,7.215786e+08
19,30,20,7.215786e+08
19,30,30,7.215786e+08
19,30,40,7.215786e+08
19,30,50,7.215786e+08
19,30,1,4.250860e+09
19,30,2,2.826289e+09
19,30,3,2.826289e+09
19,30,5,2.826289e+09
19,30,10,2.826289e+09
19,30,20,2.826289e+09
19,30,30,3.599053e+08
19,30,40,3.599053e+08
19,30,50,3.599053e+08
19,30,1,2.359578e+09
19,30,2,2.359578e+09
19,30,3,2.359578e+09
19,30,5,2.359578e+09
19,30,10,2.359578e+09
19,30,20,2.359578e+09
19,30,30,2.359578e+09
19,30,40,3.085978e+07
19,30,50,1.216170e+06
19,30,1,2.634839e+09
19,30,2,2.634839e+09
19,30,3,2.634839e+09
19,30,5,2.634839e+09
19,30,10,2.634839e+09
19,30,20,2.634839e+09
19,30,30,2.634839e+09
19,30,40,8.044409e+08
19,30,50,1.872837e+06
19,30,1,2.450816e+09
19,30,2,1.625784e+09
19,30,3,1.625784e+09
19,30,5,1.625784e+09
19,30,10,1.625784e+09
19,30,20,1.625784e+09
19,30,30,1.625784e+09
19,30,40,8.769368e+08
19,30,50,3.796404e+06
19,30,1,6.601723e+08
19,30,2,6.601723e+08
19,30,3,6.601723e+08
19,30,5,6.601723e+08
19,30,10,6.601723e+08
19,30,20,6.601723e+08
19,30,30,6.601723e+08
19,30,40,6.601723e+08
19,30,50,6.601723e+08
19,30,1,9.422819e+09
19,30,2,3.599728e+09
19,30,3,3.599728e+09
19,30,5,3.526773e+09
19,30,10,3.121003e+09
19,30,20,2.952877e+09
19,30,30,1.525927e+09
19,30,40,3.666444e+06
19,30,50,1.813649e+06
19,30,1,1.583977e+09
19,30,2,1.583977e+09
19,30,3,1.583977e+09
19,30,5,1.583977e+09
19,30,10,1.583977e+09
19,30,20,1.583977e+09
19,30,30,1.583977e+09
19,30,40,1.828977e+08
19,30,50,3.889306e+06
19,30,1,2.771208e+09
19,30,2,2.771208e+09
19,30,3,2.771208e+09
19,30,5,2.771208e+09
19,30,10,2.771208e+09
19,30,20,2.771208e+09
19,30,30,2.771208e+09
19,30,40,2.312162e+08
19,30,50,1.809230e+06
19,30,1,8.993019e+09
19,30,2,8.993019e+09
19,30,3,8.993019e+09
19,30,5,3.459580e+09
19,30,10,2.167414e+09
19,30,20,2.167414e+09
19,30,30,2.167414e+09
19,30,40,7.637913e+06
19,30,50,3.880465e+06
19,30,1,4.358620e+09
19,30,2,2.313367e+09
19,30,3,2.136640e+09
19,30,5,2.136640e+09
19,30,10,2.136640e+09
19,30,20,2.136640e+09
19,30,30,2.136640e+09
19,30,40,6.775381e+07
19,30,50,5.117365e+06
19,30,1,5.663593e+08
19,30,2,5.663593e+08
19,30,3,5.663593e+08
19,30,5,5.663593e+08
19,30,10,5.663593e+08
19,30,20,5.663593e+08
19,30,30,5.663593e+08
19,30,40,5.663593e+08
19,30,50,2.164203e+08
19,30,1,7.173294e+09
19,30,2,2.029116e+09
19,30,3,2.029116e+09
19,30,5,2.029116e+09
19,30,10,2.029116e+09
19,30,20,2.029116e+09
19,30,30,2.029116e+09
19,30,40,9.510128e+06
19,30,50,5.126007e+06
19,30,1,3.558460e+09
19,30,2,3.558460e+09
19,30,3,3.397415e+09
19,30,5,1.465468e+09
19,30,10,1.465468e+09
19,30,20,1.465468e+09
19,30,30,2.731043e+07
19,30,40,2.458610e+07
19,30,50,2.458610e+07
19,30,1,9.090337e+09
19,30,2,9.090337e+09
19,30,3,3.564824e+09
19,30,5,2.479310e+09
19,30,10,2.479310e+09
19,30,20,7.130942e+08
19,30,30,7.130942e+08
19,30,40,7.130942e+08
19,30,50,7.130942e+08
19,30,1,4.670169e+08
19,30,2,4.670169e+08
19,30,3,4.670169e+08
19,30,5,4.670169e+08
19,30,10,4.670169e+08
19,30,20,4.670169e+08
19,30,30,4.670169e+08
19,30,40,3.273204e+06
19,30,50,1.054590e+06
19,30,1,4.362688e+09
19,30,2,5.119442e+08
19,30,3,4.856147e+08
19,30,5,4.856147e+08
19,30,10,4.856147e+08
19,30,20,4.856147e+08
19,30,30,4.856147e+08
19,30,40,4.856147e+08
19,30,50,6.597786e+05
19,30,1,4.519488e+09
19,30,2,4.519488e+09
19,30,3,4.519488e+09
19,30,5,3.213944e+09
19,30,10,3.213944e+09
19,30,20,3.059043e+09
19,30,30,3.059043e+09
19,30,40,1.713968e+07
19,30,50,4.115275e+06
19,30,1,4.551136e+09
19,30,2,4.551136e+09
19,30,3,4.551136e+09
19,30,5,4.551136e+09
19,30,10,3.526393e+09
19,30,20,1.357093e+09
19,30,30,1.357093e+09
19,30,40,1.357093e+09
19,30,50,1.357093e+09
19,30,1,4.032053e+09
19,30,2,4.032053e+09
19,30,3,4.032053e+09
19,30,5,2.808940e+09
19,30,10,2.808940e+09
19,30,20,2.808940e+09
19,30,30,1.608415e+09
19,30,40,4.702831e+06
19,30,50,3.100749e+06
19,30,1,5.471718e+09
19,30,2,5.471718e+09
19,30,3,5.471718e+09
19,30,5,3.462610e+09
19,30,10,2.677635e+09
19,30,20,2.677635e+09
19,30,30,2.677635e+09
19,30,40,2.367816e+07
19,30,50,9.525083e+05
19,30,1,1.954940e+09
19,30,2,6.450463e+08
19,30,3,6.412300e+08
19,30,5,6.412300e+08
19,30,10,6.412300e+08
19,30,20,6.412300e+08
19,30,30,6.412300e+08
19,30,40,6.412300e+08
19,30,50,3.708415e+06
19,30,1,9.490347e+09
19,30,2,3.387565e+09
19,30,3,3.387565e+09
19,30,5,3.387565e+09
19,30,10,2.942621e+09
19,30,20,1.952891e+09
19,30,30,1.952891e+09
19,30,40,1.952891e+09
19,30,50,3.942305e+05
19,30,1,9.163073e+09
19,30,2,9.163073e+09
19,30,3,9.163073e+09
19,30,5,3.250013e+09
19,30,10,3.250013e+09
19,30,20,3.250013e+09
19,30,30,8.982704e+08
19,30,40,8.982704e+08
19,30,50,9.619243e+05
19,30,1,2.588166e+09
19,30,2,2.588166e+09
19,30,3,2.588166e+09
19,30,5,2.588166e+09
19,30,10,2.588166e+09
19,30,20,1.766753e+09
19,30,30,1.766753e+09
19,30,40,1.761746e+08
19,30,50,1.537895e+06
19,30,1,1.194579e+10
19,30,2,1.194579e+10
19,30,3,1.194579e+10
19,30,5,4.083214e+09
19,30,10,2.641020e+09
19,30,20,2.023917e+09
19,30,30,2.023917e+09
19,30,40,7.326848e+06
19,30,50,2.944234e+06
19,30,1,1.110354e+09
19,30,2,1.110354e+09
19,30,3,1.110354e+09
19,30,5,1.110354e+09
19,30,10,1.110354e+09
19,30,20,4.534267e+08
19,30,30,4.534267e+08
19,30,40,4.534267e+08
19,30,50,4.534267e+08
19,30,1,3.101312e+09
19,30,2,3.101312e+09
19,30,3,3.101312e+09
19,30,5,3.101312e+09
19,30,10,1.985875e+09
19,30,20,1.985875e+09
19,30,30,9.434893e+08
19,30,40,2.954204e+07
19,30,50,1.705345e+06
19,30,1,9.024079e+09
19,30,2,3.419614e+09
19,30,3,3.408379e+09
19,30,5,3.408379e+09
19,30,10,3.408379e+09
19,30,20,3.408379e+09
19,30,30,3.806951e+08
19,30,40,3.806951e+08
19,30,50,2.812358e+06
19,30,1,1.486694e+10
19,30,2,3.489170e+09
19,30,3,3.489170e+09
19,30,5,3.489170e+09
19,30,10,2.126671e+09
19,30,20,2.126671e+09
19,30,30,2.126671e+09
19,30,40,1.246171e+08
19,30,50,1.011151e+06
19,30,1,1.166365e+10
19,30,2,1.166365e+10
19,30,3,4.384835e+09
19,30,5,4.384835e+09
19,30,10,4.384835e+09
19,30,20,1.371412e+09
19,30,30,1.371412e+09
19,30,40,1.371412e+09
19,30,50,4.319901e+06
19,30,1,2.795335e+09
19,30,2,2.795335e+09
19,30,3,2.795335e+09
19,30,5,2.795335e+09
19,30,10,2.655075e+09
19,30,20,2.655075e+09
19,30,30,2.655075e+09
19,30,40,8.815911e+07
19,30,50,4.813288e+06
19,30,1,2.043560e+09
19,30,2,1.950329e+09
19,30,3,1.950329e+09
19,30,5,1.950329e+09
19,30,10,1.950329e+09
19,30,20,1.950329e+09
19,30,30,1.950329e+09
19,30,40,2.561245e+06
19,30,50,2.561245e+06
19,30,1,1.238867e+09
19,30,2,1.238867e+09
19,30,3,1.238867e+09
19,30,5,1.238867e+09
19,30,10,1.238867e+09
19,30,20,1.238867e+09
19,30,30,1.238867e+09
19,30,40,1.238867e+09
19,30,50,4.255869e+06
19,30,1,9.852541e+09
19,30,2,9.852541e+09
19,30,3,9.852541e+09
19,30,5,3.814776e+09
19,30,10,3.075210e+09
19,30,20,3.075210e+09
19,30,30,3.075210e+09
19,30,40,3.075210e+09
19,30,50,3.129599e+06
19,30,1,4.526748e+09
19,30,2,4.526748e+09
19,30,3,3.358577e+09
19,30,5,1.950465e+09
19,30,10,1.950465e+09
19,30,20,1.950465e+09
19,30,30,1.950465e+09
19,30,40,1.950465e+09
19,30,50,1.054839e+07
19,30,1,6.811910e+09
19,30,2,6.811910e+09
19,30,3,6.811910e+09
19,30,5,6.811910e+09
19,30,10,3.147454e+09
19,30,20,2.945567e+09
19,30,30,2.945567e+09
19,30,40,2.576774e+06
19,30,50,1.361399e+06
19,30,1,9.169625e+09
19,30,2,1.549633e+09
19,30,3,1.549633e+09
19,30,5,1.549633e+09
19,30,10,1.549633e+09
19,30,20,1.549633e+09
19,30,30,1.549633e+09
19,30,40,1.124702e+07
19,30,50,9.607900e+05
19,30,1,8.094595e+09
19,30,2,5.270097e+09
19,30,3,3.331233e+09
19,30,5,3.331233e+09
19,30,10,3.331233e+09
19,30,20,3.331233e+09
19,30,30,1.636601e+08
19,30,40,1.636601e+08
19,30,50,1.636601e+08
19,30,1,1.199236e+09
19,30,2,1.199236e+09
19,30,3,1.199236e+09
19,30,5,1.041849e+09
19,30,10,1.041849e+09
19,30,20,1.041849e+09
19,30,30,1.041849e+09
19,30,40,1.041849e+09
19,30,50,6.223706e+07
19,30,1,4.411779e+09
19,30,2,2.204093e+09
19,30,3,2.204093e+09
19,30,5,2.204093e+09
19,30,10,2.204093e+09
19,30,20,6.987860e+08
19,30,30,9.416093e+07
19,30,40,9.416093e+07
19,30,50,8.224637e+07
19,30,1,1.046884e+10
19,30,2,1.046884e+10
19,30,3,4.295986e+09
19,30,5,3.778852e+09
19,30,10,2.944413e+09
19,30,20,2.239921e+09
19,30,30,1.825283e+09
19,30,40,8.907808e+06
19,30,50,2.615442e+06
19,30,1,1.257183e+10
19,30,2,1.257183e+10
19,30,3,1.257183e+10
19,30,5,4.173855e+09
19,30,10,2.940497e+09
19,30,20,2.157893e+09
19,30,30,7.200561e+06
19,30,40,5.441930e+06
19,30,50,5.441930e+06
