funcid,dim,milestone,error
15,30,1,1.168304e+10
15,30,2,1.168304e+10
15,30,3,1.168304e+10
15,30,5,5.479045e+09
15,30,10,4.015315e+09
15,30,20,3.794670e+09
15,30,30,3.794670e+09
15,30,40,4.298591e+06
15,30,50,4.298591e+06
15,30,1,1.273860e+09
15,30,2,1.273860e+09
15,30,3,1.273860e+09
15,30,5,1.273860e+09
15,30,10,1.273860e+09
15,30,20,1.273860e+09
15,30,30,1.273860e+09
15,30,40,1.273860e+09
15,30,50,1.273860e+09
15,30,1,2.575212e+09
15,30,2,2.575212e+09
15,30,3,2.575212e+09
15,30,5,8.148414e+08
15,30,10,8.148414e+08
15,30,20,8.148414e+08
15,30,30,8.148414e+08
15,30,40,7.830864e+07
15,30,50,1.610282e+04
15,30,1,7.349223e+08
15,30,2,7.349223e+08
15,30,3,7.349223e+08
15,30,5,7.349223e+08
15,30,10,7.349223e+08
15,30,20,7.349223e+08
15,30,30,7.349223e+08
15,30,40,7.349223e+08
15,30,50,7.349223e+08
15,30,1,9.633318e+08
15,30,2,9.633318e+08
15,30,3,9.633318e+08
15,30,5,9.633318e+08
15,30,10,9.633318e+08
15,30,20,9.633318e+08
15,30,30,9.633318e+08
15,30,40,9.633318e+08
15,30,50,1.845313e+04
15,30,1,1.998677e+09
15,30,2,1.998677e+09
15,30,3,1.998677e+09
15,30,5,1.998677e+09
15,30,10,1.998677e+09
15,30,20,1.998677e+09
15,30,30,1.998677e+09
15,30,40,4.942662e+08
15,30,50,3.107049e+04
15,30,1,1.130149e+09
15,30,2,1.130149e+09
15,30,3,1.130149e+09
15,30,5,1.130149e+09
15,30,10,1.130149e+09
15,30,20,1.130149e+09
15,30,30,1.130149e+09
15,30,40,1.130149e+09
15,30,50,8.266225e+03
15,30,1,3.721311e+09
15,30,2,3.721311e+09
15,30,3,3.721311e+09
15,30,5,2.508149e+09
15,30,10,2.508149e+09
15,30,20,2.508149e+09
15,30,30,9.269960e+08
15,30,40,1.522370e+04
15,30,50,1.522370e+04
15,30,1,8.994276e+09
15,30,2,2.269132e+09
15,30,3,2.269132e+09
15,30,5,2.269132e+09
15,30,10,2.269132e+09
15,30,20,2.269132e+09
15,30,30,2.269132e+09
15,30,40,2.269132e+09
15,30,50,2.269132e+09
15,30,1,1.797334e+09
15,30,2,1.797334e+09
15,30,3,1.797334e+09
15,30,5,1.797334e+09
15,30,10,1.797334e+09
15,30,20,1.797334e+09
15,30,30,1.797334e+09
15,30,40,5.446921e+07
15,30,50,1.123204e+07
15,30,1,8.208368e+09
15,30,2,8.208368e+09
15,30,3,8.208368e+09
15,30,5,4.773862e+09
15,30,10,4.773862e+09
15,30,20,4.773862e+09
15,30,30,4.773862e+09
15,30,40,4.773862e+09
15,30,50,4.773862e+09
15,30,1,1.007209e+10
15,30,2,2.140220e+09
15,30,3,1.351447e+09
15,30,5,9.119191e+08
15,30,10,9.119191e+08
15,30,20,9.119191e+08
15,30,30,9.119191e+08
15,30,40,9.119191e+08
15,30,50,9.119191e+08
15,30,1,9.144727e+09
15,30,2,9.144727e+09
15,30,3,9.144727e+09
15,30,5,9.144727e+09
15,30,10,9.144727e+09
15,30,20,9.144727e+09
15,30,30,9.144727e+09
15,30,40,9.144727e+09
15,30,50,9.144727e+09
15,30,1,4.729623e+09
15,30,2,4.034823e+09
15,30,3,4.034823e+09
15,30,5,3.398163e+09
15,30,10,3.398163e+09
15,30,20,2.518703e+09
15,30,30,2.518703e+09
15,30,40,2.518703e+09
15,30,50,7.716293e+05
15,30,1,7.983822e+09
15,30,2,7.983822e+09
15,30,3,3.087887e+09
15,30,5,6.771031e+08
15,30,10,6.771031e+08
15,30,20,6.771031e+08
15,30,30,6.771031e+08
15,30,40,6.771031e+08
15,30,50,6.771031e+08
15,30,1,1.403374e+09
15,30,2,1.403374e+09
15,30,3,1.403374e+09
15,30,5,1.403374e+09
15,30,10,1.403374e+09
15,30,20,1.403374e+09
15,30,30,1.403374e+09
15,30,40,1.403374e+09
15,30,50,1.403374e+09
15,30,1,2.475696e+09
15,30,2,2.475696e+09
15,30,3,2.475696e+09
15,30,5,2.475696e+09
15,30,10,2.475696e+09
15,30,20,2.475696e+09
15,30,30,2.475696e+09
15,30,40,6.346535e+07
15,30,50,8.410381e+06
15,30,1,3.485365e+09
15,30,2,3.485365e+09
15,30,3,3.485365e+09
15,30,5,3.485365e+09
15,30,10,3.485365e+09
15,30,20,3.485365e+09
15,30,30,3.485365e+09
15,30,40,3.485365e+09
15,30,50,3.269887e+06
15,30,1,1.190617e+10
15,30,2,1.190617e+10
15,30,3,1.190617e+10
15,30,5,1.190617e+10
15,30,10,1.190617e+10
15,30,20,1.190617e+10
15,30,30,1.190617e+10
15,30,40,1.190617e+10
15,30,50,1.190617e+10
15,30,1,1.276848e+10
15,30,2,8.069368e+09
15,30,3,7.240975e+09
15,30,5,7.240975e+09
15,30,10,7.240975e+09
15,30,20,2.225421e+09
15,30,30,1.898775e+09
15,30,40,1.633466e+04
15,30,50,1.633466e+04
15,30,1,1.402895e+10
15,30,2,2.447948e+09
15,30,3,1.168757e+09
15,30,5,1.168757e+09
15,30,10,1.168757e+09
15,30,20,1.168757e+09
15,30,30,1.168757e+09
15,30,40,1.168757e+09
15,30,50,1.168757e+09
15,30,1,1.206516e+10
15,30,2,1.206516e+10
15,30,3,1.206516e+10
15,30,5,1.206516e+10
15,30,10,1.206516e+10
15,30,20,1.206516e+10
15,30,30,1.587174e+09
15,30,40,1.587174e+09
15,30,50,1.192313e+04
15,30,1,9.851294e+09
15,30,2,9.851294e+09
15,30,3,9.851294e+09
15,30,5,9.851294e+09
15,30,10,9.851294e+09
15,30,20,9.851294e+09
15,30,30,2.214049e+09
15,30,40,1.478199e+04
15,30,50,1.478199e+04
15,30,1,5.724192e+09
15,30,2,5.724192e+09
15,30,3,5.724192e+09
15,30,5,5.724192e+09
15,30,10,5.724192e+09
15,30,20,5.074454e+09
15,30,30,1.580157e+09
15,30,40,1.655363e+08
15,30,50,1.655363e+08
15,30,1,6.816416e+09
15,30,2,6.816416e+09
15,30,3,6.816416e+09
15,30,5,6.816416e+09
15,30,10,5.389756e+09
15,30,20,3.332358e+09
15,30,30,3.332358e+09
15,30,40,3.332358e+09
15,30,50,1.863021e+04
15,30,1,4.701145e+09
15,30,2,4.701145e+09
15,30,3,4.701145e+09
15,30,5,4.701145e+09
15,30,10,4.701145e+09
15,30,20,4.701145e+09
15,30,30,4.701145e+09
15,30,40,9.029496e+06
15,30,50,1.071998e+04
15,30,1,1.925918e+09
15,30,2,1.339265e+09
15,30,3,1.339265e+09
15,30,5,1.339265e+09
15,30,10,1.339265e+09
15,30,20,1.339265e+09
15,30,30,1.339265e+09
15,30,40,1.339265e+09
15,30,50,1.339265e+09
15,30,1,4.930897e+09
15,30,2,4.930897e+09
15,30,3,4.930897e+09
15,30,5,4.930897e+09
15,30,10,4.930897e+09
15,30,20,4.930897e+09
15,30,30,4.930897e+09
15,30,40,4.930897e+09
15,30,50,4.930897e+09
15,30,1,5.289458e+08
15,30,2,5.289458e+08
15,30,3,5.289458e+08
15,30,5,5.289458e+08
15,30,10,5.289458e+08
15,30,20,5.289458e+08
15,30,30,5.289458e+08
15,30,40,1.388246e+06
15,30,50,1.070768e+04
15,30,1,4.093028e+09
15,30,2,4.093028e+09
15,30,3,4.093028e+09
15,30,5,4.093028e+09
15,30,10,4.093028e+09
15,30,20,4.093028e+09
15,30,30,9.191996e+08
15,30,40,5.685160e+08
15,30,50,6.101421e+04
15,30,1,2.712273e+08
15,30,2,2.712273e+08
15,30,3,2.712273e+08
15,30,5,2.712273e+08
15,30,10,2.712273e+08
15,30,20,2.712273e+08
15,30,30,2.712273e+08
15,30,40,2.712273e+08
15,30,50,2.712273e+08
15,30,1,1.024957e+09
15,30,2,4.971916e+08
15,30,3,4.179298e+08
15,30,5,4.179298e+08
15,30,10,4.179298e+08
15,30,20,4.179298e+08
15,30,30,4.179298e+08
15,30,40,4.179298e+08
15,30,50,4.179298e+08
15,30,1,6.769250e+09
15,30,2,6.769250e+09
15,30,3,6.769250e+09
15,30,5,6.769250e+09
15,30,10,6.769250e+09
15,30,20,6.769250e+09
15,30,30,6.769250e+09
15,30,40,6.769250e+09
15,30,50,6.769250e+09
15,30,1,3.616979e+09
15,30,2,2.716466e+09
15,30,3,2.716466e+09
15,30,5,2.716466e+09
15,30,10,2.716466e+09
15,30,20,2.716466e+09
15,30,30,2.716466e+09
15,30,40,2.169172e+08
15,30,50,9.541780e+03
15,30,1,4.197895e+09
15,30,2,1.942244e+09
15,30,3,1.942244e+09
15,30,5,1.942244e+09
15,30,10,1.942244e+09
15,30,20,1.942244e+09
15,30,30,1.942244e+09
15,30,40,1.942244e+09
15,30,50,3.422567e+05
15,30,1,3.371415e+09
15,30,2,3.371415e+09
15,30,3,3.371415e+09
15,30,5,3.371415e+09
15,30,10,3.371415e+09
15,30,20,3.371415e+09
15,30,30,3.371415e+09
15,30,40,2.998973e+08
15,30,50,1.627657e+04
15,30,1,1.075503e+10
15,30,2,1.075503e+10
15,30,3,1.075503e+10
15,30,5,1.075503e+10
15,30,10,1.075503e+10
15,30,20,1.075503e+10
15,30,30,1.149306e+09
15,30,40,2.153343e+08
15,30,50,2.153343e+08
15,30,1,5.385768e+09
15,30,2,5.385768e+09
15,30,3,5.385768e+09
15,30,5,5.385768e+09
15,30,10,5.385768e+09
15,30,20,5.385768e+09
15,30,30,5.385768e+09
15,30,40,5.385768e+09
15,30,50,5.385768e+09
15,30,1,5.721226e+09
15,30,2,5.721226e+09
15,30,3,5.721226e+09
15,30,5,5.721226e+09
15,30,10,5.721226e+09
15,30,20,5.721226e+09
15,30,30,5.721226e+09
15,30,40,7.801783e+07
15,30,50,6.671652e+06
15,30,1,3.755076e+09
15,30,2,3.755076e+09
15,30,3,3.755076e+09
15,30,5,3.755076e+09
15,30,10,3.755076e+09
15,30,20,3.755076e+09
15,30,30,3.755076e+09
15,30,40,3.755076e+09
15,30,50,3.755076e+09
15,30,1,9.761298e+09
15,30,2,4.299995e+09
15,30,3,4.299995e+09
15,30,5,2.534318e+09
15,30,10,2.534318e+09
15,30,20,2.534318e+09
15,30,30,2.534318e+09
15,30,40,2.045894e+07
15,30,50,1.459972e+04
15,30,1,1.009512e+10
15,30,2,1.009512e+10
15,30,3,1.009512e+10
15,30,5,3.384890e+09
15,30,10,3.384890e+09
15,30,20,3.384890e+09
15,30,30,3.384890e+09
15,30,40,3.384890e+09
15,30,50,3.384890e+09
15,30,1,1.822655e+10
15,30,2,1.822655e+10
15,30,3,1.822655e+10
15,30,5,1.822655e+10
15,30,10,1.822655e+10
15,30,20,1.822655e+10
15,30,30,2.101087e+09
15,30,40,2.194464e+07
15,30,50,2.194464e+07
15,30,1,1.899594e+10
15,30,2,1.491343e+10
15,30,3,1.491343e+10
15,30,5,1.491343e+10
15,30,10,1.491343e+10
15,30,20,1.491343e+10
15,30,30,2.947409e+09
15,30,40,6.953662e+06
15,30,50,1.439430e+04
15,30,1,6.400911e+09
15,30,2,6.400911e+09
15,30,3,6.400911e+09
15,30,5,6.400911e+09
15,30,10,6.400911e+09
15,30,20,6.400911e+09
15,30,30,6.400911e+09
15,30,40,6.400911e+09
15,30,50,6.400911e+09
15,30,1,2.424083e+09
15,30,2,2.424083e+09
15,30,3,2.424083e+09
15,30,5,2.424083e+09
15,30,10,2.424083e+09
15,30,20,2.424083e+09
15,30,30,2.424083e+09
15,30,40,2.424083e+09
15,30,50,2.424083e+09
15,30,1,8.520156e+09
15,30,2,8.520156e+09
15,30,3,8.520156e+09
15,30,5,8.520156e+09
15,30,10,8.520156e+09
15,30,20,8.520156e+09
15,30,30,1.957389e+09
15,30,40,2.279854e+07
15,30,50,2.279854e+07
15,30,1,3.674324e+09
15,30,2,3.674324e+09
15,30,3,3.674324e+09
15,30,5,3.674324e+09
15,30,10,3.674324e+09
15,30,20,3.674324e+09
15,30,30,3.674324e+09
15,30,40,3.674324e+09
15,30,50,3.674324e+09
15,30,1,8.352518e+08
15,30,2,8.352518e+08
15,30,3,8.352518e+08
15,30,5,8.352518e+08
15,30,10,8.352518e+08
15,30,20,8.352518e+08
15,30,30,8.352518e+08
15,30,40,8.209938e+08
15,30,50,1.503999e+04
15,30,1,8.982496e+09
15,30,2,8.982496e+09
15,30,3,8.982496e+09
15,30,5,8.982496e+09
15,30,10,8.982496e+09
15,30,20,6.028271e+09
15,30,30,1.160835e+09
15,30,40,1.456141e+06
15,30,50,2.091626e+04
15,30,1,2.173114e+09
15,30,2,2.173114e+09
15,30,3,2.173114e+09
15,30,5,2.173114e+09
15,30,10,2.173114e+09
15,30,20,2.173114e+09
15,30,30,2.173114e+09
15,30,40,2.173114e+09
15,30,50,2.173114e+09
15,30,1,2.156707e+09
15,30,2,2.156707e+09
15,30,3,2.156707e+09
15,30,5,2.156707e+09
15,30,10,2.156707e+09
15,30,20,2.156707e+09
15,30,30,2.156707e+09
15,30,40,2.156707e+09
15,30,50,2.156707e+09
15,30,1,3.906755e+09
15,30,2,3.906755e+09
15,30,3,3.906755e+09
15,30,5,3.906755e+09
15,30,10,3.906755e+09
15,30,20,3.906755e+09
15,30,30,3.906755e+09
15,30,40,3.906755e+09
15,30,50,1.303006e+04
15,30,1,3.978477e+09
15,30,2,2.459452e+09
15,30,3,2.459452e+09
15,30,5,2.459452e+09
15,30,10,2.459452e+09
15,30,20,2.459452e+09
15,30,30,2.459452e+09
15,30,40,1.505220e+06
15,30,50,1.505220e+06
15,30,1,4.790810e+09
15,30,2,9.961372e+08
15,30,3,7.063594e+08
15,30,5,7.063594e+08
15,30,10,7.063594e+08
15,30,20,7.063594e+08
15,30,30,7.063594e+08
15,30,40,7.063594e+08
15,30,50,7.063594e+08
15,30,1,1.549249e+10
15,30,2,1.549249e+10
15,30,3,1.549249e+10
15,30,5,1.549249e+10
15,30,10,1.549249e+10
15,30,20,1.549249e+10
15,30,30,1.549249e+10
15,30,40,1.549249e+10
15,30,50,1.549249e+10
15,30,1,1.332183e+10
15,30,2,1.332183e+10
15,30,3,1.332183e+10
15,30,5,1.332183e+10
15,30,10,1.332183e+10
15,30,20,3.335971e+09
15,30,30,3.335971e+09
15,30,40,1.093049e+09
15,30,50,1.998756e+04
15,30,1,4.053543e+09
15,30,2,2.741325e+09
15,30,3,9.946365e+08
15,30,5,7.055251e+08
15,30,10,7.055251e+08
15,30,20,7.055251e+08
15,30,30,7.055251e+08
15,30,40,7.055251e+08
15,30,50,7.055251e+08
15,30,1,2.020389e+09
15,30,2,2.020389e+09
15,30,3,2.020389e+09
15,30,5,2.020389e+09
15,30,10,2.020389e+09
15,30,20,2.020389e+09
15,30,30,2.020389e+09
15,30,40,2.020389e+09
15,30,50,2.020389e+09
15,30,1,1.380747e+09
15,30,2,1.150345e+09
15,30,3,1.150345e+09
15,30,5,1.150345e+09
15,30,10,1.150345e+09
15,30,20,1.150345e+09
15,30,30,1.150345e+09
15,30,40,1.150345e+09
15,30,50,1.150345e+09
15,30,1,4.889214e+09
15,30,2,3.442171e+09
15,30,3,2.962729e+09
15,30,5,2.202781e+09
15,30,10,1.030080e+09
15,30,20,1.030080e+09
15,30,30,1.030080e+09
15,30,40,1.030080e+09
15,30,50,1.030080e+09
15,30,1,1.740618e+09
15,30,2,1.740618e+09
15,30,3,1.740618e+09
15,30,5,1.740618e+09
15,30,10,1.740618e+09
15,30,20,1.740618e+09
15,30,30,1.740618e+09
15,30,40,1.740618e+09
15,30,50,1.711774e+09
15,30,1,8.767717e+09
15,30,2,8.767717e+09
15,30,3,8.767717e+09
15,30,5,8.767717e+09
15,30,10,8.767717e+09
15,30,20,8.767717e+09
15,30,30,8.767717e+09
15,30,40,8.767717e+09
15,30,50,8.767717e+09
15,30,1,7.793746e+09
15,30,2,7.793746e+09
15,30,3,4.116966e+09
15,30,5,4.116966e+09
15,30,10,4.116966e+09
15,30,20,4.116966e+09
15,30,30,1.334941e+08
15,30,40,1.334941e+08
15,30,50,1.334941e+08
15,30,1,4.131415e+09
15,30,2,4.131415e+09
15,30,3,4.131415e+09
15,30,5,4.131415e+09
15,30,10,3.438758e+09
15,30,20,3.438758e+09
15,30,30,1.339529e+09
15,30,40,9.264980e+07
15,30,50,9.264980e+07
15,30,1,8.896883e+09
15,30,2,8.896883e+09
15,30,3,8.896883e+09
15,30,5,8.896883e+09
15,30,10,8.896883e+09
15,30,20,8.896883e+09
15,30,30,8.896883e+09
15,30,40,8.896883e+09
15,30,50,8.896883e+09
15,30,1,2.297695e+08
15,30,2,1.835243e+08
15,30,3,1.202972e+08
15,30,5,1.202972e+08
15,30,10,1.202972e+08
15,30,20,1.202972e+08
15,30,30,1.202972e+08
15,30,40,1.202972e+08
15,30,50,1.202972e+08
15,30,1,3.075831e+09
15,30,2,6.838788e+08
15,30,3,6.838788e+08
15,30,5,6.838788e+08
15,30,10,6.838788e+08
15,30,20,6.838788e+08
15,30,30,6.838788e+08
15,30,40,6.838788e+08
15,30,50,6.838788e+08
15,30,1,3.524442e+09
15,30,2,2.635083e+09
15,30,3,2.635083e+09
15,30,5,2.635083e+09
15,30,10,2.635083e+09
15,30,20,2.635083e+09
15,30,30,2.635083e+09
15,30,40,1.263928e+07
15,30,50,1.263928e+07
15,30,1,3.360441e+09
15,30,2,3.360441e+09
15,30,3,3.360441e+09
15,30,5,3.360441e+09
15,30,10,3.360441e+09
15,30,20,3.360441e+09
15,30,30,3.360441e+09
15,30,40,3.360441e+09
15,30,50,3.360441e+09
15,30,1,1.410987e+09
15,30,2,1.410987e+09
15,30,3,1.410987e+09
15,30,5,1.410987e+09
15,30,10,1.410987e+09
15,30,20,1.410987e+09
15,30,30,1.410987e+09
15,30,40,1.410987e+09
15,30,50,1.410987e+09
15,30,1,7.549075e+09
15,30,2,7.549075e+09
15,30,3,7.549075e+09
15,30,5,7.549075e+09
15,30,10,4.132773e+09
15,30,20,4.132773e+09
15,30,30,4.132773e+09
15,30,40,5.390660e+05
15,30,50,5.390660e+05
15,30,1,4.058565e+09
15,30,2,4.058565e+09
15,30,3,4.058565e+09
15,30,5,4.058565e+09
15,30,10,4.058565e+09
15,30,20,4.058565e+09
15,30,30,4.058565e+09
15,30,40,4.058565e+09
15,30,50,4.058565e+09
15,30,1,6.908941e+09
15,30,2,6.908941e+09
15,30,3,6.908941e+09
15,30,5,6.908941e+09
15,30,10,1.651130e+09
15,30,20,1.039810e+09
15,30,30,1.039810e+09
15,30,40,1.039810e+09
15,30,50,1.039810e+09
15,30,1,7.517212e+09
15,30,2,7.517212e+09
15,30,3,7.517212e+09
15,30,5,7.517212e+09
15,30,10,4.423853e+09
15,30,20,4.423853e+09
15,30,30,4.423853e+09
15,30,40,4.423853e+09
15,30,50,4.423853e+09
15,30,1,4.231427e+09
15,30,2,7.109547e+08
15,30,3,7.109547e+08
15,30,5,3.848669e+08
15,30,10,3.848669e+08
15,30,20,3.848669e+08
15,30,30,3.848669e+08
15,30,40,3.848669e+08
15,30,50,3.848669e+08
15,30,1,9.006574e+09
15,30,2,5.391872e+09
15,30,3,3.878149e+09
15,30,5,3.778575e+09
15,30,10,3.667485e+09
15,30,20,1.396531e+09
15,30,30,1.396531e+09
15,30,40,1.396531e+09
15,30,50,1.173487e+05
15,30,1,7.959634e+09
15,30,2,7.959634e+09
15,30,3,7.959634e+09
15,30,5,5.582351e+09
15,30,10,3.314306e+09
15,30,20,3.314306e+09
15,30,30,3.314306e+09
15,30,40,2.064990e+07
15,30,50,1.208473e+04
15,30,1,4.342832e+09
15,30,2,3.569163e+09
15,30,3,3.569163e+09
15,30,5,3.569163e+09
15,30,10,3.569163e+09
15,30,20,3.198007e+09
15,30,30,1.998857e+09
15,30,40,2.430369e+07
15,30,50,2.430369e+07
15,30,1,1.142779e+10
15,30,2,2.064964e+09
15,30,3,2.064964e+09
15,30,5,2.064964e+09
15,30,10,2.064964e+09
15,30,20,2.064964e+09
15,30,30,2.064964e+09
15,30,40,2.064964e+09
15,30,50,2.064964e+09
15,30,1,3.582423e+08
15,30,2,2.883753e+08
15,30,3,2.883753e+08
15,30,5,2.883753e+08
15,30,10,2.883753e+08
15,30,20,2.883753e+08
15,30,30,2.883753e+08
15,30,40,2.883753e+08
15,30,50,2.883753e+08
15,30,1,4.035809e+09
15,30,2,4.035809e+09
15,30,3,4.035809e+09
15,30,5,4.035809e+09
15,30,10,4.035809e+09
15,30,20,4.035809e+09
15,30,30,4.035809e+09
15,30,40,4.035809e+09
15,30,50,4.035809e+09
15,30,1,1.229198e+09
15,30,2,1.229198e+09
15,30,3,1.229198e+09
15,30,5,1.229198e+09
15,30,10,1.229198e+09
15,30,20,1.229198e+09
15,30,30,1.229198e+09
15,30,40,1.229198e+09
15,30,50,1.229198e+09
15,30,1,4.202070e+09
15,30,2,4.202070e+09
15,30,3,4.202070e+09
15,30,5,4.202070e+09
15,30,10,4.202070e+09
15,30,20,4.202070e+09
15,30,30,4.202070e+09
15,30,40,4.202070e+09
15,30,50,4.202070e+09
15,30,1,6.276257e+09
15,30,2,6.276257e+09
15,30,3,6.276257e+09
15,30,5,6.276257e+09
15,30,10,6.276257e+09
15,30,20,6.276257e+09
15,30,30,6.276257e+09
15,30,40,6.276257e+09
15,30,50,6.276257e+09
15,30,1,6.187276e+09
15,30,2,6.187276e+09
15,30,3,6.187276e+09
15,30,5,6.187276e+09
15,30,10,6.187276e+09
15,30,20,6.187276e+09
15,30,30,6.187276e+09
15,30,40,5.276792e+07
15,30,50,5.276792e+07
15,30,1,1.834330e+09
15,30,2,1.834330e+09
15,30,3,1.834330e+09
15,30,5,1.834330e+09
15,30,10,1.716539e+09
15,30,20,1.716539e+09
15,30,30,1.716539e+09
15,30,40,1.716539e+09
15,30,50,2.796701e+05
15,30,1,4.602091e+09
15,30,2,4.602091e+09
15,30,3,4.602091e+09
15,30,5,4.602091e+09
15,30,10,4.602091e+09
15,30,20,4.602091e+09
15,30,30,4.602091e+09
15,30,40,1.702083e+07
15,30,50,1.785633e+04
15,30,1,1.501156e+08
15,30,2,1.501156e+08
15,30,3,1.501156e+08
15,30,5,1.501156e+08
15,30,10,1.501156e+08
15,30,20,1.501156e+08
15,30,30,1.501156e+08
15,30,40,1.501156e+08
15,30,50,1.501156e+08
15,30,1,3.310949e+09
15,30,2,3.310949e+09
15,30,3,3.310949e+09
15,30,5,3.310949e+09
15,30,10,3.310949e+09
15,30,20,3.310949e+09
15,30,30,3.310949e+09
15,30,40,3.310949e+09
15,30,50,3.310949e+09
15,30,1,7.806023e+09
15,30,2,5.435930e+09
15,30,3,5.435930e+09
15,30,5,5.435930e+09
15,30,10,5.435930e+09
15,30,20,5.435930e+09
15,30,30,5.435930e+09
15,30,40,1.179374e+08
15,30,50,7.735074e+07
15,30,1,3.414597e+09
15,30,2,3.414597e+09
15,30,3,3.414597e+09
15,30,5,3.414597e+09
15,30,10,3.414597e+09
15,30,20,3.414597e+09
15,30,30,3.414597e+09
15,30,40,3.414597e+09
15,30,50,3.414597e+09
15,30,1,8.274426e+09
15,30,2,8.274426e+09
15,30,3,8.274426e+09
15,30,5,8.274426e+09
15,30,10,8.274426e+09
15,30,20,8.274426e+09
15,30,30,8.274426e+09
15,30,40,8.274426e+09
15,30,50,8.274426e+09
15,30,1,9.254121e+09
15,30,2,9.254121e+09
15,30,3,9.254121e+09
15,30,5,9.254121e+09
15,30,10,9.254121e+09
15,30,20,3.847079e+09
15,30,30,1.163414e+09
15,30,40,1.071002e+09
15,30,50,1.567480e+04
15,30,1,9.881556e+08
15,30,2,9.881556e+08
15,30,3,9.881556e+08
15,30,5,9.881556e+08
15,30,10,9.881556e+08
15,30,20,9.881556e+08
15,30,30,9.881556e+08
15,30,40,9.881556e+08
15,30,50,9.881556e+08
15,30,1,1.597512e+09
15,30,2,5.098353e+08
15,30,3,5.098353e+08
15,30,5,5.098353e+08
15,30,10,5.098353e+08
15,30,20,5.098353e+08
15,30,30,5.098353e+08
15,30,40,5.098353e+08
15,30,50,5.098353e+08
15,30,1,7.573152e+09
15,30,2,4.667787e+09
15,30,3,3.558443e+09
15,30,5,3.558443e+09
15,30,10,3.558443e+09
15,30,20,3.558443e+09
15,30,30,3.558443e+09
15,30,40,3.558443e+09
15,30,50,3.558443e+09
15,30,1,1.359237e+09
15,30,2,1.359237e+09
15,30,3,1.359237e+09
15,30,5,1.359237e+09
15,30,10,1.359237e+09
15,30,20,1.359237e+09
15,30,30,1.359237e+09
15,30,40,1.359237e+09
15,30,50,1.359237e+09
15,30,1,8.052867e+09
15,30,2,8.052867e+09
15,30,3,8.052867e+09
15,30,5,8.052867e+09
15,30,10,8.052867e+09
15,30,20,8.052867e+09
15,30,30,8.052867e+09
15,30,40,1.717388e+04
15,30,50,1.717388e+04
15,30,1,2.888585e+09
15,30,2,2.888585e+09
15,30,3,2.888585e+09
15,30,5,2.888585e+09
15,30,10,2.888585e+09
15,30,20,2.888585e+09
15,30,30,2.888585e+09
15,30,40,1.079349e+09
15,30,50,1.738639e+04
15,30,1,7.487140e+08
15,30,2,5.435671e+08
15,30,3,5.435671e+08
15,30,5,5.435671e+08
15,30,10,5.435671e+08
15,30,20,5.435671e+08
15,30,30,5.435671e+08
15,30,40,5.435671e+08
15,30,50,5.435671e+08
15,30,1,3.626840e+09
15,30,2,3.444090e+09
15,30,3,3.444090e+09
15,30,5,3.444090e+09
15,30,10,3.444090e+09
15,30,20,3.444090e+09
15,30,30,3.444090e+09
15,30,40,3.444090e+09
15,30,50,3.444090e+09
15,30,1,1.976230e+09
15,30,2,1.976230e+09
15,30,3,1.976230e+09
15,30,5,1.976230e+09
15,30,10,1.976230e+09
15,30,20,1.976230e+09
15,30,30,1.976230e+09
15,30,40,5.879783e+05
15,30,50,2.067011e+04
15,30,1,1.638770e+10
15,30,2,1.197182e+10
15,30,3,1.197182e+10
15,30,5,1.197182e+10
15,30,10,4.318249e+09
15,30,20,4.318249e+09
15,30,30,5.994321e+08
15,30,40,3.432687e+08
15,30,50,1.357069e+05
15,30,1,4.282706e+09
15,30,2,4.282706e+09
15,30,3,4.282706e+09
15,30,5,7.627990e+08
15,30,10,7.627990e+08
15,30,20,7.627990e+08
15,30,30,7.627990e+08
15,30,40,3.320139e+08
15,30,50,1.375209e+04
15,30,1,2.137553e+09
15,30,2,1.241870e+09
15,30,3,1.241870e+09
15,30,5,1.241870e+09
15,30,10,1.241870e+09
15,30,20,1.241870e+09
15,30,30,1.241870e+09
15,30,40,1.241870e+09
15,30,50,1.518307e+04
15,30,1,1.016653e+10
15,30,2,1.016653e+10
15,30,3,1.016653e+10
15,30,5,4.060536e+09
15,30,10,2.052313e+09
15,30,20,2.052313e+09
15,30,30,2.052313e+09
15,30,40,4.673552e+08
15,30,50,6.844582e+05
15,30,1,6.636156e+08
15,30,2,6.611065e+08
15,30,3,6.611065e+08
15,30,5,6.611065e+08
15,30,10,6.611065e+08
15,30,20,6.611065e+08
15,30,30,6.611065e+08
15,30,40,6.611065e+08
15,30,50,1.261940e+04
15,30,1,3.542282e+09
15,30,2,3.542282e+09
15,30,3,3.542282e+09
15,30,5,3.542282e+09
15,30,10,3.542282e+09
15,30,20,3.542282e+09
15,30,30,3.542282e+09
15,30,40,1.865465e+08
15,30,50,9.874347e+03
15,30,1,4.157499e+09
15,30,2,4.157499e+09
15,30,3,4.157499e+09
15,30,5,4.157499e+09
15,30,10,4.157499e+09
15,30,20,4.157499e+09
15,30,30,6.097589e+08
15,30,40,6.097589e+08
15,30,50,6.097589e+08
15,30,1,6.885743e+09
15,30,2,2.905762e+09
15,30,3,2.905762e+09
15,30,5,2.905762e+09
15,30,10,2.580481e+09
15,30,20,2.580481e+09
15,30,30,1.857860e+09
15,30,40,1.422546e+05
15,30,50,1.686523e+04
15,30,1,5.744873e+09
15,30,2,5.744873e+09
15,30,3,4.131973e+09
15,30,5,4.131973e+09
15,30,10,4.131973e+09
15,30,20,2.235626e+09
15,30,30,2.011074e+09
15,30,40,1.829092e+08
15,30,50,4.234981e+06
15,30,1,3.934177e+09
15,30,2,3.934177e+09
15,30,3,3.934177e+09
15,30,5,3.934177e+09
15,30,10,3.802754e+09
15,30,20,3.802754e+09
15,30,30,2.051639e+08
15,30,40,4.288433e+06
15,30,50,4.288433e+06
15,30,1,6.499129e+08
15,30,2,6.499129e+08
15,30,3,6.499129e+08
15,30,5,6.499129e+08
15,30,10,6.499129e+08
15,30,20,6.499129e+08
15,30,30,6.499129e+08
15,30,40,6.499129e+08
15,30,50,8.616212e+05
15,30,1,1.312453e+09
15,30,2,1.250503e+09
15,30,3,1.250503e+09
15,30,5,1.250503e+09
15,30,10,1.250503e+09
15,30,20,1.250503e+09
15,30,30,1.250503e+09
15,30,40,1.306659e+07
15,30,50,1.306659e+07
15,30,1,3.462690e+09
15,30,2,3.462690e+09
15,30,3,3.462690e+09
15,30,5,3.462690e+09
15,30,10,3.462690e+09
15,30,20,1.454732e+09
15,30,30,6.043049e+08
15,30,40,9.772262e+06
15,30,50,2.015180e+04
15,30,1,1.903171e+09
15,30,2,1.625569e+09
15,30,3,1.625569e+09
15,30,5,1.625569e+09
15,30,10,1.625569e+09
15,30,20,1.625569e+09
15,30,30,1.625569e+09
15,30,40,1.625569e+09
15,30,50,1.808026e+04
15,30,1,6.461987e+09
15,30,2,6.461987e+09
15,30,3,6.461987e+09
15,30,5,6.461987e+09
15,30,10,3.138716e+09
15,30,20,2.465155e+09
15,30,30,3.056296e+08
15,30,40,3.056296e+08
15,30,50,3.056296e+08
15,30,1,5.624415e+09
15,30,2,5.624415e+09
15,30,3,5.624415e+09
15,30,5,4.785286e+09
15,30,10,4.785286e+09
15,30,20,2.823590e+09
15,30,30,1.233236e+09
15,30,40,6.257117e+07
15,30,50,6.257117e+07
15,30,1,1.320167e+09
15,30,2,1.119066e+09
15,30,3,1.119066e+09
15,30,5,1.119066e+09
15,30,10,1.119066e+09
15,30,20,1.119066e+09
15,30,30,1.119066e+09
15,30,40,3.495911e+05
15,30,50,2.057150e+04
15,30,1,3.992080e+09
15,30,2,3.992080e+09
15,30,3,3.992080e+09
15,30,5,3.992080e+09
15,30,10,3.992080e+09
15,30,20,9.634913e+08
15,30,30,9.634913e+08
15,30,40,6.167735e+06
15,30,50,6.167735e+06
15,30,1,9.062186e+09
15,30,2,4.251608e+09
15,30,3,4.251608e+09
15,30,5,3.938545e+09
15,30,10,3.938545e+09
15,30,20,2.989754e+09
15,30,30,2.989754e+09
15,30,40,1.013649e+06
15,30,50,1.013649e+06
15,30,1,2.363530e+09
15,30,2,2.363530e+09
15,30,3,2.363530e+09
15,30,5,2.363530e+09
15,30,10,2.363530e+09
15,30,20,5.559484e+08
15,30,30,5.559484e+08
15,30,40,5.559484e+08
15,30,50,5.552977e+05
15,30,1,6.876900e+09
15,30,2,6.876900e+09
15,30,3,4.707468e+09
15,30,5,4.707468e+09
15,30,10,3.896498e+09
15,30,20,2.603215e+09
15,30,30,3.859250e+08
15,30,40,2.665932e+06
15,30,50,2.665932e+06
15,30,1,7.289657e+09
15,30,2,3.534215e+09
15,30,3,3.534215e+09
15,30,5,3.534215e+09
15,30,10,3.534215e+09
15,30,20,3.534215e+09
15,30,30,3.256971e+08
15,30,40,3.256971e+08
15,30,50,1.226067e+05
15,30,1,2.897079e+09
15,30,2,2.897079e+09
15,30,3,2.897079e+09
15,30,5,2.897079e+09
15,30,10,2.897079e+09
15,30,20,2.897079e+09
15,30,30,2.897079e+09
15,30,40,4.154054e+06
15,30,50,4.154054e+06
15,30,1,6.901430e+08
15,30,2,6.901430e+08
15,30,3,6.901430e+08
15,30,5,6.901430e+08
15,30,10,6.901430e+08
15,30,20,6.901430e+08
15,30,30,6.901430e+08
15,30,40,6.901430e+08
15,30,50,3.675358e+04
15,30,1,1.228549e+10
15,30,2,4.145031e+09
15,30,3,4.145031e+09
15,30,5,4.145031e+09
15,30,10,4.145031e+09
15,30,20,1.324523e+09
15,30,30,1.324523e+09
15,30,40,1.324523e+09
15,30,50,1.465889e+04
15,30,1,3.634495e+09
15,30,2,3.634495e+09
15,30,3,3.634495e+09
15,30,5,3.634495e+09
15,30,10,3.634495e+09
15,30,20,3.634495e+09
15,30,30,1.019380e+09
15,30,40,5.193409e+06
15,30,50,5.193409e+06
15,30,1,4.735164e+09
15,30,2,4.320181e+09
15,30,3,4.320181e+09
15,30,5,1.179244e+09
15,30,10,1.179244e+09
15,30,20,1.179244e+09
15,30,30,1.179244e+09
15,30,40,1.179244e+09
15,30,50,1.726546e+04
15,30,1,9.851521e+08
15,30,2,9.851521e+08
15,30,3,9.851521e+08
15,30,5,9.851521e+08
15,30,10,9.851521e+08
15,30,20,9.851521e+08
15,30,30,9.851521e+08
15,30,40,2.834482e+08
15,30,50,1.596505e+04
15,30,1,3.656449e+09
15,30,2,3.656449e+09
15,30,3,3.656449e+09
15,30,5,3.656449e+09
15,30,10,3.656449e+09
15,30,20,3.656449e+09
15,30,30,3.656449e+09
15,30,40,1.996959e+04
15,30,50,1.989516e+04
15,30,1,3.406317e+09
15,30,2,3.131340e+08
15,30,3,3.131340e+08
15,30,5,3.131340e+08
15,30,10,3.131340e+08
15,30,20,3.131340e+08
15,30,30,3.131340e+08
15,30,40,3.131340e+08
15,30,50,2.079656e+07
15,30,1,1.065086e+10
15,30,2,1.065086e+10
15,30,3,3.477014e+09
15,30,5,2.143327e+09
15,30,10,2.143327e+09
15,30,20,2.143327e+09
15,30,30,2.707395e+08
15,30,40,2.367704e+07
15,30,50,2.367704e+07
15,30,1,1.491150e+10
15,30,2,5.477755e+09
15,30,3,5.133803e+09
15,30,5,5.133803e+09
15,30,10,5.076700e+09
15,30,20,2.877363e+09
15,30,30,3.638155e+08
15,30,40,3.638155e+08
15,30,50,3.638155e+08
15,30,1,2.969051e+09
15,30,2,2.936673e+09
15,30,3,2.936673e+09
15,30,5,2.936673e+09
15,30,10,2.936673e+09
15,30,20,1.827286e+09
15,30,30,1.827286e+09
15,30,40,2.281682e+08
15,30,50,2.525515e+04
15,30,1,1.792559e+09
15,30,2,1.792559e+09
15,30,3,1.792559e+09
15,30,5,1.792559e+09
15,30,10,1.792559e+09
15,30,20,1.792559e+09
15,30,30,1.792559e+09
15,30,40,1.217089e+07
15,30,50,1.996009e+04
15,30,1,4.471548e+09
15,30,2,3.987123e+09
15,30,3,3.987123e+09
15,30,5,3.987123e+09
15,30,10,3.928893e+09
15,30,20,1.939097e+09
15,30,30,1.939097e+09
15,30,40,1.939097e+09
15,30,50,1.697376e+04
15,30,1,1.657365e+09
15,30,2,7.476072e+08
15,30,3,1.891926e+08
15,30,5,1.277144e+08
15,30,10,1.277144e+08
15,30,20,1.277144e+08
15,30,30,1.277144e+08
15,30,40,1.277144e+08
15,30,50,1.277144e+08
15,30,1,1.161165e+10
15,30,2,4.366418e+09
15,30,3,4.358626e+09
15,30,5,4.244191e+09
15,30,10,1.852501e+09
15,30,20,1.852501e+09
15,30,30,1.852501e+09
15,30,40,1.852501e+09
15,30,50,8.977766e+03
15,30,1,2.727587e+09
15,30,2,2.727587e+09
15,30,3,2.727587e+09
15,30,5,2.727587e+09
15,30,10,2.727587e+09
15,30,20,2.727587e+09
15,30,30,2.727587e+09
15,30,40,7.568244e+08
15,30,50,1.951335e+05
15,30,1,9.870378e+09
15,30,2,3.565124e+09
15,30,3,3.565124e+09
15,30,5,3.565124e+09
15,30,10,3.565124e+09
15,30,20,3.565124e+09
15,30,30,4.267582e+08
15,30,40,4.267582e+08
15,30,50,1.093700e+08
15,30,1,4.639008e+09
15,30,2,3.765834e+09
15,30,3,3.765834e+09
15,30,5,3.765834e+09
15,30,10,3.765834e+09
15,30,20,3.765834e+09
15,30,30,3.765834e+09
15,30,40,3.216995e+09
15,30,50,9.730221e+03
15,30,1,4.532893e+09
15,30,2,4.532893e+09
15,30,3,4.006332e+09
15,30,5,3.780545e+09
15,30,10,3.780545e+09
15,30,20,1.919016e+09
15,30,30,9.910056e+08
15,30,40,9.910056e+08
15,30,50,1.411292e+04
15,30,1,1.161404e+09
15,30,2,1.161404e+09
15,30,3,1.161404e+09
15,30,5,1.161404e+09
15,30,10,1.161404e+09
15,30,20,1.161404e+09
15,30,30,1.161404e+09
15,30,40,1.006843e+09
15,30,50,1.472305e+04
15,30,1,1.404618e+09
15,30,2,1.404618e+09
15,30,3,1.404618e+09
15,30,5,1.404618e+09
15,30,10,1.404618e+09
15,30,20,1.404618e+09
15,30,30,1.404618e+09
15,30,40,1.404618e+09
15,30,50,4.888603e+06
15,30,1,2.460247e+09
15,30,2,2.460247e+09
15,30,3,2.460247e+09
15,30,5,2.520126e+08
15,30,10,2.369774e+08
15,30,20,2.369774e+08
15,30,30,2.369774e+08
15,30,40,2.369774e+08
15,30,50,1.198232e+06
15,30,1,1.066170e+10
15,30,2,1.066170e+10
15,30,3,9.835713e+09
15,30,5,4.475081e+09
15,30,10,4.130718e+09
15,30,20,4.130718e+09
15,30,30,4.510103e+08
15,30,40,4.510103e+08
15,30,50,4.510103e+08
15,30,1,6.190922e+09
15,30,2,3.569954e+09
15,30,3,3.569954e+09
15,30,5,3.569954e+09
15,30,10,3.569954e+09
15,30,20,3.569954e+09
15,30,30,3.569954e+09
15,30,40,7.469586e+04
15,30,50,1.326254e+04
15,30,1,4.875270e+09
15,30,2,3.984169e+09
15,30,3,3.984169e+09
15,30,5,3.984169e+09
15,30,10,3.984169e+09
15,30,20,3.111641e+09
15,30,30,3.111641e+09
15,30,40,2.135769e+07
15,30,50,1.406590e+04
15,30,1,2.751937e+09
15,30,2,2.751937e+09
15,30,3,2.751937e+09
15,30,5,2.751937e+09
15,30,10,2.751937e+09
15,30,20,2.751937e+09
15,30,30,3.094866e+06
15,30,40,3.094866e+06
15,30,50,3.094866e+06
15,30,1,2.221451e+09
15,30,2,2.221451e+09
15,30,3,2.221451e+09
15,30,5,2.221451e+09
15,30,10,2.221451e+09
15,30,20,2.221451e+09
15,30,30,1.481045e+07
15,30,40,1.481045e+07
15,30,50,1.481045e+07
15,30,1,1.559760e+09
15,30,2,1.559760e+09
15,30,3,1.559760e+09
15,30,5,1.559760e+09
15,30,10,1.559760e+09
15,30,20,1.559760e+09
15,30,30,1.200093e+07
15,30,40,1.200093e+07
15,30,50,1.200093e+07
