funcid,dim,milestone,error
4,30,1,1.233713e+04
4,30,2,1.233713e+04
4,30,3,1.233713e+04
4,30,5,1.233713e+04
4,30,10,1.233713e+04
4,30,20,1.233713e+04
4,30,30,1.233713e+04
4,30,40,1.233713e+04
4,30,50,1.233713e+04
4,30,1,6.063180e+04
4,30,2,2.674246e+04
4,30,3,2.498490e+04
4,30,5,2.498490e+04
4,30,10,2.382787e+04
4,30,20,2.382787e+04
4,30,30,1.559417e+04
4,30,40,5.022491e+03
4,30,50,5.022491e+03
4,30,1,1.945571e+04
4,30,2,1.945571e+04
4,30,3,1.836665e+04
4,30,5,1.836665e+04
4,30,10,1.503600e+04
4,30,20,1.503600e+04
4,30,30,1.503600e+04
4,30,40,1.503600e+04
4,30,50,1.503600e+04
4,30,1,5.363910e+04
4,30,2,5.363910e+04
4,30,3,3.667175e+04
4,30,5,3.667175e+04
4,30,10,3.667175e+04
4,30,20,3.667175e+04
4,30,30,3.667175e+04
4,30,40,3.667175e+04
4,30,50,3.667175e+04
4,30,1,1.870574e+04
4,30,2,1.870574e+04
4,30,3,1.870574e+04
4,30,5,1.870574e+04
4,30,10,1.870574e+04
4,30,20,1.870574e+04
4,30,30,1.870574e+04
4,30,40,1.870574e+04
4,30,50,9.156854e+03
4,30,1,4.571691e+04
4,30,2,2.902606e+04
4,30,3,2.902606e+04
4,30,5,2.902606e+04
4,30,10,2.740863e+04
4,30,20,1.969120e+04
4,30,30,1.969120e+04
4,30,40,1.969120e+04
4,30,50,2.674090e+03
4,30,1,6.070688e+04
4,30,2,6.070688e+04
4,30,3,6.070688e+04
4,30,5,6.070688e+04
4,30,10,6.070688e+04
4,30,20,6.070688e+04
4,30,30,6.070688e+04
4,30,40,6.070688e+04
4,30,50,6.070688e+04
4,30,1,6.647476e+04
4,30,2,6.647476e+04
4,30,3,6.647476e+04
4,30,5,2.597962e+04
4,30,10,2.597962e+04
4,30,20,2.597962e+04
4,30,30,2.597962e+04
4,30,40,2.597962e+04
4,30,50,2.597962e+04
4,30,1,1.915787e+04
4,30,2,1.915787e+04
4,30,3,1.915787e+04
4,30,5,1.915787e+04
4,30,10,1.915787e+04
4,30,20,1.915787e+04
4,30,30,1.915787e+04
4,30,40,1.915787e+04
4,30,50,1.915787e+04
4,30,1,1.385920e+04
4,30,2,1.385920e+04
4,30,3,1.385920e+04
4,30,5,1.385920e+04
4,30,10,1.385920e+04
4,30,20,1.385920e+04
4,30,30,1.385920e+04
4,30,40,1.385920e+04
4,30,50,3.619719e+03
4,30,1,4.821291e+04
4,30,2,4.821291e+04
4,30,3,4.821291e+04
4,30,5,4.821291e+04
4,30,10,4.821291e+04
4,30,20,4.821291e+04
4,30,30,8.148589e+03
4,30,40,8.148589e+03
4,30,50,4.393849e+03
4,30,1,1.773748e+04
4,30,2,1.290596e+04
4,30,3,1.290596e+04
4,30,5,1.290596e+04
4,30,10,1.290596e+04
4,30,20,1.290596e+04
4,30,30,1.290596e+04
4,30,40,1.290596e+04
4,30,50,1.290596e+04
4,30,1,1.873913e+04
4,30,2,1.873913e+04
4,30,3,1.873913e+04
4,30,5,1.873913e+04
4,30,10,1.873913e+04
4,30,20,1.873913e+04
4,30,30,1.873913e+04
4,30,40,1.873913e+04
4,30,50,3.217412e+03
4,30,1,4.757409e+04
4,30,2,4.757409e+04
4,30,3,2.601038e+04
4,30,5,1.299037e+04
4,30,10,1.299037e+04
4,30,20,1.299037e+04
4,30,30,1.299037e+04
4,30,40,1.299037e+04
4,30,50,1.299037e+04
4,30,1,4.741077e+04
4,30,2,4.741077e+04
4,30,3,2.964281e+04
4,30,5,2.964281e+04
4,30,10,2.916505e+04
4,30,20,2.916505e+04
4,30,30,2.916505e+04
4,30,40,5.805067e+03
4,30,50,5.509105e+02
4,30,1,3.282142e+04
4,30,2,2.549196e+04
4,30,3,2.549196e+04
4,30,5,2.549196e+04
4,30,10,2.549196e+04
4,30,20,2.549196e+04
4,30,30,2.549196e+04
4,30,40,2.549196e+04
4,30,50,2.549196e+04
4,30,1,5.280301e+04
4,30,2,5.280301e+04
4,30,3,5.280301e+04
4,30,5,5.280301e+04
4,30,10,5.280301e+04
4,30,20,5.280301e+04
4,30,30,5.280301e+04
4,30,40,6.735631e+03
4,30,50,6.421020e+02
4,30,1,3.463510e+04
4,30,2,2.184948e+04
4,30,3,2.184948e+04
4,30,5,2.184948e+04
4,30,10,2.184948e+04
4,30,20,2.184948e+04
4,30,30,2.184948e+04
4,30,40,1.413390e+04
4,30,50,1.265485e+03
4,30,1,1.988613e+04
4,30,2,1.413093e+04
4,30,3,1.413093e+04
4,30,5,1.413093e+04
4,30,10,1.413093e+04
4,30,20,1.413093e+04
4,30,30,1.413093e+04
4,30,40,1.413093e+04
4,30,50,1.413093e+04
4,30,1,4.460235e+04
4,30,2,4.460235e+04
4,30,3,4.460235e+04
4,30,5,4.460235e+04
4,30,10,4.460235e+04
4,30,20,4.460235e+04
4,30,30,4.460235e+04
4,30,40,4.460235e+04
4,30,50,4.460235e+04
4,30,1,1.382647e+04
4,30,2,1.382647e+04
4,30,3,1.382647e+04
4,30,5,1.382647e+04
4,30,10,1.382647e+04
4,30,20,1.382647e+04
4,30,30,1.382647e+04
4,30,40,1.382647e+04
4,30,50,1.382647e+04
4,30,1,4.175952e+04
4,30,2,4.175952e+04
4,30,3,4.175952e+04
4,30,5,4.175952e+04
4,30,10,4.175952e+04
4,30,20,4.175952e+04
4,30,30,2.224601e+04
4,30,40,4.776515e+03
4,30,50,7.596290e+02
4,30,1,2.863128e+04
4,30,2,2.407781e+04
4,30,3,2.407781e+04
4,30,5,2.407781e+04
4,30,10,2.407781e+04
4,30,20,2.407781e+04
4,30,30,2.088797e+04
4,30,40,1.580352e+04
4,30,50,1.761840e+03
4,30,1,3.391495e+04
4,30,2,3.391495e+04
4,30,3,3.391495e+04
4,30,5,2.403195e+04
4,30,10,2.403195e+04
4,30,20,2.403195e+04
4,30,30,2.403195e+04
4,30,40,5.366075e+03
4,30,50,5.380490e+02
4,30,1,5.292850e+04
4,30,2,2.230384e+04
4,30,3,2.230384e+04
4,30,5,2.230384e+04
4,30,10,2.230384e+04
4,30,20,2.230384e+04
4,30,30,2.230384e+04
4,30,40,2.230384e+04
4,30,50,2.230384e+04
4,30,1,4.102703e+04
4,30,2,2.351240e+04
4,30,3,1.603091e+04
4,30,5,1.297889e+04
4,30,10,1.293591e+04
4,30,20,1.293591e+04
4,30,30,1.293591e+04
4,30,40,1.293591e+04
4,30,50,5.195687e+03
4,30,1,2.563462e+04
4,30,2,2.359898e+04
4,30,3,2.359898e+04
4,30,5,2.359898e+04
4,30,10,2.359898e+04
4,30,20,2.359898e+04
4,30,30,2.359898e+04
4,30,40,2.359898e+04
4,30,50,2.359898e+04
4,30,1,1.986000e+04
4,30,2,1.802974e+04
4,30,3,1.802974e+04
4,30,5,1.802974e+04
4,30,10,1.802974e+04
4,30,20,1.802974e+04
4,30,30,1.802974e+04
4,30,40,1.802974e+04
4,30,50,4.953572e+03
4,30,1,2.251331e+04
4,30,2,2.251331e+04
4,30,3,2.251331e+04
4,30,5,2.251331e+04
4,30,10,2.251331e+04
4,30,20,2.251331e+04
4,30,30,2.251331e+04
4,30,40,2.251331e+04
4,30,50,2.179550e+03
4,30,1,2.313728e+04
4,30,2,2.306240e+04
4,30,3,2.253205e+04
4,30,5,2.012748e+04
4,30,10,2.012748e+04
4,30,20,2.012748e+04
4,30,30,2.012748e+04
4,30,40,2.012748e+04
4,30,50,2.012748e+04
4,30,1,2.182374e+04
4,30,2,1.967679e+04
4,30,3,1.967679e+04
4,30,5,1.967679e+04
4,30,10,1.967679e+04
4,30,20,1.455815e+04
4,30,30,1.257607e+04
4,30,40,1.257607e+04
4,30,50,1.257607e+04
4,30,1,1.337806e+04
4,30,2,1.259254e+04
4,30,3,1.213174e+04
4,30,5,1.213174e+04
4,30,10,1.213174e+04
4,30,20,1.213174e+04
4,30,30,1.213174e+04
4,30,40,1.213174e+04
4,30,50,9.209468e+03
4,30,1,2.091420e+04
4,30,2,2.091420e+04
4,30,3,2.091420e+04
4,30,5,2.091420e+04
4,30,10,2.091420e+04
4,30,20,2.091420e+04
4,30,30,2.091420e+04
4,30,40,9.559859e+03
4,30,50,1.191621e+03
4,30,1,3.466981e+04
4,30,2,2.605978e+04
4,30,3,2.605978e+04
4,30,5,2.605978e+04
4,30,10,2.605978e+04
4,30,20,2.605978e+04
4,30,30,2.605978e+04
4,30,40,5.084572e+03
4,30,50,8.163204e+02
4,30,1,2.892496e+04
4,30,2,2.892496e+04
4,30,3,2.892496e+04
4,30,5,2.892496e+04
4,30,10,2.892496e+04
4,30,20,2.892496e+04
4,30,30,2.892496e+04
4,30,40,2.892496e+04
4,30,50,2.892496e+04
4,30,1,5.681514e+04
4,30,2,5.681514e+04
4,30,3,2.364575e+04
4,30,5,2.364575e+04
4,30,10,2.364575e+04
4,30,20,2.364575e+04
4,30,30,2.364575e+04
4,30,40,2.364575e+04
4,30,50,2.364575e+04
4,30,1,4.136792e+04
4,30,2,4.136792e+04
4,30,3,2.887265e+04
4,30,5,2.868997e+04
4,30,10,2.868997e+04
4,30,20,2.868997e+04
4,30,30,1.575077e+04
4,30,40,1.575077e+04
4,30,50,1.812441e+03
4,30,1,3.738220e+04
4,30,2,3.614392e+04
4,30,3,3.614392e+04
4,30,5,3.614392e+04
4,30,10,3.614392e+04
4,30,20,3.614392e+04
4,30,30,1.894461e+04
4,30,40,1.480573e+04
4,30,50,2.060530e+03
4,30,1,7.416033e+04
4,30,2,7.416033e+04
4,30,3,7.416033e+04
4,30,5,7.416033e+04
4,30,10,7.416033e+04
4,30,20,7.416033e+04
4,30,30,7.416033e+04
4,30,40,7.416033e+04
4,30,50,7.416033e+04
4,30,1,5.752796e+04
4,30,2,5.752796e+04
4,30,3,2.252359e+04
4,30,5,2.252359e+04
4,30,10,2.252359e+04
4,30,20,2.252359e+04
4,30,30,2.252359e+04
4,30,40,4.105402e+03
4,30,50,8.178895e+02
4,30,1,2.396148e+04
4,30,2,2.396148e+04
4,30,3,2.396148e+04
4,30,5,2.396148e+04
4,30,10,2.396148e+04
4,30,20,2.396148e+04
4,30,30,1.302780e+04
4,30,40,4.511874e+03
4,30,50,4.511874e+03
4,30,1,3.127549e+04
4,30,2,3.127549e+04
4,30,3,3.127549e+04
4,30,5,3.127549e+04
4,30,10,3.127549e+04
4,30,20,3.127549e+04
4,30,30,3.127549e+04
4,30,40,6.209651e+03
4,30,50,7.759046e+02
4,30,1,5.120425e+04
4,30,2,5.120425e+04
4,30,3,5.120425e+04
4,30,5,5.120425e+04
4,30,10,5.120425e+04
4,30,20,5.120425e+04
4,30,30,5.120425e+04
4,30,40,5.120425e+04
4,30,50,5.120425e+04
4,30,1,2.238930e+04
4,30,2,2.238930e+04
4,30,3,2.043930e+04
4,30,5,2.043930e+04
4,30,10,2.043930e+04
4,30,20,2.043930e+04
4,30,30,2.043930e+04
4,30,40,2.043930e+04
4,30,50,2.043930e+04
4,30,1,2.489186e+04
4,30,2,2.489186e+04
4,30,3,2.489186e+04
4,30,5,2.145439e+04
4,30,10,1.726372e+04
4,30,20,1.726372e+04
4,30,30,1.726372e+04
4,30,40,3.640869e+03
4,30,50,8.458024e+02
4,30,1,3.320900e+04
4,30,2,3.320900e+04
4,30,3,3.320900e+04
4,30,5,3.320900e+04
4,30,10,3.320900e+04
4,30,20,3.320900e+04
4,30,30,3.320900e+04
4,30,40,3.320900e+04
4,30,50,3.320900e+04
4,30,1,2.058812e+04
4,30,2,2.058812e+04
4,30,3,2.058812e+04
4,30,5,2.058812e+04
4,30,10,2.058812e+04
4,30,20,2.058812e+04
4,30,30,1.903138e+04
4,30,40,9.826818e+03
4,30,50,1.322842e+03
4,30,1,4.922722e+04
4,30,2,4.922722e+04
4,30,3,4.922722e+04
4,30,5,4.922722e+04
4,30,10,4.922722e+04
4,30,20,4.922722e+04
4,30,30,4.922722e+04
4,30,40,4.922722e+04
4,30,50,4.922722e+04
4,30,1,5.135797e+04
4,30,2,5.135797e+04
4,30,3,5.135797e+04
4,30,5,5.135797e+04
4,30,10,2.771469e+04
4,30,20,2.771469e+04
4,30,30,2.771469e+04
4,30,40,2.771469e+04
4,30,50,2.771469e+04
4,30,1,2.190483e+04
4,30,2,2.035742e+04
4,30,3,2.035742e+04
4,30,5,2.035742e+04
4,30,10,2.035742e+04
4,30,20,2.035742e+04
4,30,30,2.035742e+04
4,30,40,2.035742e+04
4,30,50,1.951631e+03
4,30,1,3.662355e+04
4,30,2,3.662355e+04
4,30,3,3.662355e+04
4,30,5,3.662355e+04
4,30,10,3.662355e+04
4,30,20,3.662355e+04
4,30,30,3.662355e+04
4,30,40,3.662355e+04
4,30,50,3.662355e+04
4,30,1,3.232669e+04
4,30,2,3.232669e+04
4,30,3,3.232669e+04
4,30,5,3.232669e+04
4,30,10,3.232669e+04
4,30,20,3.232669e+04
4,30,30,1.441716e+04
4,30,40,1.441716e+04
4,30,50,1.441716e+04
4,30,1,1.953713e+04
4,30,2,1.953713e+04
4,30,3,1.953713e+04
4,30,5,1.953713e+04
4,30,10,1.953713e+04
4,30,20,1.953713e+04
4,30,30,1.618489e+04
4,30,40,7.706560e+03
4,30,50,7.675356e+03
4,30,1,2.529722e+04
4,30,2,2.529722e+04
4,30,3,2.529722e+04
4,30,5,2.529722e+04
4,30,10,2.529722e+04
4,30,20,2.529722e+04
4,30,30,2.529722e+04
4,30,40,7.358057e+03
4,30,50,3.718915e+03
4,30,1,2.146331e+04
4,30,2,2.146331e+04
4,30,3,2.146331e+04
4,30,5,2.146331e+04
4,30,10,2.146331e+04
4,30,20,2.146331e+04
4,30,30,2.146331e+04
4,30,40,7.689395e+03
4,30,50,2.362633e+03
4,30,1,4.336605e+04
4,30,2,4.336605e+04
4,30,3,4.336605e+04
4,30,5,4.336605e+04
4,30,10,4.336605e+04
4,30,20,4.336605e+04
4,30,30,2.214137e+04
4,30,40,7.414730e+03
4,30,50,7.414730e+03
4,30,1,2.556219e+04
4,30,2,2.556219e+04
4,30,3,2.556219e+04
4,30,5,2.556219e+04
4,30,10,2.556219e+04
4,30,20,2.556219e+04
4,30,30,2.556219e+04
4,30,40,4.046701e+03
4,30,50,4.392011e+02
4,30,1,3.194281e+04
4,30,2,3.194281e+04
4,30,3,3.194281e+04
4,30,5,3.194281e+04
4,30,10,3.194281e+04
4,30,20,2.458660e+04
4,30,30,9.543737e+03
4,30,40,5.661428e+03
4,30,50,5.661428e+03
4,30,1,6.284385e+04
4,30,2,6.284385e+04
4,30,3,2.061280e+04
4,30,5,2.061280e+04
4,30,10,2.061280e+04
4,30,20,2.061280e+04
4,30,30,2.061280e+04
4,30,40,2.061280e+04
4,30,50,2.061280e+04
4,30,1,6.148712e+04
4,30,2,4.192556e+04
4,30,3,4.192556e+04
4,30,5,2.169552e+04
4,30,10,2.168275e+04
4,30,20,2.168275e+04
4,30,30,2.168275e+04
4,30,40,2.168275e+04
4,30,50,2.341115e+03
4,30,1,2.339243e+04
4,30,2,2.339243e+04
4,30,3,2.339243e+04
4,30,5,2.339243e+04
4,30,10,2.339243e+04
4,30,20,2.339243e+04
4,30,30,2.339243e+04
4,30,40,2.339243e+04
4,30,50,2.339243e+04
4,30,1,3.325493e+04
4,30,2,3.103049e+04
4,30,3,3.101305e+04
4,30,5,1.891476e+04
4,30,10,1.891476e+04
4,30,20,1.891476e+04
4,30,30,1.891476e+04
4,30,40,1.891476e+04
4,30,50,1.891476e+04
4,30,1,2.291636e+04
4,30,2,2.291636e+04
4,30,3,2.291636e+04
4,30,5,2.291636e+04
4,30,10,2.291636e+04
4,30,20,2.291636e+04
4,30,30,2.291636e+04
4,30,40,1.087944e+04
4,30,50,9.832130e+02
4,30,1,5.463930e+04
4,30,2,5.463930e+04
4,30,3,5.463930e+04
4,30,5,5.463930e+04
4,30,10,5.463930e+04
4,30,20,5.463930e+04
4,30,30,5.463930e+04
4,30,40,5.463930e+04
4,30,50,5.463930e+04
4,30,1,3.984940e+04
4,30,2,3.984940e+04
4,30,3,3.984940e+04
4,30,5,3.984940e+04
4,30,10,3.984940e+04
4,30,20,3.526310e+04
4,30,30,7.690437e+03
4,30,40,7.690437e+03
4,30,50,7.690437e+03
4,30,1,5.916059e+04
4,30,2,5.916059e+04
4,30,3,3.863317e+04
4,30,5,2.043873e+04
4,30,10,2.043873e+04
4,30,20,2.043873e+04
4,30,30,2.043873e+04
4,30,40,2.043873e+04
4,30,50,2.043873e+04
4,30,1,4.712879e+04
4,30,2,3.092754e+04
4,30,3,2.901024e+04
4,30,5,2.901024e+04
4,30,10,2.901024e+04
4,30,20,2.901024e+04
4,30,30,1.829329e+04
4,30,40,5.489706e+03
4,30,50,6.119633e+02
4,30,1,6.111886e+04
4,30,2,2.888240e+04
4,30,3,2.888240e+04
4,30,5,2.888240e+04
4,30,10,2.888240e+04
4,30,20,2.888240e+04
4,30,30,2.888240e+04
4,30,40,2.888240e+04
4,30,50,3.227793e+03
4,30,1,2.586225e+04
4,30,2,2.284038e+04
4,30,3,2.284038e+04
4,30,5,2.211712e+04
4,30,10,2.211712e+04
4,30,20,1.664842e+04
4,30,30,1.664842e+04
4,30,40,1.664842e+04
4,30,50,3.326063e+03
4,30,1,3.656806e+04
4,30,2,3.656806e+04
4,30,3,3.656806e+04
4,30,5,3.656806e+04
4,30,10,3.656806e+04
4,30,20,3.656806e+04
4,30,30,3.656806e+04
4,30,40,4.419614e+03
4,30,50,6.031040e+02
4,30,1,5.539596e+04
4,30,2,2.373802e+04
4,30,3,2.373802e+04
4,30,5,2.373802e+04
4,30,10,2.373802e+04
4,30,20,2.373802e+04
4,30,30,2.373802e+04
4,30,40,7.502795e+03
4,30,50,2.253413e+03
4,30,1,3.462797e+04
4,30,2,3.462797e+04
4,30,3,3.462797e+04
4,30,5,3.462797e+04
4,30,10,3.462797e+04
4,30,20,3.462797e+04
4,30,30,3.462797e+04
4,30,40,3.462797e+04
4,30,50,3.462797e+04
4,30,1,1.743380e+04
4,30,2,1.743380e+04
4,30,3,1.743380e+04
4,30,5,1.743380e+04
4,30,10,1.743380e+04
4,30,20,1.743380e+04
4,30,30,1.743380e+04
4,30,40,1.743380e+04
4,30,50,1.743380e+04
4,30,1,5.200971e+04
4,30,2,5.200971e+04
4,30,3,5.200971e+04
4,30,5,5.200971e+04
4,30,10,5.200971e+04
4,30,20,5.200971e+04
4,30,30,5.200971e+04
4,30,40,5.192843e+03
4,30,50,7.448381e+02
4,30,1,4.848408e+04
4,30,2,4.848408e+04
4,30,3,4.848408e+04
4,30,5,4.848408e+04
4,30,10,4.848408e+04
4,30,20,3.531565e+04
4,30,30,1.506377e+04
4,30,40,4.064147e+03
4,30,50,4.064147e+03
4,30,1,1.565884e+04
4,30,2,1.565884e+04
4,30,3,1.565884e+04
4,30,5,1.565884e+04
4,30,10,1.565884e+04
4,30,20,1.565884e+04
4,30,30,1.565884e+04
4,30,40,1.565884e+04
4,30,50,1.565884e+04
4,30,1,4.245576e+04
4,30,2,4.245576e+04
4,30,3,4.245576e+04
4,30,5,4.245576e+04
4,30,10,4.245576e+04
4,30,20,4.245576e+04
4,30,30,4.245576e+04
4,30,40,4.245576e+04
4,30,50,4.245576e+04
4,30,1,2.324678e+04
4,30,2,1.917533e+04
4,30,3,1.917533e+04
4,30,5,1.704981e+04
4,30,10,1.704981e+04
4,30,20,1.704981e+04
4,30,30,1.704981e+04
4,30,40,1.704981e+04
4,30,50,1.107389e+04
4,30,1,1.731503e+04
4,30,2,1.731503e+04
4,30,3,1.731503e+04
4,30,5,1.731503e+04
4,30,10,1.731503e+04
4,30,20,1.731503e+04
4,30,30,1.731503e+04
4,30,40,1.731503e+04
4,30,50,1.731503e+04
4,30,1,5.175566e+04
4,30,2,2.104209e+04
4,30,3,1.805949e+04
4,30,5,1.805949e+04
4,30,10,1.805949e+04
4,30,20,1.805949e+04
4,30,30,1.805949e+04
4,30,40,9.971648e+03
4,30,50,1.133262e+03
4,30,1,6.955101e+04
4,30,2,2.127919e+04
4,30,3,2.127919e+04
4,30,5,2.127919e+04
4,30,10,2.127919e+04
4,30,20,2.127919e+04
4,30,30,1.044742e+04
4,30,40,7.394306e+03
4,30,50,7.394306e+03
4,30,1,4.485233e+04
4,30,2,4.485233e+04
4,30,3,4.485233e+04
4,30,5,4.485233e+04
4,30,10,4.485233e+04
4,30,20,4.485233e+04
4,30,30,4.485233e+04
4,30,40,4.485233e+04
4,30,50,4.485233e+04
4,30,1,2.211299e+04
4,30,2,2.211299e+04
4,30,3,2.211299e+04
4,30,5,2.211299e+04
4,30,10,2.211299e+04
4,30,20,2.211299e+04
4,30,30,2.211299e+04
4,30,40,9.597540e+03
4,30,50,1.319088e+03
4,30,1,1.667129e+04
4,30,2,1.616649e+04
4,30,3,1.616649e+04
4,30,5,1.616649e+04
4,30,10,1.616649e+04
4,30,20,1.616649e+04
4,30,30,1.616649e+04
4,30,40,1.616649e+04
4,30,50,5.182051e+03
4,30,1,3.338658e+04
4,30,2,3.338658e+04
4,30,3,3.338658e+04
4,30,5,3.338658e+04
4,30,10,2.479059e+04
4,30,20,2.414585e+04
4,30,30,1.843286e+04
4,30,40,7.059649e+03
4,30,50,7.059649e+03
4,30,1,1.166464e+04
4,30,2,1.166464e+04
4,30,3,1.166464e+04
4,30,5,1.166464e+04
4,30,10,1.166464e+04
4,30,20,1.166464e+04
4,30,30,1.166464e+04
4,30,40,1.166464e+04
4,30,50,1.166464e+04
4,30,1,2.329832e+04
4,30,2,2.073185e+04
4,30,3,2.073185e+04
4,30,5,2.073185e+04
4,30,10,2.073185e+04
4,30,20,2.073185e+04
4,30,30,2.073185e+04
4,30,40,2.073185e+04
4,30,50,2.555451e+03
4,30,1,2.254480e+04
4,30,2,1.634562e+04
4,30,3,1.634562e+04
4,30,5,1.634562e+04
4,30,10,1.634562e+04
4,30,20,1.634562e+04
4,30,30,1.634562e+04
4,30,40,1.634562e+04
4,30,50,1.634562e+04
4,30,1,7.022608e+04
4,30,2,2.998358e+04
4,30,3,2.998358e+04
4,30,5,2.998358e+04
4,30,10,2.480061e+04
4,30,20,2.480061e+04
4,30,30,1.496960e+04
4,30,40,1.303216e+04
4,30,50,1.202036e+04
4,30,1,2.524868e+04
4,30,2,2.524868e+04
4,30,3,2.524868e+04
4,30,5,2.524868e+04
4,30,10,2.524868e+04
4,30,20,2.524868e+04
4,30,30,2.524868e+04
4,30,40,1.389208e+04
4,30,50,1.497591e+03
4,30,1,3.004488e+04
4,30,2,3.004488e+04
4,30,3,3.004488e+04
4,30,5,3.004488e+04
4,30,10,3.004488e+04
4,30,20,3.004488e+04
4,30,30,3.004488e+04
4,30,40,3.004488e+04
4,30,50,3.004488e+04
4,30,1,4.758716e+04
4,30,2,3.850695e+04
4,30,3,2.934907e+04
4,30,5,2.934907e+04
4,30,10,2.934907e+04
4,30,20,2.934907e+04
4,30,30,2.934907e+04
4,30,40,2.934907e+04
4,30,50,2.934907e+04
4,30,1,2.250658e+04
4,30,2,2.250658e+04
4,30,3,2.250658e+04
4,30,5,2.250658e+04
4,30,10,2.250658e+04
4,30,20,2.250658e+04
4,30,30,2.250658e+04
4,30,40,2.250658e+04
4,30,50,2.250658e+04
4,30,1,7.450479e+04
4,30,2,7.450479e+04
4,30,3,7.450479e+04
4,30,5,7.450479e+04
4,30,10,2.443635e+04
4,30,20,2.102877e+04
4,30,30,2.102877e+04
4,30,40,1.524212e+04
4,30,50,3.171535e+03
4,30,1,1.995438e+04
4,30,2,1.995438e+04
4,30,3,1.995438e+04
4,30,5,1.995438e+04
4,30,10,1.995438e+04
4,30,20,1.995438e+04
4,30,30,1.995438e+04
4,30,40,1.526922e+04
4,30,50,1.473520e+03
4,30,1,4.902179e+04
4,30,2,4.902179e+04
4,30,3,4.902179e+04
4,30,5,4.902179e+04
4,30,10,4.902179e+04
4,30,20,4.902179e+04
4,30,30,4.902179e+04
4,30,40,8.207467e+03
4,30,50,3.060852e+03
4,30,1,1.904608e+04
4,30,2,1.904608e+04
4,30,3,1.904608e+04
4,30,5,1.904608e+04
4,30,10,1.904608e+04
4,30,20,1.904608e+04
4,30,30,1.904608e+04
4,30,40,1.904608e+04
4,30,50,3.098641e+03
4,30,1,3.826850e+04
4,30,2,3.826850e+04
4,30,3,3.826850e+04
4,30,5,3.826850e+04
4,30,10,3.826850e+04
4,30,20,3.826850e+04
4,30,30,3.826850e+04
4,30,40,5.515772e+03
4,30,50,7.788303e+02
4,30,1,5.306522e+04
4,30,2,5.306522e+04
4,30,3,5.306522e+04
4,30,5,2.688057e+04
4,30,10,2.688057e+04
4,30,20,2.688057e+04
4,30,30,2.688057e+04
4,30,40,2.688057e+04
4,30,50,2.688057e+04
4,30,1,5.767833e+04
4,30,2,5.767833e+04
4,30,3,5.767833e+04
4,30,5,2.149467e+04
4,30,10,2.149467e+04
4,30,20,2.149467e+04
4,30,30,2.149467e+04
4,30,40,2.149467e+04
4,30,50,2.149467e+04
4,30,1,1.717385e+04
4,30,2,1.717385e+04
4,30,3,1.717385e+04
4,30,5,1.717385e+04
4,30,10,1.717385e+04
4,30,20,1.717385e+04
4,30,30,1.717385e+04
4,30,40,1.717385e+04
4,30,50,1.717385e+04
4,30,1,2.909295e+04
4,30,2,2.909295e+04
4,30,3,2.909295e+04
4,30,5,2.909295e+04
4,30,10,2.909295e+04
4,30,20,1.521487e+04
4,30,30,1.521487e+04
4,30,40,1.521487e+04
4,30,50,1.800487e+03
4,30,1,2.608464e+04
4,30,2,2.608464e+04
4,30,3,2.608464e+04
4,30,5,2.289492e+04
4,30,10,1.927050e+04
4,30,20,1.590907e+04
4,30,30,1.590907e+04
4,30,40,8.808709e+03
4,30,50,8.081316e+02
4,30,1,5.844839e+04
4,30,2,5.844839e+04
4,30,3,5.844839e+04
4,30,5,4.388798e+04
4,30,10,2.288331e+04
4,30,20,1.841523e+04
4,30,30,1.841523e+04
4,30,40,7.175620e+03
4,30,50,8.438790e+02
4,30,1,5.339018e+04
4,30,2,2.358044e+04
4,30,3,2.256854e+04
4,30,5,2.256854e+04
4,30,10,2.256854e+04
4,30,20,2.256854e+04
4,30,30,9.040406e+03
4,30,40,9.040406e+03
4,30,50,9.040406e+03
4,30,1,1.523783e+04
4,30,2,1.523783e+04
4,30,3,1.523783e+04
4,30,5,1.523783e+04
4,30,10,1.523783e+04
4,30,20,1.523783e+04
4,30,30,1.523783e+04
4,30,40,1.523783e+04
4,30,50,2.205418e+03
4,30,1,2.320281e+04
4,30,2,2.320281e+04
4,30,3,2.320281e+04
4,30,5,2.320281e+04
4,30,10,1.562665e+04
4,30,20,1.562665e+04
4,30,30,1.562665e+04
4,30,40,1.562665e+04
4,30,50,1.562665e+04
4,30,1,1.263099e+04
4,30,2,9.240866e+03
4,30,3,9.240866e+03
4,30,5,9.240866e+03
4,30,10,9.240866e+03
4,30,20,9.240866e+03
4,30,30,9.240866e+03
4,30,40,9.240866e+03
4,30,50,9.240866e+03
4,30,1,6.670080e+04
4,30,2,6.105930e+04
4,30,3,2.186697e+04
4,30,5,2.186697e+04
4,30,10,2.009760e+04
4,30,20,1.978695e+04
4,30,30,1.978695e+04
4,30,40,8.597043e+03
4,30,50,1.231366e+03
4,30,1,5.747131e+04
4,30,2,5.747131e+04
4,30,3,5.747131e+04
4,30,5,2.311263e+04
4,30,10,2.118539e+04
4,30,20,2.118539e+04
4,30,30,2.118539e+04
4,30,40,2.118539e+04
4,30,50,3.850963e+03
4,30,1,4.381092e+04
4,30,2,2.280132e+04
4,30,3,2.280132e+04
4,30,5,2.280132e+04
4,30,10,2.024200e+04
4,30,20,2.024200e+04
4,30,30,2.024200e+04
4,30,40,8.324790e+03
4,30,50,1.306432e+03
4,30,1,2.260357e+04
4,30,2,2.260357e+04
4,30,3,2.260357e+04
4,30,5,2.260357e+04
4,30,10,2.260357e+04
4,30,20,2.260357e+04
4,30,30,1.350958e+04
4,30,40,5.816629e+03
4,30,50,4.123715e+03
4,30,1,1.976083e+04
4,30,2,1.976083e+04
4,30,3,1.976083e+04
4,30,5,1.976083e+04
4,30,10,1.976083e+04
4,30,20,1.976083e+04
4,30,30,1.976083e+04
4,30,40,3.971627e+03
4,30,50,2.191278e+03
4,30,1,3.377674e+04
4,30,2,1.843001e+04
4,30,3,1.843001e+04
4,30,5,1.843001e+04
4,30,10,1.843001e+04
4,30,20,1.843001e+04
4,30,30,1.843001e+04
4,30,40,1.843001e+04
4,30,50,2.025713e+03
4,30,1,3.107078e+04
4,30,2,3.107078e+04
4,30,3,2.123407e+04
4,30,5,2.123407e+04
4,30,10,2.123407e+04
4,30,20,2.123407e+04
4,30,30,2.123407e+04
4,30,40,1.842886e+04
4,30,50,1.492793e+03
4,30,1,1.156577e+04
4,30,2,1.156577e+04
4,30,3,1.156577e+04
4,30,5,1.156577e+04
4,30,10,1.156577e+04
4,30,20,1.156577e+04
4,30,30,1.156577e+04
4,30,40,1.156577e+04
4,30,50,1.156577e+04
4,30,1,3.227415e+04
4,30,2,2.646768e+04
4,30,3,2.644683e+04
4,30,5,2.644683e+04
4,30,10,2.644683e+04
4,30,20,2.006173e+04
4,30,30,1.654109e+04
4,30,40,1.654109e+04
4,30,50,1.198685e+04
4,30,1,1.676480e+04
4,30,2,1.676480e+04
4,30,3,1.676480e+04
4,30,5,1.676480e+04
4,30,10,1.676480e+04
4,30,20,1.676480e+04
4,30,30,1.676480e+04
4,30,40,1.676480e+04
4,30,50,1.542640e+04
4,30,1,6.792701e+04
4,30,2,4.794139e+04
4,30,3,2.198508e+04
4,30,5,1.937573e+04
4,30,10,1.937573e+04
4,30,20,1.937573e+04
4,30,30,1.937573e+04
4,30,40,8.958886e+03
4,30,50,1.312907e+03
4,30,1,3.760704e+04
4,30,2,3.760704e+04
4,30,3,2.389781e+04
4,30,5,2.274014e+04
4,30,10,2.274014e+04
4,30,20,2.079025e+04
4,30,30,2.079025e+04
4,30,40,2.079025e+04
4,30,50,2.353190e+03
4,30,1,5.876093e+04
4,30,2,5.876093e+04
4,30,3,5.876093e+04
4,30,5,5.876093e+04
4,30,10,2.269520e+04
4,30,20,2.020076e+04
4,30,30,2.020076e+04
4,30,40,2.020076e+04
4,30,50,3.338898e+03
4,30,1,4.355485e+04
4,30,2,4.355485e+04
4,30,3,2.700273e+04
4,30,5,2.700273e+04
4,30,10,2.199885e+04
4,30,20,1.904878e+04
4,30,30,1.904878e+04
4,30,40,1.484508e+04
4,30,50,1.654038e+03
4,30,1,4.650567e+04
4,30,2,2.514890e+04
4,30,3,2.514890e+04
4,30,5,2.514890e+04
4,30,10,2.107327e+04
4,30,20,2.107327e+04
4,30,30,6.770761e+03
4,30,40,5.803293e+03
4,30,50,5.803293e+03
4,30,1,9.168693e+04
4,30,2,2.511002e+04
4,30,3,2.511002e+04
4,30,5,2.511002e+04
4,30,10,2.232454e+04
4,30,20,2.232454e+04
4,30,30,1.603709e+04
4,30,40,8.044070e+03
4,30,50,1.045144e+03
4,30,1,6.306131e+04
4,30,2,6.306131e+04
4,30,3,2.160911e+04
4,30,5,2.160329e+04
4,30,10,2.160329e+04
4,30,20,2.160329e+04
4,30,30,2.160329e+04
4,30,40,2.160329e+04
4,30,50,3.911633e+03
4,30,1,2.132779e+04
4,30,2,2.132779e+04
4,30,3,2.132779e+04
4,30,5,2.132779e+04
4,30,10,2.132779e+04
4,30,20,2.132779e+04
4,30,30,1.175628e+04
4,30,40,7.427612e+03
4,30,50,2.696793e+03
4,30,1,1.302967e+04
4,30,2,1.302967e+04
4,30,3,1.302967e+04
4,30,5,1.302967e+04
4,30,10,1.302967e+04
4,30,20,1.302967e+04
4,30,30,1.302967e+04
4,30,40,1.302967e+04
4,30,50,1.302967e+04
4,30,1,4.002247e+04
4,30,2,2.267485e+04
4,30,3,2.267485e+04
4,30,5,2.267485e+04
4,30,10,2.267485e+04
4,30,20,2.267485e+04
4,30,30,2.267485e+04
4,30,40,8.978383e+03
4,30,50,6.963957e+02
4,30,1,4.374731e+04
4,30,2,2.366226e+04
4,30,3,2.347453e+04
4,30,5,2.347453e+04
4,30,10,2.258285e+04
4,30,20,2.258285e+04
4,30,30,2.258285e+04
4,30,40,5.842645e+03
4,30,50,5.842645e+03
4,30,1,1.117600e+04
4,30,2,1.117600e+04
4,30,3,1.117600e+04
4,30,5,1.117600e+04
4,30,10,1.117600e+04
4,30,20,1.117600e+04
4,30,30,1.117600e+04
4,30,40,1.117600e+04
4,30,50,1.117600e+04
4,30,1,1.846904e+04
4,30,2,1.777034e+04
4,30,3,1.777034e+04
4,30,5,1.777034e+04
4,30,10,1.777034e+04
4,30,20,1.777034e+04
4,30,30,1.777034e+04
4,30,40,1.777034e+04
4,30,50,6.922542e+03
4,30,1,3.974610e+04
4,30,2,2.715082e+04
4,30,3,2.715082e+04
4,30,5,1.847672e+04
4,30,10,1.660638e+04
4,30,20,1.660638e+04
4,30,30,1.660638e+04
4,30,40,1.072683e+04
4,30,50,1.047464e+03
4,30,1,3.177839e+04
4,30,2,2.757926e+04
4,30,3,2.379189e+04
4,30,5,2.379189e+04
4,30,10,1.921653e+04
4,30,20,1.433130e+04
4,30,30,8.979069e+03
4,30,40,1.899439e+03
4,30,50,1.899439e+03
4,30,1,4.695597e+04
4,30,2,4.695597e+04
4,30,3,2.700508e+04
4,30,5,2.238131e+04
4,30,10,2.238131e+04
4,30,20,2.114716e+04
4,30,30,2.114716e+04
4,30,40,2.114716e+04
4,30,50,2.803713e+03
4,30,1,2.172323e+04
4,30,2,2.172323e+04
4,30,3,2.172323e+04
4,30,5,2.172323e+04
4,30,10,2.172323e+04
4,30,20,2.172323e+04
4,30,30,1.243077e+04
4,30,40,1.243077e+04
4,30,50,1.243077e+04
4,30,1,2.294656e+04
4,30,2,2.033017e+04
4,30,3,1.755542e+04
4,30,5,1.755542e+04
4,30,10,1.755542e+04
4,30,20,1.755542e+04
4,30,30,1.755542e+04
4,30,40,8.883383e+03
4,30,50,1.463839e+03
4,30,1,4.390769e+04
4,30,2,4.390769e+04
4,30,3,4.390769e+04
4,30,5,2.317149e+04
4,30,10,2.314373e+04
4,30,20,1.983565e+04
4,30,30,1.632679e+04
4,30,40,1.441510e+04
4,30,50,2.910211e+03
4,30,1,7.412656e+04
4,30,2,2.089167e+04
4,30,3,2.089167e+04
4,30,5,2.089167e+04
4,30,10,2.089167e+04
4,30,20,2.089167e+04
4,30,30,2.089167e+04
4,30,40,1.458731e+04
4,30,50,1.554952e+03
4,30,1,7.518873e+04
4,30,2,7.518873e+04
4,30,3,2.297737e+04
4,30,5,2.297737e+04
4,30,10,2.297737e+04
4,30,20,1.469774e+04
4,30,30,1.468777e+04
4,30,40,1.468777e+04
4,30,50,3.830720e+03
4,30,1,1.932325e+04
4,30,2,1.643933e+04
4,30,3,1.643933e+04
4,30,5,1.643933e+04
4,30,10,1.643933e+04
4,30,20,1.643933e+04
4,30,30,1.643933e+04
4,30,40,1.643933e+04
4,30,50,7.854144e+03
4,30,1,2.722423e+04
4,30,2,2.722423e+04
4,30,3,2.290036e+04
4,30,5,2.175365e+04
4,30,10,2.175365e+04
4,30,20,2.175365e+04
4,30,30,2.175365e+04
4,30,40,7.993463e+03
4,30,50,2.177886e+03
4,30,1,3.401412e+04
4,30,2,3.401412e+04
4,30,3,3.401412e+04
4,30,5,2.193640e+04
4,30,10,1.465883e+04
4,30,20,1.465883e+04
4,30,30,1.465883e+04
4,30,40,1.465883e+04
4,30,50,1.291028e+04
4,30,1,4.439255e+04
4,30,2,2.691083e+04
4,30,3,2.691083e+04
4,30,5,1.944524e+04
4,30,10,1.187594e+04
4,30,20,1.187594e+04
4,30,30,1.187594e+04
4,30,40,1.187594e+04
4,30,50,2.148305e+03
4,30,1,1.825493e+04
4,30,2,1.825493e+04
4,30,3,1.825493e+04
4,30,5,1.825493e+04
4,30,10,1.825493e+04
4,30,20,1.825493e+04
4,30,30,1.825493e+04
4,30,40,1.825493e+04
4,30,50,3.279900e+03
4,30,1,2.159236e+04
4,30,2,1.838229e+04
4,30,3,1.273551e+04
4,30,5,1.273551e+04
4,30,10,1.273551e+04
4,30,20,1.273551e+04
4,30,30,1.273551e+04
4,30,40,1.273551e+04
4,30,50,1.273551e+04
4,30,1,6.283078e+04
4,30,2,3.212783e+04
4,30,3,3.212783e+04
4,30,5,2.338256e+04
4,30,10,2.186271e+04
4,30,20,2.186271e+04
4,30,30,2.186271e+04
4,30,40,1.027703e+04
4,30,50,9.538506e+02
4,30,1,6.328471e+04
4,30,2,6.328471e+04
4,30,3,6.328471e+04
4,30,5,2.270332e+04
4,30,10,2.270332e+04
4,30,20,2.270332e+04
4,30,30,2.261751e+04
4,30,40,8.883077e+03
4,30,50,1.133203e+03
4,30,1,3.577184e+04
4,30,2,3.577184e+04
4,30,3,2.463082e+04
4,30,5,2.332266e+04
4,30,10,2.223008e+04
4,30,20,2.223008e+04
4,30,30,2.223008e+04
4,30,40,3.409671e+03
4,30,50,3.409671e+03
4,30,1,3.274484e+04
4,30,2,2.270995e+04
4,30,3,2.270995e+04
4,30,5,2.270995e+04
4,30,10,2.270995e+04
4,30,20,2.198701e+04
4,30,30,2.198701e+04
4,30,40,9.987386e+03
4,30,50,1.188271e+03
4,30,1,6.018269e+04
4,30,2,6.018269e+04
4,30,3,2.249935e+04
4,30,5,2.249935e+04
4,30,10,2.249935e+04
4,30,20,1.995457e+04
4,30,30,1.995457e+04
4,30,40,1.403984e+04
4,30,50,1.533858e+03
4,30,1,4.490344e+04
4,30,2,2.430575e+04
4,30,3,2.430575e+04
4,30,5,2.430575e+04
4,30,10,1.841409e+04
4,30,20,1.710818e+04
4,30,30,1.710818e+04
4,30,40,1.710818e+04
4,30,50,3.129681e+03
4,30,1,3.797220e+04
4,30,2,2.275368e+04
4,30,3,2.026698e+04
4,30,5,2.025078e+04
4,30,10,2.025078e+04
4,30,20,2.025078e+04
4,30,30,2.025078e+04
4,30,40,6.936800e+03
4,30,50,7.119089e+02
4,30,1,2.350285e+04
4,30,2,2.350285e+04
4,30,3,2.350285e+04
4,30,5,2.213279e+04
4,30,10,1.377376e+04
4,30,20,1.377376e+04
4,30,30,1.377376e+04
4,30,40,1.377376e+04
4,30,50,1.377376e+04
