funcid,dim,milestone,error
30,30,1,1.445913e+09
30,30,2,1.127939e+09
30,30,3,1.127939e+09
30,30,5,1.127939e+09
30,30,10,1.127939e+09
30,30,20,1.127939e+09
30,30,30,1.127939e+09
30,30,40,1.127939e+09
30,30,50,1.127939e+09
30,30,1,7.358263e+09
30,30,2,7.059024e+09
30,30,3,7.059024e+09
30,30,5,6.151343e+09
30,30,10,6.146963e+09
30,30,20,6.146963e+09
30,30,30,6.146963e+09
30,30,40,6.146963e+09
30,30,50,6.146963e+09
30,30,1,3.771076e+09
30,30,2,3.771076e+09
30,30,3,3.771076e+09
30,30,5,3.771076e+09
30,30,10,3.771076e+09
30,30,20,3.771076e+09
30,30,30,3.771076e+09
30,30,40,3.771076e+09
30,30,50,3.771076e+09
30,30,1,3.060105e+09
30,30,2,3.060105e+09
30,30,3,3.060105e+09
30,30,5,3.060105e+09
30,30,10,3.060105e+09
30,30,20,3.060105e+09
30,30,30,3.060105e+09
30,30,40,3.060105e+09
30,30,50,3.060105e+09
30,30,1,1.924614e+09
30,30,2,1.924614e+09
30,30,3,1.924614e+09
30,30,5,1.924614e+09
30,30,10,1.924614e+09
30,30,20,1.924614e+09
30,30,30,1.924614e+09
30,30,40,1.924614e+09
30,30,50,1.924614e+09
30,30,1,7.938707e+09
30,30,2,7.228403e+09
30,30,3,7.228403e+09
30,30,5,7.228403e+09
30,30,10,6.006017e+09
30,30,20,6.006017e+09
30,30,30,6.006017e+09
30,30,40,6.006017e+09
30,30,50,6.006017e+09
30,30,1,2.408989e+09
30,30,2,2.408989e+09
30,30,3,2.408989e+09
30,30,5,2.408989e+09
30,30,10,2.408989e+09
30,30,20,2.408989e+09
30,30,30,2.408989e+09
30,30,40,2.408989e+09
30,30,50,2.408989e+09
30,30,1,5.514729e+09
30,30,2,5.514729e+09
30,30,3,5.514729e+09
30,30,5,5.514729e+09
30,30,10,5.514729e+09
30,30,20,5.514729e+09
30,30,30,5.514729e+09
30,30,40,5.514729e+09
30,30,50,5.514729e+09
30,30,1,1.030486e+10
30,30,2,8.199837e+09
30,30,3,8.199837e+09
30,30,5,8.199837e+09
30,30,10,8.199837e+09
30,30,20,8.199837e+09
30,30,30,8.199837e+09
30,30,40,8.199837e+09
30,30,50,8.199837e+09
30,30,1,1.103088e+09
30,30,2,1.103088e+09
30,30,3,1.103088e+09
30,30,5,1.103088e+09
30,30,10,1.103088e+09
30,30,20,1.103088e+09
30,30,30,1.103088e+09
30,30,40,1.103088e+09
30,30,50,1.103088e+09
30,30,1,2.551116e+09
30,30,2,2.551116e+09
30,30,3,2.551116e+09
30,30,5,2.551116e+09
30,30,10,2.551116e+09
30,30,20,2.551116e+09
30,30,30,2.551116e+09
30,30,40,2.551116e+09
30,30,50,2.551116e+09
30,30,1,1.451693e+09
30,30,2,1.451693e+09
30,30,3,1.451693e+09
30,30,5,1.451693e+09
30,30,10,1.451693e+09
30,30,20,1.451693e+09
30,30,30,1.451693e+09
30,30,40,1.451693e+09
30,30,50,1.451693e+09
30,30,1,3.361094e+09
30,30,2,3.361094e+09
30,30,3,3.361094e+09
30,30,5,3.361094e+09
30,30,10,3.361094e+09
30,30,20,3.361094e+09
30,30,30,3.361094e+09
30,30,40,3.361094e+09
30,30,50,3.361094e+09
30,30,1,5.183948e+09
30,30,2,5.183948e+09
30,30,3,5.183948e+09
30,30,5,5.183948e+09
30,30,10,5.183948e+09
30,30,20,5.183948e+09
30,30,30,5.183948e+09
30,30,40,5.183948e+09
30,30,50,5.183948e+09
30,30,1,6.455559e+09
30,30,2,6.455559e+09
30,30,3,6.455559e+09
30,30,5,6.455559e+09
30,30,10,6.455559e+09
30,30,20,6.455559e+09
30,30,30,6.455559e+09
30,30,40,7.523057e+07
30,30,50,6.312757e+07
30,30,1,7.318722e+09
30,30,2,7.318722e+09
30,30,3,7.318722e+09
30,30,5,7.318722e+09
30,30,10,7.318722e+09
30,30,20,7.318722e+09
30,30,30,7.318722e+09
30,30,40,7.318722e+09
30,30,50,7.318722e+09
30,30,1,5.069766e+09
30,30,2,5.069766e+09
30,30,3,5.069766e+09
30,30,5,5.069766e+09
30,30,10,5.069766e+09
30,30,20,5.069766e+09
30,30,30,5.069766e+09
30,30,40,5.069766e+09
30,30,50,5.069766e+09
30,30,1,1.799182e+09
30,30,2,1.799182e+09
30,30,3,1.799182e+09
30,30,5,1.799182e+09
30,30,10,1.799182e+09
30,30,20,1.799182e+09
30,30,30,1.799182e+09
30,30,40,1.799182e+09
30,30,50,1.799182e+09
30,30,1,3.262100e+09
30,30,2,3.262100e+09
30,30,3,3.262100e+09
30,30,5,3.262100e+09
30,30,10,3.262100e+09
30,30,20,3.262100e+09
30,30,30,3.262100e+09
30,30,40,3.262100e+09
30,30,50,3.262100e+09
30,30,1,4.414065e+09
30,30,2,4.414065e+09
30,30,3,4.414065e+09
30,30,5,4.414065e+09
30,30,10,4.414065e+09
30,30,20,4.414065e+09
30,30,30,4.414065e+09
30,30,40,4.414065e+09
30,30,50,4.414065e+09
30,30,1,1.794138e+09
30,30,2,1.794138e+09
30,30,3,1.794138e+09
30,30,5,1.794138e+09
30,30,10,1.794138e+09
30,30,20,1.794138e+09
30,30,30,1.794138e+09
30,30,40,1.794138e+09
30,30,50,1.794138e+09
30,30,1,6.377141e+09
30,30,2,6.377141e+09
30,30,3,6.377141e+09
30,30,5,6.377141e+09
30,30,10,6.377141e+09
30,30,20,6.377141e+09
30,30,30,6.377141e+09
30,30,40,5.536667e+09
30,30,50,6.832100e+06
30,30,1,2.202376e+09
30,30,2,2.202376e+09
30,30,3,2.202376e+09
30,30,5,2.202376e+09
30,30,10,2.202376e+09
30,30,20,2.202376e+09
30,30,30,2.202376e+09
30,30,40,2.202376e+09
30,30,50,2.202376e+09
30,30,1,6.332607e+08
30,30,2,6.332607e+08
30,30,3,6.332607e+08
30,30,5,6.332607e+08
30,30,10,6.332607e+08
30,30,20,6.332607e+08
30,30,30,6.332607e+08
30,30,40,6.332607e+08
30,30,50,6.332607e+08
30,30,1,3.071692e+09
30,30,2,2.280597e+09
30,30,3,2.280597e+09
30,30,5,2.280597e+09
30,30,10,2.280597e+09
30,30,20,2.280597e+09
30,30,30,2.280597e+09
30,30,40,2.280597e+09
30,30,50,2.280597e+09
30,30,1,6.727108e+09
30,30,2,6.727108e+09
30,30,3,6.727108e+09
30,30,5,6.727108e+09
30,30,10,6.727108e+09
30,30,20,6.727108e+09
30,30,30,6.727108e+09
30,30,40,6.727108e+09
30,30,50,6.727108e+09
30,30,1,3.240923e+09
30,30,2,3.240923e+09
30,30,3,3.240923e+09
30,30,5,3.240923e+09
30,30,10,3.240923e+09
30,30,20,3.240923e+09
30,30,30,3.240923e+09
30,30,40,3.240923e+09
30,30,50,3.240923e+09
30,30,1,9.577483e+08
30,30,2,8.522221e+08
30,30,3,6.170425e+08
30,30,5,6.170425e+08
30,30,10,6.170425e+08
30,30,20,6.170425e+08
30,30,30,6.170425e+08
30,30,40,6.170425e+08
30,30,50,6.170425e+08
30,30,1,2.938948e+09
30,30,2,2.938948e+09
30,30,3,2.938948e+09
30,30,5,2.938948e+09
30,30,10,2.938948e+09
30,30,20,2.938948e+09
30,30,30,2.938948e+09
30,30,40,2.938948e+09
30,30,50,2.938948e+09
30,30,1,7.273054e+09
30,30,2,7.273054e+09
30,30,3,7.273054e+09
30,30,5,7.273054e+09
30,30,10,7.273054e+09
30,30,20,7.273054e+09
30,30,30,7.273054e+09
30,30,40,2.609808e+09
30,30,50,1.429150e+07
30,30,1,2.445977e+09
30,30,2,2.445977e+09
30,30,3,2.445977e+09
30,30,5,2.445977e+09
30,30,10,2.445977e+09
30,30,20,2.445977e+09
30,30,30,2.445977e+09
30,30,40,2.445977e+09
30,30,50,2.445977e+09
30,30,1,3.458847e+09
30,30,2,3.458847e+09
30,30,3,3.458847e+09
30,30,5,3.458847e+09
30,30,10,3.458847e+09
30,30,20,3.458847e+09
30,30,30,3.458847e+09
30,30,40,3.458847e+09
30,30,50,3.458847e+09
30,30,1,7.836259e+09
30,30,2,5.230673e+09
30,30,3,2.491677e+09
30,30,5,2.485882e+09
30,30,10,2.485882e+09
30,30,20,2.485882e+09
30,30,30,2.485882e+09
30,30,40,2.485882e+09
30,30,50,2.485882e+09
30,30,1,3.568905e+09
30,30,2,3.568905e+09
30,30,3,3.568905e+09
30,30,5,3.568905e+09
30,30,10,3.568905e+09
30,30,20,3.568905e+09
30,30,30,3.568905e+09
30,30,40,3.568905e+09
30,30,50,3.568905e+09
30,30,1,1.977810e+09
30,30,2,1.977810e+09
30,30,3,1.977810e+09
30,30,5,1.977810e+09
30,30,10,1.977810e+09
30,30,20,1.977810e+09
30,30,30,1.977810e+09
30,30,40,1.977810e+09
30,30,50,1.977810e+09
30,30,1,5.512730e+09
30,30,2,5.512730e+09
30,30,3,5.512730e+09
30,30,5,5.512730e+09
30,30,10,5.512730e+09
30,30,20,5.512730e+09
30,30,30,5.512730e+09
30,30,40,5.512730e+09
30,30,50,5.512730e+09
30,30,1,1.759019e+09
30,30,2,1.759019e+09
30,30,3,1.759019e+09
30,30,5,1.759019e+09
30,30,10,1.759019e+09
30,30,20,1.759019e+09
30,30,30,1.759019e+09
30,30,40,1.759019e+09
30,30,50,1.759019e+09
30,30,1,9.460003e+08
30,30,2,9.460003e+08
30,30,3,9.460003e+08
30,30,5,9.460003e+08
30,30,10,9.460003e+08
30,30,20,9.460003e+08
30,30,30,9.460003e+08
30,30,40,9.460003e+08
30,30,50,9.460003e+08
30,30,1,2.687385e+09
30,30,2,2.687385e+09
30,30,3,2.687385e+09
30,30,5,2.687385e+09
30,30,10,2.687385e+09
30,30,20,2.687385e+09
30,30,30,2.687385e+09
30,30,40,2.687385e+09
30,30,50,2.687385e+09
30,30,1,7.478468e+09
30,30,2,7.478468e+09
30,30,3,7.478468e+09
30,30,5,7.478468e+09
30,30,10,7.478468e+09
30,30,20,7.478468e+09
30,30,30,7.478468e+09
30,30,40,4.092163e+08
30,30,50,4.092163e+08
30,30,1,4.854865e+09
30,30,2,4.854865e+09
30,30,3,4.854865e+09
30,30,5,4.854865e+09
30,30,10,4.854865e+09
30,30,20,4.854865e+09
30,30,30,4.854865e+09
30,30,40,4.854865e+09
30,30,50,4.177276e+09
30,30,1,3.527175e+09
30,30,2,3.527175e+09
30,30,3,3.527175e+09
30,30,5,3.527175e+09
30,30,10,3.527175e+09
30,30,20,3.527175e+09
30,30,30,3.527175e+09
30,30,40,3.527175e+09
30,30,50,3.527175e+09
30,30,1,3.534493e+09
30,30,2,3.534493e+09
30,30,3,3.534493e+09
30,30,5,3.534493e+09
30,30,10,3.534493e+09
30,30,20,3.534493e+09
30,30,30,3.534493e+09
30,30,40,3.534493e+09
30,30,50,2.440724e+09
30,30,1,1.846106e+09
30,30,2,1.846106e+09
30,30,3,1.846106e+09
30,30,5,1.846106e+09
30,30,10,1.846106e+09
30,30,20,1.846106e+09
30,30,30,1.846106e+09
30,30,40,1.846106e+09
30,30,50,1.846106e+09
30,30,1,9.153542e+08
30,30,2,9.153542e+08
30,30,3,9.153542e+08
30,30,5,9.153542e+08
30,30,10,9.153542e+08
30,30,20,9.153542e+08
30,30,30,9.153542e+08
30,30,40,9.153542e+08
30,30,50,9.153542e+08
30,30,1,2.130947e+09
30,30,2,2.130947e+09
30,30,3,2.130947e+09
30,30,5,2.130947e+09
30,30,10,2.130947e+09
30,30,20,2.130947e+09
30,30,30,2.130947e+09
30,30,40,2.130947e+09
30,30,50,2.130947e+09
30,30,1,2.144476e+09
30,30,2,2.144476e+09
30,30,3,2.144476e+09
30,30,5,2.144476e+09
30,30,10,2.144476e+09
30,30,20,2.144476e+09
30,30,30,2.144476e+09
30,30,40,2.144476e+09
30,30,50,2.144476e+09
30,30,1,1.002257e+10
30,30,2,1.002257e+10
30,30,3,9.375786e+09
30,30,5,8.692346e+09
30,30,10,8.692346e+09
30,30,20,8.692346e+09
30,30,30,8.692346e+09
30,30,40,8.692346e+09
30,30,50,8.692346e+09
30,30,1,7.955015e+09
30,30,2,7.955015e+09
30,30,3,7.955015e+09
30,30,5,7.955015e+09
30,30,10,7.955015e+09
30,30,20,7.955015e+09
30,30,30,7.955015e+09
30,30,40,2.768931e+09
30,30,50,4.139362e+06
30,30,1,1.360519e+09
30,30,2,1.360519e+09
30,30,3,1.360519e+09
30,30,5,1.360519e+09
30,30,10,1.360519e+09
30,30,20,1.360519e+09
30,30,30,1.360519e+09
30,30,40,1.360519e+09
30,30,50,1.360519e+09
30,30,1,2.730116e+09
30,30,2,2.730116e+09
30,30,3,2.730116e+09
30,30,5,2.730116e+09
30,30,10,2.730116e+09
30,30,20,2.730116e+09
30,30,30,2.730116e+09
30,30,40,2.730116e+09
30,30,50,2.730116e+09
30,30,1,6.228081e+09
30,30,2,6.228081e+09
30,30,3,6.228081e+09
30,30,5,6.228081e+09
30,30,10,6.228081e+09
30,30,20,6.228081e+09
30,30,30,6.228081e+09
30,30,40,2.484862e+07
30,30,50,2.477049e+07
30,30,1,5.685550e+09
30,30,2,5.685550e+09
30,30,3,5.685550e+09
30,30,5,5.685550e+09
30,30,10,5.685550e+09
30,30,20,5.685550e+09
30,30,30,5.685550e+09
30,30,40,5.685550e+09
30,30,50,2.459240e+09
30,30,1,1.088754e+09
30,30,2,1.088754e+09
30,30,3,1.088754e+09
30,30,5,1.088754e+09
30,30,10,1.088754e+09
30,30,20,1.088754e+09
30,30,30,1.088754e+09
30,30,40,1.088754e+09
30,30,50,1.088754e+09
30,30,1,3.795009e+09
30,30,2,3.795009e+09
30,30,3,3.795009e+09
30,30,5,3.795009e+09
30,30,10,3.795009e+09
30,30,20,3.795009e+09
30,30,30,3.795009e+09
30,30,40,3.795009e+09
30,30,50,3.795009e+09
30,30,1,5.232668e+09
30,30,2,5.232668e+09
30,30,3,5.232668e+09
30,30,5,5.232668e+09
30,30,10,5.232668e+09
30,30,20,5.232668e+09
30,30,30,5.232668e+09
30,30,40,5.232668e+09
30,30,50,5.232668e+09
30,30,1,2.415507e+09
30,30,2,2.415507e+09
30,30,3,2.415507e+09
30,30,5,2.415507e+09
30,30,10,2.415507e+09
30,30,20,2.415507e+09
30,30,30,2.415507e+09
30,30,40,2.415507e+09
30,30,50,2.415507e+09
30,30,1,7.025532e+09
30,30,2,7.025532e+09
30,30,3,7.025532e+09
30,30,5,7.025532e+09
30,30,10,7.025532e+09
30,30,20,7.025532e+09
30,30,30,7.025532e+09
30,30,40,7.025532e+09
30,30,50,7.025532e+09
30,30,1,2.258506e+09
30,30,2,2.258506e+09
30,30,3,2.258506e+09
30,30,5,2.258506e+09
30,30,10,2.258506e+09
30,30,20,2.258506e+09
30,30,30,2.258506e+09
30,30,40,2.258506e+09
30,30,50,2.258506e+09
30,30,1,4.532156e+09
30,30,2,3.937729e+09
30,30,3,3.818559e+09
30,30,5,3.818559e+09
30,30,10,3.818559e+09
30,30,20,3.818559e+09
30,30,30,3.818559e+09
30,30,40,3.818559e+09
30,30,50,3.818559e+09
30,30,1,2.222485e+09
30,30,2,2.222485e+09
30,30,3,2.222485e+09
30,30,5,2.222485e+09
30,30,10,2.222485e+09
30,30,20,2.222485e+09
30,30,30,2.222485e+09
30,30,40,2.222485e+09
30,30,50,2.222485e+09
30,30,1,6.865984e+09
30,30,2,6.865984e+09
30,30,3,6.865984e+09
30,30,5,6.865984e+09
30,30,10,6.865984e+09
30,30,20,6.865984e+09
30,30,30,6.865984e+09
30,30,40,6.865984e+09
30,30,50,6.865984e+09
30,30,1,5.305257e+09
30,30,2,5.305257e+09
30,30,3,5.305257e+09
30,30,5,5.305257e+09
30,30,10,5.305257e+09
30,30,20,5.305257e+09
30,30,30,5.305257e+09
30,30,40,5.305257e+09
30,30,50,5.305257e+09
30,30,1,2.482935e+09
30,30,2,2.482935e+09
30,30,3,2.482935e+09
30,30,5,2.482935e+09
30,30,10,2.482935e+09
30,30,20,2.482935e+09
30,30,30,2.482935e+09
30,30,40,2.482935e+09
30,30,50,2.482935e+09
30,30,1,2.523566e+09
30,30,2,2.523566e+09
30,30,3,2.523566e+09
30,30,5,2.523566e+09
30,30,10,2.523566e+09
30,30,20,2.523566e+09
30,30,30,2.523566e+09
30,30,40,2.523566e+09
30,30,50,2.523566e+09
30,30,1,8.127843e+09
30,30,2,8.127843e+09
30,30,3,8.127843e+09
30,30,5,8.127843e+09
30,30,10,8.127843e+09
30,30,20,7.872268e+09
30,30,30,7.872268e+09
30,30,40,4.233094e+09
30,30,50,2.691043e+07
30,30,1,9.105848e+08
30,30,2,9.105848e+08
30,30,3,9.105848e+08
30,30,5,9.105848e+08
30,30,10,9.105848e+08
30,30,20,9.105848e+08
30,30,30,9.105848e+08
30,30,40,9.105848e+08
30,30,50,9.105848e+08
30,30,1,5.777829e+09
30,30,2,5.777829e+09
30,30,3,5.777829e+09
30,30,5,5.777829e+09
30,30,10,5.777829e+09
30,30,20,5.777829e+09
30,30,30,5.777829e+09
30,30,40,5.777829e+09
30,30,50,1.856894e+09
30,30,1,9.516330e+09
30,30,2,9.516330e+09
30,30,3,9.516330e+09
30,30,5,9.516330e+09
30,30,10,9.516330e+09
30,30,20,9.516330e+09
30,30,30,9.516330e+09
30,30,40,9.516330e+09
30,30,50,9.516330e+09
30,30,1,7.320834e+09
30,30,2,7.320834e+09
30,30,3,7.144242e+09
30,30,5,6.864988e+09
30,30,10,6.864988e+09
30,30,20,6.864988e+09
30,30,30,6.864988e+09
30,30,40,6.864988e+09
30,30,50,6.864988e+09
30,30,1,4.517374e+09
30,30,2,4.517374e+09
30,30,3,4.517374e+09
30,30,5,4.517374e+09
30,30,10,4.517374e+09
30,30,20,4.517374e+09
30,30,30,4.517374e+09
30,30,40,4.517374e+09
30,30,50,4.517374e+09
30,30,1,2.495515e+09
30,30,2,2.495515e+09
30,30,3,2.495515e+09
30,30,5,2.495515e+09
30,30,10,2.495515e+09
30,30,20,2.495515e+09
30,30,30,2.495515e+09
30,30,40,2.495515e+09
30,30,50,2.495515e+09
30,30,1,3.091327e+09
30,30,2,3.091327e+09
30,30,3,3.091327e+09
30,30,5,3.091327e+09
30,30,10,3.091327e+09
30,30,20,3.091327e+09
30,30,30,3.091327e+09
30,30,40,3.091327e+09
30,30,50,3.091327e+09
30,30,1,2.203540e+09
30,30,2,2.203540e+09
30,30,3,2.203540e+09
30,30,5,2.203540e+09
30,30,10,2.203540e+09
30,30,20,2.203540e+09
30,30,30,2.203540e+09
30,30,40,2.203540e+09
30,30,50,2.203540e+09
30,30,1,4.319545e+09
30,30,2,4.319545e+09
30,30,3,4.319545e+09
30,30,5,4.319545e+09
30,30,10,4.319545e+09
30,30,20,4.319545e+09
30,30,30,4.319545e+09
30,30,40,4.319545e+09
30,30,50,4.319545e+09
30,30,1,5.726903e+09
30,30,2,5.726903e+09
30,30,3,5.726903e+09
30,30,5,5.726903e+09
30,30,10,5.726903e+09
30,30,20,5.726903e+09
30,30,30,5.726903e+09
30,30,40,5.726903e+09
30,30,50,5.726903e+09
30,30,1,2.165835e+09
30,30,2,2.165835e+09
30,30,3,2.165835e+09
30,30,5,2.165835e+09
30,30,10,2.165835e+09
30,30,20,2.165835e+09
30,30,30,2.165835e+09
30,30,40,2.165835e+09
30,30,50,2.165835e+09
30,30,1,1.803769e+09
30,30,2,1.803769e+09
30,30,3,1.803769e+09
30,30,5,1.803769e+09
30,30,10,1.803769e+09
30,30,20,1.803769e+09
30,30,30,1.803769e+09
30,30,40,1.803769e+09
30,30,50,1.803769e+09
30,30,1,5.188236e+09
30,30,2,5.188236e+09
30,30,3,5.188236e+09
30,30,5,5.188236e+09
30,30,10,5.188236e+09
30,30,20,5.188236e+09
30,30,30,5.188236e+09
30,30,40,5.188236e+09
30,30,50,5.188236e+09
30,30,1,8.018259e+08
30,30,2,7.079268e+08
30,30,3,7.079268e+08
30,30,5,7.079268e+08
30,30,10,7.079268e+08
30,30,20,7.079268e+08
30,30,30,7.079268e+08
30,30,40,7.079268e+08
30,30,50,7.079268e+08
30,30,1,5.003000e+09
30,30,2,5.003000e+09
30,30,3,5.003000e+09
30,30,5,5.003000e+09
30,30,10,5.003000e+09
30,30,20,5.003000e+09
30,30,30,5.003000e+09
30,30,40,5.003000e+09
30,30,50,5.003000e+09
30,30,1,9.517731e+08
30,30,2,9.517731e+08
30,30,3,9.517731e+08
30,30,5,9.517731e+08
30,30,10,9.517731e+08
30,30,20,9.517731e+08
30,30,30,9.517731e+08
30,30,40,9.517731e+08
30,30,50,9.517731e+08
30,30,1,3.467051e+09
30,30,2,3.467051e+09
30,30,3,3.467051e+09
30,30,5,3.467051e+09
30,30,10,3.467051e+09
30,30,20,3.467051e+09
30,30,30,3.467051e+09
30,30,40,3.467051e+09
30,30,50,7.639145e+08
30,30,1,3.912756e+09
30,30,2,3.912756e+09
30,30,3,3.912756e+09
30,30,5,3.912756e+09
30,30,10,3.912756e+09
30,30,20,3.912756e+09
30,30,30,3.912756e+09
30,30,40,3.912756e+09
30,30,50,3.912756e+09
30,30,1,4.358874e+09
30,30,2,4.358874e+09
30,30,3,4.358874e+09
30,30,5,4.358874e+09
30,30,10,4.358874e+09
30,30,20,4.358874e+09
30,30,30,4.358874e+09
30,30,40,4.358874e+09
30,30,50,4.358874e+09
30,30,1,5.535743e+09
30,30,2,5.535743e+09
30,30,3,5.535743e+09
30,30,5,5.535743e+09
30,30,10,5.535743e+09
30,30,20,5.535743e+09
30,30,30,5.535743e+09
30,30,40,5.535743e+09
30,30,50,5.535743e+09
30,30,1,1.758832e+09
30,30,2,1.758832e+09
30,30,3,1.758832e+09
30,30,5,1.758832e+09
30,30,10,1.758832e+09
30,30,20,1.758832e+09
30,30,30,1.758832e+09
30,30,40,1.758832e+09
30,30,50,1.758832e+09
30,30,1,2.921803e+09
30,30,2,2.921803e+09
30,30,3,2.921803e+09
30,30,5,2.921803e+09
30,30,10,2.921803e+09
30,30,20,2.921803e+09
30,30,30,2.921803e+09
30,30,40,2.921803e+09
30,30,50,2.921803e+09
30,30,1,2.971258e+09
30,30,2,2.971258e+09
30,30,3,2.971258e+09
30,30,5,2.971258e+09
30,30,10,2.971258e+09
30,30,20,2.971258e+09
30,30,30,2.971258e+09
30,30,40,2.971258e+09
30,30,50,2.971258e+09
30,30,1,6.180506e+09
30,30,2,6.180506e+09
30,30,3,6.180506e+09
30,30,5,6.180506e+09
30,30,10,6.180506e+09
30,30,20,6.180506e+09
30,30,30,6.180506e+09
30,30,40,5.168539e+09
30,30,50,2.012118e+07
30,30,1,2.610819e+09
30,30,2,2.610819e+09
30,30,3,2.610819e+09
30,30,5,2.610819e+09
30,30,10,2.610819e+09
30,30,20,2.610819e+09
30,30,30,2.610819e+09
30,30,40,2.610819e+09
30,30,50,2.610819e+09
30,30,1,3.631991e+09
30,30,2,3.376913e+09
30,30,3,3.376913e+09
30,30,5,3.376913e+09
30,30,10,3.376913e+09
30,30,20,3.376913e+09
30,30,30,3.376913e+09
30,30,40,3.376913e+09
30,30,50,3.376913e+09
30,30,1,5.314897e+09
30,30,2,5.314897e+09
30,30,3,5.314897e+09
30,30,5,5.314897e+09
30,30,10,5.314897e+09
30,30,20,5.314897e+09
30,30,30,5.314897e+09
30,30,40,5.314897e+09
30,30,50,5.314897e+09
30,30,1,2.764825e+09
30,30,2,2.764825e+09
30,30,3,2.764825e+09
30,30,5,2.764825e+09
30,30,10,2.764825e+09
30,30,20,2.764825e+09
30,30,30,2.764825e+09
30,30,40,2.764825e+09
30,30,50,2.764825e+09
30,30,1,5.389984e+09
30,30,2,5.389984e+09
30,30,3,5.389984e+09
30,30,5,5.389984e+09
30,30,10,5.389984e+09
30,30,20,5.389984e+09
30,30,30,5.389984e+09
30,30,40,5.389984e+09
30,30,50,5.389984e+09
30,30,1,7.456849e+09
30,30,2,7.456849e+09
30,30,3,7.456849e+09
30,30,5,7.456849e+09
30,30,10,7.456849e+09
30,30,20,7.456849e+09
30,30,30,7.456849e+09
30,30,40,1.023280e+09
30,30,50,1.023280e+09
30,30,1,7.555135e+09
30,30,2,7.555135e+09
30,30,3,7.555135e+09
30,30,5,7.555135e+09
30,30,10,7.555135e+09
30,30,20,7.555135e+09
30,30,30,7.555135e+09
30,30,40,7.555135e+09
30,30,50,7.555135e+09
30,30,1,8.611967e+09
30,30,2,8.611967e+09
30,30,3,8.611967e+09
30,30,5,8.611967e+09
30,30,10,8.611967e+09
30,30,20,8.611967e+09
30,30,30,8.611967e+09
30,30,40,8.611967e+09
30,30,50,8.611967e+09
30,30,1,4.886285e+09
30,30,2,4.886285e+09
30,30,3,4.886285e+09
30,30,5,4.886285e+09
30,30,10,4.886285e+09
30,30,20,4.886285e+09
30,30,30,4.886285e+09
30,30,40,4.886285e+09
30,30,50,1.257236e+09
30,30,1,4.895962e+09
30,30,2,4.895962e+09
30,30,3,4.895962e+09
30,30,5,4.895962e+09
30,30,10,4.895962e+09
30,30,20,4.895962e+09
30,30,30,4.895962e+09
30,30,40,4.895962e+09
30,30,50,4.895962e+09
30,30,1,7.908621e+09
30,30,2,7.908621e+09
30,30,3,7.908621e+09
30,30,5,7.908621e+09
30,30,10,7.908621e+09
30,30,20,7.908621e+09
30,30,30,7.908621e+09
30,30,40,7.908621e+09
30,30,50,7.908621e+09
30,30,1,2.955338e+09
30,30,2,2.955338e+09
30,30,3,2.955338e+09
30,30,5,2.955338e+09
30,30,10,2.955338e+09
30,30,20,2.955338e+09
30,30,30,2.955338e+09
30,30,40,2.955338e+09
30,30,50,2.955338e+09
30,30,1,2.895434e+09
30,30,2,2.145334e+09
30,30,3,2.145334e+09
30,30,5,2.081522e+09
30,30,10,2.081522e+09
30,30,20,2.081522e+09
30,30,30,2.081522e+09
30,30,40,2.081522e+09
30,30,50,2.081522e+09
30,30,1,3.963899e+09
30,30,2,3.963899e+09
30,30,3,3.963899e+09
30,30,5,3.963899e+09
30,30,10,3.963899e+09
30,30,20,3.963899e+09
30,30,30,3.963899e+09
30,30,40,3.963899e+09
30,30,50,3.963899e+09
30,30,1,2.099488e+09
30,30,2,2.099488e+09
30,30,3,2.099488e+09
30,30,5,2.099488e+09
30,30,10,2.099488e+09
30,30,20,2.099488e+09
30,30,30,2.099488e+09
30,30,40,2.099488e+09
30,30,50,2.099488e+09
30,30,1,4.961947e+09
30,30,2,4.961947e+09
30,30,3,4.961947e+09
30,30,5,4.961947e+09
30,30,10,4.961947e+09
30,30,20,4.961947e+09
30,30,30,4.961947e+09
30,30,40,4.961947e+09
30,30,50,2.815376e+08
30,30,1,4.269929e+09
30,30,2,4.269929e+09
30,30,3,4.269929e+09
30,30,5,4.269929e+09
30,30,10,4.269929e+09
30,30,20,1.397204e+09
30,30,30,1.397204e+09
30,30,40,1.397204e+09
30,30,50,1.397204e+09
30,30,1,6.343745e+09
30,30,2,6.343745e+09
30,30,3,6.343745e+09
30,30,5,6.343745e+09
30,30,10,6.343745e+09
30,30,20,6.343745e+09
30,30,30,6.343745e+09
30,30,40,1.228745e+09
30,30,50,3.421293e+08
30,30,1,3.923947e+09
30,30,2,3.923947e+09
30,30,3,3.923947e+09
30,30,5,3.923947e+09
30,30,10,3.923947e+09
30,30,20,3.923947e+09
30,30,30,3.923947e+09
30,30,40,3.923947e+09
30,30,50,3.923947e+09
30,30,1,1.563663e+09
30,30,2,1.563663e+09
30,30,3,1.563663e+09
30,30,5,1.563663e+09
30,30,10,1.563663e+09
30,30,20,1.563663e+09
30,30,30,1.563663e+09
30,30,40,1.563663e+09
30,30,50,1.563663e+09
30,30,1,3.434684e+09
30,30,2,3.434684e+09
30,30,3,3.434684e+09
30,30,5,3.434684e+09
30,30,10,1.799778e+09
30,30,20,7.846132e+08
30,30,30,7.846132e+08
30,30,40,7.846132e+08
30,30,50,7.846132e+08
30,30,1,1.022642e+10
30,30,2,1.022642e+10
30,30,3,7.116117e+09
30,30,5,1.903091e+09
30,30,10,1.903091e+09
30,30,20,1.903091e+09
30,30,30,1.903091e+09
30,30,40,1.903091e+09
30,30,50,1.903091e+09
30,30,1,1.058837e+09
30,30,2,6.254971e+08
30,30,3,5.939739e+08
30,30,5,5.939739e+08
30,30,10,5.939739e+08
30,30,20,5.939739e+08
30,30,30,5.939739e+08
30,30,40,5.939739e+08
30,30,50,5.939739e+08
30,30,1,1.959914e+09
30,30,2,1.959914e+09
30,30,3,1.959914e+09
30,30,5,1.959914e+09
30,30,10,1.959914e+09
30,30,20,1.959914e+09
30,30,30,1.959914e+09
30,30,40,1.959914e+09
30,30,50,1.959914e+09
30,30,1,7.694327e+09
30,30,2,6.819701e+09
30,30,3,6.819701e+09
30,30,5,6.819701e+09
30,30,10,6.819701e+09
30,30,20,6.819701e+09
30,30,30,6.819701e+09
30,30,40,6.819701e+09
30,30,50,1.346953e+08
30,30,1,3.708213e+09
30,30,2,3.708213e+09
30,30,3,3.708213e+09
30,30,5,3.708213e+09
30,30,10,3.708213e+09
30,30,20,3.708213e+09
30,30,30,3.708213e+09
30,30,40,3.708213e+09
30,30,50,3.708213e+09
30,30,1,8.846886e+09
30,30,2,8.846886e+09
30,30,3,8.846886e+09
30,30,5,8.846886e+09
30,30,10,8.846886e+09
30,30,20,8.846886e+09
30,30,30,6.108348e+09
30,30,40,2.849157e+09
30,30,50,2.253665e+07
30,30,1,2.882082e+09
30,30,2,2.882082e+09
30,30,3,2.882082e+09
30,30,5,2.882082e+09
30,30,10,2.882082e+09
30,30,20,2.882082e+09
30,30,30,2.882082e+09
30,30,40,2.882082e+09
30,30,50,2.882082e+09
30,30,1,2.725728e+09
30,30,2,2.725728e+09
30,30,3,2.725728e+09
30,30,5,2.725728e+09
30,30,10,2.725728e+09
30,30,20,2.725728e+09
30,30,30,2.725728e+09
30,30,40,2.725728e+09
30,30,50,2.725728e+09
30,30,1,7.527389e+08
30,30,2,7.527389e+08
30,30,3,7.527389e+08
30,30,5,7.527389e+08
30,30,10,7.527389e+08
30,30,20,7.527389e+08
30,30,30,7.527389e+08
30,30,40,7.527389e+08
30,30,50,7.527389e+08
30,30,1,6.218832e+09
30,30,2,6.218832e+09
30,30,3,6.218832e+09
30,30,5,6.218832e+09
30,30,10,6.218832e+09
30,30,20,6.218832e+09
30,30,30,6.218832e+09
30,30,40,1.937761e+09
30,30,50,2.083298e+07
30,30,1,3.530777e+09
30,30,2,3.530777e+09
30,30,3,3.530777e+09
30,30,5,3.530777e+09
30,30,10,3.530777e+09
30,30,20,3.530777e+09
30,30,30,3.530777e+09
30,30,40,3.530777e+09
30,30,50,3.530777e+09
30,30,1,6.354270e+09
30,30,2,6.354270e+09
30,30,3,6.354270e+09
30,30,5,6.354270e+09
30,30,10,6.354270e+09
30,30,20,6.354270e+09
30,30,30,6.354270e+09
30,30,40,1.077619e+09
30,30,50,4.934003e+06
30,30,1,2.237624e+09
30,30,2,2.237624e+09
30,30,3,2.237624e+09
30,30,5,2.237624e+09
30,30,10,2.237624e+09
30,30,20,2.237624e+09
30,30,30,2.237624e+09
30,30,40,2.237624e+09
30,30,50,2.237624e+09
30,30,1,1.594231e+09
30,30,2,1.594231e+09
30,30,3,1.594231e+09
30,30,5,1.594231e+09
30,30,10,1.594231e+09
30,30,20,1.594231e+09
30,30,30,1.594231e+09
30,30,40,1.594231e+09
30,30,50,1.594231e+09
30,30,1,3.235756e+09
30,30,2,3.235756e+09
30,30,3,3.235756e+09
30,30,5,3.235756e+09
30,30,10,3.235756e+09
30,30,20,3.235756e+09
30,30,30,3.235756e+09
30,30,40,3.235756e+09
30,30,50,3.235756e+09
30,30,1,1.994569e+09
30,30,2,1.994569e+09
30,30,3,1.994569e+09
30,30,5,1.994569e+09
30,30,10,1.994569e+09
30,30,20,1.994569e+09
30,30,30,1.994569e+09
30,30,40,1.994569e+09
30,30,50,1.994569e+09
30,30,1,3.087579e+09
30,30,2,3.087579e+09
30,30,3,3.087579e+09
30,30,5,3.087579e+09
30,30,10,3.087579e+09
30,30,20,3.087579e+09
30,30,30,3.087579e+09
30,30,40,3.087579e+09
30,30,50,3.087579e+09
30,30,1,5.281823e+09
30,30,2,5.281823e+09
30,30,3,5.281823e+09
30,30,5,5.281823e+09
30,30,10,5.281823e+09
30,30,20,5.281823e+09
30,30,30,5.281823e+09
30,30,40,5.281823e+09
30,30,50,1.643279e+08
30,30,1,6.913567e+09
30,30,2,6.913567e+09
30,30,3,6.913567e+09
30,30,5,6.913567e+09
30,30,10,6.913567e+09
30,30,20,6.913567e+09
30,30,30,6.913567e+09
30,30,40,3.496746e+09
30,30,50,1.053106e+07
30,30,1,3.812231e+08
30,30,2,2.819545e+08
30,30,3,2.819545e+08
30,30,5,2.819545e+08
30,30,10,2.819545e+08
30,30,20,2.819545e+08
30,30,30,2.819545e+08
30,30,40,2.819545e+08
30,30,50,2.819545e+08
30,30,1,2.155871e+09
30,30,2,2.155871e+09
30,30,3,2.155871e+09
30,30,5,2.155871e+09
30,30,10,2.155871e+09
30,30,20,2.155871e+09
30,30,30,2.155871e+09
30,30,40,2.155871e+09
30,30,50,2.155871e+09
30,30,1,1.230234e+09
30,30,2,1.230234e+09
30,30,3,1.230234e+09
30,30,5,1.230234e+09
30,30,10,1.230234e+09
30,30,20,1.230234e+09
30,30,30,1.230234e+09
30,30,40,1.230234e+09
30,30,50,1.230234e+09
30,30,1,3.352165e+09
30,30,2,3.352165e+09
30,30,3,3.352165e+09
30,30,5,3.352165e+09
30,30,10,3.352165e+09
30,30,20,3.352165e+09
30,30,30,3.352165e+09
30,30,40,3.352165e+09
30,30,50,3.352165e+09
30,30,1,3.183284e+09
30,30,2,3.183284e+09
30,30,3,3.183284e+09
30,30,5,3.183284e+09
30,30,10,3.183284e+09
30,30,20,3.183284e+09
30,30,30,3.183284e+09
30,30,40,3.183284e+09
30,30,50,3.183284e+09
30,30,1,8.771071e+09
30,30,2,8.771071e+09
30,30,3,8.771071e+09
30,30,5,8.771071e+09
30,30,10,4.323789e+09
30,30,20,4.323789e+09
30,30,30,4.323789e+09
30,30,40,4.323789e+09
30,30,50,2.204295e+09
30,30,1,6.814770e+09
30,30,2,6.814770e+09
30,30,3,6.814770e+09
30,30,5,6.814770e+09
30,30,10,6.814770e+09
30,30,20,6.814770e+09
30,30,30,6.814770e+09
30,30,40,6.814770e+09
30,30,50,2.148371e+08
30,30,1,1.742701e+09
30,30,2,1.742701e+09
30,30,3,1.742701e+09
30,30,5,1.742701e+09
30,30,10,1.742701e+09
30,30,20,1.742701e+09
30,30,30,1.742701e+09
30,30,40,1.742701e+09
30,30,50,1.742701e+09
30,30,1,7.199920e+09
30,30,2,7.199920e+09
30,30,3,7.199920e+09
30,30,5,7.199920e+09
30,30,10,3.838401e+09
30,30,20,3.097271e+09
30,30,30,3.097271e+09
30,30,40,3.097271e+09
30,30,50,3.097271e+09
30,30,1,3.035095e+09
30,30,2,3.035095e+09
30,30,3,3.035095e+09
30,30,5,3.035095e+09
30,30,10,3.035095e+09
30,30,20,3.035095e+09
30,30,30,3.035095e+09
30,30,40,3.035095e+09
30,30,50,2.331039e+09
30,30,1,1.815680e+09
30,30,2,1.815680e+09
30,30,3,1.815680e+09
30,30,5,1.815680e+09
30,30,10,1.815680e+09
30,30,20,1.815680e+09
30,30,30,1.815680e+09
30,30,40,1.815680e+09
30,30,50,1.815680e+09
30,30,1,2.451309e+09
30,30,2,1.589291e+09
30,30,3,1.589291e+09
30,30,5,1.589291e+09
30,30,10,1.589291e+09
30,30,20,1.589291e+09
30,30,30,1.589291e+09
30,30,40,1.589291e+09
30,30,50,1.589291e+09
30,30,1,3.503697e+09
30,30,2,3.503697e+09
30,30,3,3.503697e+09
30,30,5,3.503697e+09
30,30,10,3.503697e+09
30,30,20,3.503697e+09
30,30,30,3.503697e+09
30,30,40,3.503697e+09
30,30,50,3.503697e+09
30,30,1,4.727522e+09
30,30,2,4.727522e+09
30,30,3,4.727522e+09
30,30,5,4.727522e+09
30,30,10,4.727522e+09
30,30,20,4.727522e+09
30,30,30,4.727522e+09
30,30,40,4.727522e+09
30,30,50,4.727522e+09
30,30,1,3.965678e+09
30,30,2,3.965678e+09
30,30,3,3.965678e+09
30,30,5,3.965678e+09
30,30,10,3.965678e+09
30,30,20,3.965678e+09
30,30,30,3.965678e+09
30,30,40,3.965678e+09
30,30,50,3.965678e+09
30,30,1,3.684919e+09
30,30,2,3.684919e+09
30,30,3,3.684919e+09
30,30,5,3.684919e+09
30,30,10,3.684919e+09
30,30,20,3.684919e+09
30,30,30,3.684919e+09
30,30,40,3.684919e+09
30,30,50,3.068715e+09
30,30,1,2.312220e+09
30,30,2,2.312220e+09
30,30,3,2.312220e+09
30,30,5,2.312220e+09
30,30,10,2.312220e+09
30,30,20,2.312220e+09
30,30,30,2.312220e+09
30,30,40,2.312220e+09
30,30,50,2.312220e+09
30,30,1,4.818495e+09
30,30,2,4.818495e+09
30,30,3,4.818495e+09
30,30,5,4.818495e+09
30,30,10,4.818495e+09
30,30,20,4.818495e+09
30,30,30,4.818495e+09
30,30,40,4.818495e+09
30,30,50,4.579102e+09
30,30,1,5.227071e+09
30,30,2,5.227071e+09
30,30,3,5.227071e+09
30,30,5,5.227071e+09
30,30,10,5.227071e+09
30,30,20,5.227071e+09
30,30,30,5.227071e+09
30,30,40,5.227071e+09
30,30,50,1.633488e+07
30,30,1,1.802064e+09
30,30,2,1.802064e+09
30,30,3,1.802064e+09
30,30,5,1.802064e+09
30,30,10,1.802064e+09
30,30,20,1.802064e+09
30,30,30,1.802064e+09
30,30,40,1.802064e+09
30,30,50,1.802064e+09
30,30,1,5.002327e+09
30,30,2,4.099313e+09
30,30,3,3.243684e+09
30,30,5,3.243684e+09
30,30,10,3.243684e+09
30,30,20,3.243684e+09
30,30,30,3.243684e+09
30,30,40,3.243684e+09
30,30,50,3.243684e+09
30,30,1,3.267430e+09
30,30,2,3.267430e+09
30,30,3,3.267430e+09
30,30,5,3.267430e+09
30,30,10,3.267430e+09
30,30,20,3.267430e+09
30,30,30,3.267430e+09
30,30,40,3.267430e+09
30,30,50,3.267430e+09
30,30,1,5.231977e+09
30,30,2,5.231977e+09
30,30,3,5.231977e+09
30,30,5,5.231977e+09
30,30,10,5.231977e+09
30,30,20,5.231977e+09
30,30,30,5.231977e+09
30,30,40,4.201622e+08
30,30,50,4.201622e+08
