funcid,dim,milestone,error
23,30,1,1.262695e+03
23,30,2,1.262695e+03
23,30,3,1.262695e+03
23,30,5,1.262695e+03
23,30,10,1.262695e+03
23,30,20,1.262695e+03
23,30,30,1.262695e+03
23,30,40,1.262695e+03
23,30,50,1.262695e+03
23,30,1,1.747457e+03
23,30,2,1.747457e+03
23,30,3,1.747457e+03
23,30,5,1.747457e+03
23,30,10,1.747457e+03
23,30,20,1.747457e+03
23,30,30,1.747457e+03
23,30,40,1.747457e+03
23,30,50,1.747457e+03
23,30,1,1.400126e+03
23,30,2,1.390403e+03
23,30,3,1.390403e+03
23,30,5,1.339878e+03
23,30,10,1.316668e+03
23,30,20,1.316668e+03
23,30,30,1.304421e+03
23,30,40,1.180858e+03
23,30,50,1.180858e+03
23,30,1,1.520840e+03
23,30,2,1.520840e+03
23,30,3,1.520840e+03
23,30,5,1.520840e+03
23,30,10,1.520840e+03
23,30,20,1.520840e+03
23,30,30,1.520840e+03
23,30,40,1.520840e+03
23,30,50,1.371167e+03
23,30,1,1.216924e+03
23,30,2,1.216924e+03
23,30,3,1.216924e+03
23,30,5,1.216924e+03
23,30,10,1.216924e+03
23,30,20,1.216924e+03
23,30,30,1.216924e+03
23,30,40,1.216924e+03
23,30,50,1.216924e+03
23,30,1,1.419751e+03
23,30,2,1.410570e+03
23,30,3,1.406409e+03
23,30,5,1.406409e+03
23,30,10,1.406409e+03
23,30,20,1.406409e+03
23,30,30,1.406409e+03
23,30,40,1.406409e+03
23,30,50,1.406409e+03
23,30,1,1.274831e+03
23,30,2,1.059475e+03
23,30,3,1.059475e+03
23,30,5,1.059475e+03
23,30,10,1.059475e+03
23,30,20,1.059475e+03
23,30,30,1.059475e+03
23,30,40,1.059475e+03
23,30,50,1.059475e+03
23,30,1,1.329430e+03
23,30,2,1.329430e+03
23,30,3,1.329430e+03
23,30,5,1.329430e+03
23,30,10,1.329430e+03
23,30,20,1.329430e+03
23,30,30,1.329430e+03
23,30,40,1.329430e+03
23,30,50,1.329430e+03
23,30,1,1.531745e+03
23,30,2,1.531745e+03
23,30,3,1.531745e+03
23,30,5,1.531745e+03
23,30,10,1.531745e+03
23,30,20,1.531745e+03
23,30,30,1.531745e+03
23,30,40,1.531745e+03
23,30,50,1.531745e+03
23,30,1,1.319496e+03
23,30,2,1.319496e+03
23,30,3,1.319496e+03
23,30,5,1.319496e+03
23,30,10,1.319496e+03
23,30,20,1.319496e+03
23,30,30,1.319496e+03
23,30,40,1.319496e+03
23,30,50,1.319496e+03
23,30,1,1.638282e+03
23,30,2,1.638282e+03
23,30,3,1.638282e+03
23,30,5,1.638282e+03
23,30,10,1.638282e+03
23,30,20,1.638282e+03
23,30,30,1.638282e+03
23,30,40,1.638282e+03
23,30,50,1.638282e+03
23,30,1,1.592551e+03
23,30,2,1.592551e+03
23,30,3,1.592551e+03
23,30,5,1.592551e+03
23,30,10,1.592551e+03
23,30,20,1.592551e+03
23,30,30,1.592551e+03
23,30,40,1.592551e+03
23,30,50,1.592551e+03
23,30,1,1.264046e+03
23,30,2,1.264046e+03
23,30,3,1.264046e+03
23,30,5,1.264046e+03
23,30,10,1.264046e+03
23,30,20,1.264046e+03
23,30,30,1.264046e+03
23,30,40,1.264046e+03
23,30,50,1.264046e+03
23,30,1,1.180895e+03
23,30,2,1.180895e+03
23,30,3,1.180895e+03
23,30,5,1.180895e+03
23,30,10,1.180895e+03
23,30,20,1.180895e+03
23,30,30,1.180895e+03
23,30,40,1.180895e+03
23,30,50,1.180895e+03
23,30,1,1.525202e+03
23,30,2,1.525202e+03
23,30,3,1.525202e+03
23,30,5,1.525202e+03
23,30,10,1.525202e+03
23,30,20,1.525202e+03
23,30,30,1.525202e+03
23,30,40,1.525202e+03
23,30,50,1.525202e+03
23,30,1,1.432428e+03
23,30,2,1.432428e+03
23,30,3,1.432428e+03
23,30,5,1.432428e+03
23,30,10,1.432428e+03
23,30,20,1.432428e+03
23,30,30,1.432428e+03
23,30,40,1.432428e+03
23,30,50,1.432428e+03
23,30,1,1.661908e+03
23,30,2,1.661908e+03
23,30,3,1.661908e+03
23,30,5,1.661908e+03
23,30,10,1.661908e+03
23,30,20,1.661908e+03
23,30,30,1.661908e+03
23,30,40,1.661908e+03
23,30,50,1.661908e+03
23,30,1,1.549655e+03
23,30,2,1.549655e+03
23,30,3,1.549655e+03
23,30,5,1.549655e+03
23,30,10,1.549655e+03
23,30,20,1.549655e+03
23,30,30,1.549655e+03
23,30,40,1.549655e+03
23,30,50,1.549655e+03
23,30,1,1.390555e+03
23,30,2,1.390555e+03
23,30,3,1.390555e+03
23,30,5,1.390555e+03
23,30,10,1.390555e+03
23,30,20,1.390555e+03
23,30,30,1.390555e+03
23,30,40,1.390555e+03
23,30,50,1.390555e+03
23,30,1,1.274527e+03
23,30,2,1.274527e+03
23,30,3,1.274527e+03
23,30,5,1.274527e+03
23,30,10,1.274527e+03
23,30,20,1.274527e+03
23,30,30,1.274527e+03
23,30,40,1.274527e+03
23,30,50,1.274527e+03
23,30,1,1.058205e+03
23,30,2,1.058205e+03
23,30,3,1.058205e+03
23,30,5,1.058205e+03
23,30,10,1.058205e+03
23,30,20,1.058205e+03
23,30,30,1.058205e+03
23,30,40,1.058205e+03
23,30,50,1.058205e+03
23,30,1,1.358592e+03
23,30,2,1.358592e+03
23,30,3,1.358592e+03
23,30,5,1.358592e+03
23,30,10,1.358592e+03
23,30,20,1.358592e+03
23,30,30,1.358592e+03
23,30,40,1.358592e+03
23,30,50,1.358592e+03
23,30,1,1.272793e+03
23,30,2,1.272793e+03
23,30,3,1.272793e+03
23,30,5,1.272793e+03
23,30,10,1.272793e+03
23,30,20,1.272793e+03
23,30,30,1.272793e+03
23,30,40,1.272793e+03
23,30,50,1.272793e+03
23,30,1,1.957123e+03
23,30,2,1.957123e+03
23,30,3,1.957123e+03
23,30,5,1.957123e+03
23,30,10,1.957123e+03
23,30,20,1.957123e+03
23,30,30,1.957123e+03
23,30,40,1.957123e+03
23,30,50,1.957123e+03
23,30,1,1.673692e+03
23,30,2,1.673692e+03
23,30,3,1.673692e+03
23,30,5,1.673692e+03
23,30,10,1.673692e+03
23,30,20,1.673692e+03
23,30,30,1.673692e+03
23,30,40,1.673692e+03
23,30,50,1.673692e+03
23,30,1,1.553280e+03
23,30,2,1.553280e+03
23,30,3,1.553280e+03
23,30,5,1.553280e+03
23,30,10,1.553280e+03
23,30,20,1.553280e+03
23,30,30,1.553280e+03
23,30,40,1.553280e+03
23,30,50,1.553280e+03
23,30,1,1.640276e+03
23,30,2,1.640276e+03
23,30,3,1.640276e+03
23,30,5,1.640276e+03
23,30,10,1.640276e+03
23,30,20,1.640276e+03
23,30,30,1.640276e+03
23,30,40,1.640276e+03
23,30,50,1.640276e+03
23,30,1,1.284448e+03
23,30,2,1.284448e+03
23,30,3,1.284448e+03
23,30,5,1.284448e+03
23,30,10,1.284448e+03
23,30,20,1.284448e+03
23,30,30,1.284448e+03
23,30,40,1.284448e+03
23,30,50,1.284448e+03
23,30,1,1.788506e+03
23,30,2,1.788506e+03
23,30,3,1.686887e+03
23,30,5,1.636839e+03
23,30,10,1.636839e+03
23,30,20,1.636839e+03
23,30,30,1.636839e+03
23,30,40,1.636839e+03
23,30,50,1.636839e+03
23,30,1,1.211779e+03
23,30,2,1.211779e+03
23,30,3,1.211779e+03
23,30,5,1.211779e+03
23,30,10,1.211779e+03
23,30,20,1.211779e+03
23,30,30,1.211779e+03
23,30,40,1.211779e+03
23,30,50,1.211779e+03
23,30,1,1.190241e+03
23,30,2,1.190241e+03
23,30,3,1.190241e+03
23,30,5,1.190241e+03
23,30,10,1.190241e+03
23,30,20,1.190241e+03
23,30,30,1.190241e+03
23,30,40,1.190241e+03
23,30,50,1.190241e+03
23,30,1,1.689601e+03
23,30,2,1.689601e+03
23,30,3,1.689601e+03
23,30,5,1.689601e+03
23,30,10,1.689601e+03
23,30,20,1.689601e+03
23,30,30,1.689601e+03
23,30,40,1.689601e+03
23,30,50,1.689601e+03
23,30,1,1.229575e+03
23,30,2,1.229575e+03
23,30,3,1.229575e+03
23,30,5,1.229575e+03
23,30,10,1.229575e+03
23,30,20,1.229575e+03
23,30,30,1.229575e+03
23,30,40,1.229575e+03
23,30,50,1.229575e+03
23,30,1,1.398136e+03
23,30,2,1.398136e+03
23,30,3,1.398136e+03
23,30,5,1.398136e+03
23,30,10,1.398136e+03
23,30,20,1.398136e+03
23,30,30,1.398136e+03
23,30,40,1.398136e+03
23,30,50,1.398136e+03
23,30,1,1.746671e+03
23,30,2,1.746671e+03
23,30,3,1.746671e+03
23,30,5,1.746671e+03
23,30,10,1.746671e+03
23,30,20,1.746671e+03
23,30,30,1.746671e+03
23,30,40,1.746671e+03
23,30,50,1.746671e+03
23,30,1,1.474330e+03
23,30,2,1.474330e+03
23,30,3,1.474330e+03
23,30,5,1.474330e+03
23,30,10,1.474330e+03
23,30,20,1.474330e+03
23,30,30,1.474330e+03
23,30,40,1.474330e+03
23,30,50,1.474330e+03
23,30,1,1.895910e+03
23,30,2,1.895910e+03
23,30,3,1.895910e+03
23,30,5,1.895910e+03
23,30,10,1.895910e+03
23,30,20,1.895910e+03
23,30,30,1.895910e+03
23,30,40,1.895910e+03
23,30,50,1.639076e+03
23,30,1,1.552598e+03
23,30,2,1.552598e+03
23,30,3,1.552598e+03
23,30,5,1.552598e+03
23,30,10,1.552598e+03
23,30,20,1.552598e+03
23,30,30,1.552598e+03
23,30,40,1.552598e+03
23,30,50,1.552598e+03
23,30,1,1.502212e+03
23,30,2,1.502212e+03
23,30,3,1.502212e+03
23,30,5,1.502212e+03
23,30,10,1.502212e+03
23,30,20,1.502212e+03
23,30,30,1.502212e+03
23,30,40,1.502212e+03
23,30,50,1.502212e+03
23,30,1,1.159311e+03
23,30,2,1.159311e+03
23,30,3,1.159311e+03
23,30,5,1.159311e+03
23,30,10,1.159311e+03
23,30,20,1.159311e+03
23,30,30,1.159311e+03
23,30,40,1.159311e+03
23,30,50,1.159311e+03
23,30,1,1.356530e+03
23,30,2,1.356530e+03
23,30,3,1.356530e+03
23,30,5,1.356530e+03
23,30,10,1.356530e+03
23,30,20,1.356530e+03
23,30,30,1.356530e+03
23,30,40,1.356530e+03
23,30,50,1.356530e+03
23,30,1,1.726382e+03
23,30,2,1.726382e+03
23,30,3,1.726382e+03
23,30,5,1.726382e+03
23,30,10,1.726382e+03
23,30,20,1.726382e+03
23,30,30,1.726382e+03
23,30,40,1.726382e+03
23,30,50,1.726382e+03
23,30,1,1.807495e+03
23,30,2,1.807495e+03
23,30,3,1.807495e+03
23,30,5,1.807495e+03
23,30,10,1.807495e+03
23,30,20,1.807495e+03
23,30,30,1.807495e+03
23,30,40,1.807495e+03
23,30,50,1.807495e+03
23,30,1,1.250000e+03
23,30,2,1.250000e+03
23,30,3,1.250000e+03
23,30,5,1.250000e+03
23,30,10,1.250000e+03
23,30,20,1.250000e+03
23,30,30,1.250000e+03
23,30,40,1.250000e+03
23,30,50,1.250000e+03
23,30,1,1.355263e+03
23,30,2,1.355263e+03
23,30,3,1.355263e+03
23,30,5,1.355263e+03
23,30,10,1.355263e+03
23,30,20,1.355263e+03
23,30,30,1.355263e+03
23,30,40,1.355263e+03
23,30,50,1.355263e+03
23,30,1,1.567603e+03
23,30,2,1.567603e+03
23,30,3,1.567603e+03
23,30,5,1.567603e+03
23,30,10,1.567603e+03
23,30,20,1.567603e+03
23,30,30,1.567603e+03
23,30,40,1.567603e+03
23,30,50,1.567603e+03
23,30,1,2.108466e+03
23,30,2,2.108466e+03
23,30,3,2.108466e+03
23,30,5,2.108466e+03
23,30,10,2.108466e+03
23,30,20,2.108466e+03
23,30,30,2.108466e+03
23,30,40,2.108466e+03
23,30,50,2.108466e+03
23,30,1,1.499197e+03
23,30,2,1.499197e+03
23,30,3,1.499197e+03
23,30,5,1.499197e+03
23,30,10,1.499197e+03
23,30,20,1.499197e+03
23,30,30,1.499197e+03
23,30,40,1.499197e+03
23,30,50,1.499197e+03
23,30,1,1.636387e+03
23,30,2,1.636387e+03
23,30,3,1.636387e+03
23,30,5,1.636387e+03
23,30,10,1.636387e+03
23,30,20,1.636387e+03
23,30,30,1.636387e+03
23,30,40,1.636387e+03
23,30,50,1.636387e+03
23,30,1,1.476469e+03
23,30,2,1.476469e+03
23,30,3,1.476469e+03
23,30,5,1.476469e+03
23,30,10,1.476469e+03
23,30,20,1.476469e+03
23,30,30,1.476469e+03
23,30,40,1.476469e+03
23,30,50,1.476469e+03
23,30,1,2.013901e+03
23,30,2,2.013901e+03
23,30,3,2.013901e+03
23,30,5,2.013901e+03
23,30,10,2.013901e+03
23,30,20,2.013901e+03
23,30,30,2.013901e+03
23,30,40,2.013901e+03
23,30,50,2.013901e+03
23,30,1,1.230171e+03
23,30,2,1.230171e+03
23,30,3,1.230171e+03
23,30,5,1.230171e+03
23,30,10,1.230171e+03
23,30,20,1.230171e+03
23,30,30,1.230171e+03
23,30,40,1.230171e+03
23,30,50,1.230171e+03
23,30,1,1.654273e+03
23,30,2,1.654273e+03
23,30,3,1.654273e+03
23,30,5,1.654273e+03
23,30,10,1.654273e+03
23,30,20,1.654273e+03
23,30,30,1.464760e+03
23,30,40,1.464760e+03
23,30,50,1.464760e+03
23,30,1,1.551913e+03
23,30,2,1.551913e+03
23,30,3,1.551913e+03
23,30,5,1.551913e+03
23,30,10,1.551913e+03
23,30,20,1.551913e+03
23,30,30,1.551913e+03
23,30,40,1.551913e+03
23,30,50,1.551913e+03
23,30,1,1.488850e+03
23,30,2,1.488850e+03
23,30,3,1.488850e+03
23,30,5,1.488850e+03
23,30,10,1.488850e+03
23,30,20,1.488850e+03
23,30,30,1.488850e+03
23,30,40,1.488850e+03
23,30,50,1.488850e+03
23,30,1,1.264844e+03
23,30,2,1.264844e+03
23,30,3,1.264844e+03
23,30,5,1.264844e+03
23,30,10,1.264844e+03
23,30,20,1.264844e+03
23,30,30,1.264844e+03
23,30,40,1.264844e+03
23,30,50,1.264844e+03
23,30,1,1.241106e+03
23,30,2,1.241106e+03
23,30,3,1.241106e+03
23,30,5,1.241106e+03
23,30,10,1.241106e+03
23,30,20,1.241106e+03
23,30,30,1.241106e+03
23,30,40,1.241106e+03
23,30,50,1.241106e+03
23,30,1,1.756689e+03
23,30,2,1.756689e+03
23,30,3,1.756689e+03
23,30,5,1.756689e+03
23,30,10,1.756689e+03
23,30,20,1.756689e+03
23,30,30,1.756689e+03
23,30,40,1.756689e+03
23,30,50,1.756689e+03
23,30,1,1.469115e+03
23,30,2,1.245126e+03
23,30,3,1.245126e+03
23,30,5,1.245126e+03
23,30,10,1.245126e+03
23,30,20,1.245126e+03
23,30,30,1.245126e+03
23,30,40,1.245126e+03
23,30,50,1.245126e+03
23,30,1,1.310700e+03
23,30,2,1.310700e+03
23,30,3,1.310700e+03
23,30,5,1.310700e+03
23,30,10,1.310700e+03
23,30,20,1.310700e+03
23,30,30,1.310700e+03
23,30,40,1.310700e+03
23,30,50,1.310700e+03
23,30,1,1.366169e+03
23,30,2,1.365057e+03
23,30,3,1.365057e+03
23,30,5,1.365057e+03
23,30,10,1.365057e+03
23,30,20,1.365057e+03
23,30,30,1.365057e+03
23,30,40,1.365057e+03
23,30,50,1.365057e+03
23,30,1,1.033883e+03
23,30,2,1.033883e+03
23,30,3,1.033883e+03
23,30,5,1.033883e+03
23,30,10,1.033883e+03
23,30,20,1.033883e+03
23,30,30,1.033883e+03
23,30,40,1.033883e+03
23,30,50,1.033883e+03
23,30,1,1.271819e+03
23,30,2,1.271819e+03
23,30,3,1.271819e+03
23,30,5,1.271819e+03
23,30,10,1.271819e+03
23,30,20,1.271819e+03
23,30,30,1.271819e+03
23,30,40,1.271819e+03
23,30,50,1.271819e+03
23,30,1,1.611793e+03
23,30,2,1.611793e+03
23,30,3,1.611793e+03
23,30,5,1.611793e+03
23,30,10,1.611793e+03
23,30,20,1.611793e+03
23,30,30,1.611793e+03
23,30,40,1.611793e+03
23,30,50,1.611793e+03
23,30,1,1.094403e+03
23,30,2,1.094403e+03
23,30,3,1.094403e+03
23,30,5,1.094403e+03
23,30,10,1.094403e+03
23,30,20,1.094403e+03
23,30,30,1.094403e+03
23,30,40,1.094403e+03
23,30,50,1.094403e+03
23,30,1,1.583585e+03
23,30,2,1.583585e+03
23,30,3,1.583585e+03
23,30,5,1.583585e+03
23,30,10,1.583585e+03
23,30,20,1.583585e+03
23,30,30,1.583585e+03
23,30,40,1.583585e+03
23,30,50,1.583585e+03
23,30,1,1.805051e+03
23,30,2,1.805051e+03
23,30,3,1.805051e+03
23,30,5,1.805051e+03
23,30,10,1.805051e+03
23,30,20,1.805051e+03
23,30,30,1.805051e+03
23,30,40,1.805051e+03
23,30,50,1.805051e+03
23,30,1,1.211007e+03
23,30,2,1.211007e+03
23,30,3,1.211007e+03
23,30,5,1.211007e+03
23,30,10,1.211007e+03
23,30,20,1.211007e+03
23,30,30,1.211007e+03
23,30,40,1.211007e+03
23,30,50,1.211007e+03
23,30,1,1.469657e+03
23,30,2,1.469657e+03
23,30,3,1.469657e+03
23,30,5,1.469657e+03
23,30,10,1.469657e+03
23,30,20,1.469657e+03
23,30,30,1.469657e+03
23,30,40,1.469657e+03
23,30,50,1.469657e+03
23,30,1,1.643107e+03
23,30,2,1.643107e+03
23,30,3,1.643107e+03
23,30,5,1.643107e+03
23,30,10,1.643107e+03
23,30,20,1.643107e+03
23,30,30,1.643107e+03
23,30,40,1.643107e+03
23,30,50,1.643107e+03
23,30,1,1.270242e+03
23,30,2,1.270242e+03
23,30,3,1.270242e+03
23,30,5,1.270242e+03
23,30,10,1.270242e+03
23,30,20,1.270242e+03
23,30,30,1.270242e+03
23,30,40,1.270242e+03
23,30,50,1.270242e+03
23,30,1,1.548229e+03
23,30,2,1.548229e+03
23,30,3,1.548229e+03
23,30,5,1.548229e+03
23,30,10,1.548229e+03
23,30,20,1.548229e+03
23,30,30,1.548229e+03
23,30,40,1.548229e+03
23,30,50,1.548229e+03
23,30,1,1.377572e+03
23,30,2,1.377572e+03
23,30,3,1.377572e+03
23,30,5,1.377572e+03
23,30,10,1.377572e+03
23,30,20,1.377572e+03
23,30,30,1.377572e+03
23,30,40,1.377572e+03
23,30,50,1.377572e+03
23,30,1,1.485912e+03
23,30,2,1.485912e+03
23,30,3,1.485912e+03
23,30,5,1.485912e+03
23,30,10,1.485912e+03
23,30,20,1.485912e+03
23,30,30,1.485912e+03
23,30,40,1.485912e+03
23,30,50,1.485912e+03
23,30,1,1.658701e+03
23,30,2,1.658701e+03
23,30,3,1.658701e+03
23,30,5,1.658701e+03
23,30,10,1.658701e+03
23,30,20,1.658701e+03
23,30,30,1.658701e+03
23,30,40,1.658701e+03
23,30,50,1.658701e+03
23,30,1,1.867389e+03
23,30,2,1.867389e+03
23,30,3,1.867389e+03
23,30,5,1.867389e+03
23,30,10,1.867389e+03
23,30,20,1.867389e+03
23,30,30,1.867389e+03
23,30,40,1.867389e+03
23,30,50,1.867389e+03
23,30,1,1.525477e+03
23,30,2,1.525477e+03
23,30,3,1.525477e+03
23,30,5,1.525477e+03
23,30,10,1.525477e+03
23,30,20,1.525477e+03
23,30,30,1.525477e+03
23,30,40,1.525477e+03
23,30,50,1.525477e+03
23,30,1,1.313551e+03
23,30,2,1.313551e+03
23,30,3,1.313551e+03
23,30,5,1.313551e+03
23,30,10,1.313551e+03
23,30,20,1.313551e+03
23,30,30,1.313551e+03
23,30,40,1.313551e+03
23,30,50,1.313551e+03
23,30,1,1.248867e+03
23,30,2,1.248867e+03
23,30,3,1.248867e+03
23,30,5,1.248867e+03
23,30,10,1.248867e+03
23,30,20,1.248867e+03
23,30,30,1.248867e+03
23,30,40,1.248867e+03
23,30,50,1.248867e+03
23,30,1,1.315431e+03
23,30,2,1.315431e+03
23,30,3,1.315431e+03
23,30,5,1.315431e+03
23,30,10,1.315431e+03
23,30,20,1.315431e+03
23,30,30,1.315431e+03
23,30,40,1.315431e+03
23,30,50,1.315431e+03
23,30,1,1.548552e+03
23,30,2,1.548552e+03
23,30,3,1.548552e+03
23,30,5,1.548552e+03
23,30,10,1.548552e+03
23,30,20,1.548552e+03
23,30,30,1.548552e+03
23,30,40,1.548552e+03
23,30,50,1.548552e+03
23,30,1,1.311605e+03
23,30,2,1.279662e+03
23,30,3,1.279662e+03
23,30,5,1.279662e+03
23,30,10,1.279662e+03
23,30,20,1.279662e+03
23,30,30,1.279662e+03
23,30,40,1.279662e+03
23,30,50,1.279662e+03
23,30,1,1.358947e+03
23,30,2,1.262751e+03
23,30,3,1.262751e+03
23,30,5,1.262751e+03
23,30,10,1.262751e+03
23,30,20,1.262751e+03
23,30,30,1.262751e+03
23,30,40,1.262751e+03
23,30,50,1.262751e+03
23,30,1,1.864671e+03
23,30,2,1.864671e+03
23,30,3,1.864671e+03
23,30,5,1.864671e+03
23,30,10,1.864671e+03
23,30,20,1.864671e+03
23,30,30,1.864671e+03
23,30,40,1.776598e+03
23,30,50,1.682965e+03
23,30,1,1.437569e+03
23,30,2,1.437569e+03
23,30,3,1.437569e+03
23,30,5,1.437569e+03
23,30,10,1.437569e+03
23,30,20,1.437569e+03
23,30,30,1.437569e+03
23,30,40,1.437569e+03
23,30,50,1.437569e+03
23,30,1,1.434086e+03
23,30,2,1.434086e+03
23,30,3,1.434086e+03
23,30,5,1.434086e+03
23,30,10,1.434086e+03
23,30,20,1.434086e+03
23,30,30,1.434086e+03
23,30,40,1.434086e+03
23,30,50,1.434086e+03
23,30,1,1.342800e+03
23,30,2,1.309944e+03
23,30,3,1.309944e+03
23,30,5,1.309944e+03
23,30,10,1.309944e+03
23,30,20,1.309944e+03
23,30,30,1.309944e+03
23,30,40,1.309944e+03
23,30,50,1.309944e+03
23,30,1,1.359833e+03
23,30,2,1.314903e+03
23,30,3,1.314903e+03
23,30,5,1.314903e+03
23,30,10,1.314903e+03
23,30,20,1.314903e+03
23,30,30,1.314903e+03
23,30,40,1.314903e+03
23,30,50,1.314903e+03
23,30,1,1.620741e+03
23,30,2,1.620741e+03
23,30,3,1.620741e+03
23,30,5,1.620741e+03
23,30,10,1.620741e+03
23,30,20,1.620741e+03
23,30,30,1.620741e+03
23,30,40,1.620741e+03
23,30,50,1.620741e+03
23,30,1,1.346698e+03
23,30,2,1.346698e+03
23,30,3,1.346698e+03
23,30,5,1.346698e+03
23,30,10,1.346698e+03
23,30,20,1.346698e+03
23,30,30,1.346698e+03
23,30,40,1.346698e+03
23,30,50,1.346698e+03
23,30,1,1.484540e+03
23,30,2,1.484540e+03
23,30,3,1.484540e+03
23,30,5,1.369560e+03
23,30,10,1.369560e+03
23,30,20,1.369560e+03
23,30,30,1.369560e+03
23,30,40,1.369560e+03
23,30,50,1.369560e+03
23,30,1,1.791808e+03
23,30,2,1.791808e+03
23,30,3,1.791808e+03
23,30,5,1.791808e+03
23,30,10,1.791808e+03
23,30,20,1.791808e+03
23,30,30,1.791808e+03
23,30,40,1.583083e+03
23,30,50,1.472655e+03
23,30,1,1.634350e+03
23,30,2,1.634350e+03
23,30,3,1.634350e+03
23,30,5,1.634350e+03
23,30,10,1.634350e+03
23,30,20,1.634350e+03
23,30,30,1.634350e+03
23,30,40,1.634350e+03
23,30,50,1.634350e+03
23,30,1,1.263862e+03
23,30,2,1.262026e+03
23,30,3,1.262026e+03
23,30,5,1.262026e+03
23,30,10,1.262026e+03
23,30,20,1.262026e+03
23,30,30,1.262026e+03
23,30,40,1.262026e+03
23,30,50,1.262026e+03
23,30,1,1.542775e+03
23,30,2,1.542775e+03
23,30,3,1.542775e+03
23,30,5,1.542775e+03
23,30,10,1.542775e+03
23,30,20,1.542775e+03
23,30,30,1.542775e+03
23,30,40,1.542775e+03
23,30,50,1.542775e+03
23,30,1,1.281982e+03
23,30,2,1.281982e+03
23,30,3,1.281982e+03
23,30,5,1.281982e+03
23,30,10,1.281982e+03
23,30,20,1.281982e+03
23,30,30,1.281982e+03
23,30,40,1.281982e+03
23,30,50,1.281982e+03
23,30,1,1.163946e+03
23,30,2,1.163946e+03
23,30,3,1.163946e+03
23,30,5,1.163946e+03
23,30,10,1.163946e+03
23,30,20,1.163946e+03
23,30,30,1.163946e+03
23,30,40,1.163946e+03
23,30,50,1.163946e+03
23,30,1,1.930093e+03
23,30,2,1.930093e+03
23,30,3,1.930093e+03
23,30,5,1.930093e+03
23,30,10,1.930093e+03
23,30,20,1.930093e+03
23,30,30,1.930093e+03
23,30,40,1.930093e+03
23,30,50,1.930093e+03
23,30,1,1.524484e+03
23,30,2,1.524484e+03
23,30,3,1.524484e+03
23,30,5,1.524484e+03
23,30,10,1.524484e+03
23,30,20,1.524484e+03
23,30,30,1.524484e+03
23,30,40,1.524484e+03
23,30,50,1.524484e+03
23,30,1,1.323637e+03
23,30,2,1.323637e+03
23,30,3,1.323637e+03
23,30,5,1.323637e+03
23,30,10,1.323637e+03
23,30,20,1.323637e+03
23,30,30,1.323637e+03
23,30,40,1.323637e+03
23,30,50,1.323637e+03
23,30,1,1.184839e+03
23,30,2,1.184839e+03
23,30,3,1.184839e+03
23,30,5,1.184839e+03
23,30,10,1.184839e+03
23,30,20,1.184839e+03
23,30,30,1.184839e+03
23,30,40,1.184839e+03
23,30,50,1.184839e+03
23,30,1,1.288883e+03
23,30,2,1.288883e+03
23,30,3,1.288883e+03
23,30,5,1.288883e+03
23,30,10,1.288883e+03
23,30,20,1.288883e+03
23,30,30,1.288883e+03
23,30,40,1.288883e+03
23,30,50,1.288883e+03
23,30,1,1.232107e+03
23,30,2,1.232107e+03
23,30,3,1.232107e+03
23,30,5,1.232107e+03
23,30,10,1.232107e+03
23,30,20,1.232107e+03
23,30,30,1.232107e+03
23,30,40,1.232107e+03
23,30,50,1.232107e+03
23,30,1,1.653429e+03
23,30,2,1.653429e+03
23,30,3,1.653429e+03
23,30,5,1.653429e+03
23,30,10,1.653429e+03
23,30,20,1.653429e+03
23,30,30,1.653429e+03
23,30,40,1.653429e+03
23,30,50,1.653429e+03
23,30,1,1.273670e+03
23,30,2,1.132959e+03
23,30,3,1.132959e+03
23,30,5,1.132959e+03
23,30,10,1.132959e+03
23,30,20,1.132959e+03
23,30,30,1.132959e+03
23,30,40,1.132959e+03
23,30,50,1.132959e+03
23,30,1,1.904388e+03
23,30,2,1.904388e+03
23,30,3,1.904388e+03
23,30,5,1.904388e+03
23,30,10,1.904388e+03
23,30,20,1.904388e+03
23,30,30,1.904388e+03
23,30,40,1.904388e+03
23,30,50,1.904388e+03
23,30,1,1.726934e+03
23,30,2,1.726934e+03
23,30,3,1.726934e+03
23,30,5,1.726934e+03
23,30,10,1.726934e+03
23,30,20,1.726934e+03
23,30,30,1.726934e+03
23,30,40,1.726934e+03
23,30,50,1.726934e+03
23,30,1,1.870909e+03
23,30,2,1.870909e+03
23,30,3,1.870909e+03
23,30,5,1.870909e+03
23,30,10,1.870909e+03
23,30,20,1.870909e+03
23,30,30,1.437894e+03
23,30,40,1.345976e+03
23,30,50,1.345976e+03
23,30,1,1.843395e+03
23,30,2,1.843395e+03
23,30,3,1.843395e+03
23,30,5,1.843395e+03
23,30,10,1.843395e+03
23,30,20,1.843395e+03
23,30,30,1.843395e+03
23,30,40,1.843395e+03
23,30,50,1.843395e+03
23,30,1,1.374050e+03
23,30,2,1.374050e+03
23,30,3,1.374050e+03
23,30,5,1.374050e+03
23,30,10,1.374050e+03
23,30,20,1.374050e+03
23,30,30,1.374050e+03
23,30,40,1.374050e+03
23,30,50,1.374050e+03
23,30,1,1.819474e+03
23,30,2,1.819474e+03
23,30,3,1.819474e+03
23,30,5,1.819474e+03
23,30,10,1.819474e+03
23,30,20,1.819474e+03
23,30,30,1.819474e+03
23,30,40,1.819474e+03
23,30,50,1.819474e+03
23,30,1,1.500628e+03
23,30,2,1.500628e+03
23,30,3,1.500628e+03
23,30,5,1.500628e+03
23,30,10,1.500628e+03
23,30,20,1.500628e+03
23,30,30,1.500628e+03
23,30,40,1.500628e+03
23,30,50,1.500628e+03
23,30,1,1.453605e+03
23,30,2,1.453605e+03
23,30,3,1.453605e+03
23,30,5,1.453605e+03
23,30,10,1.453605e+03
23,30,20,1.453605e+03
23,30,30,1.453605e+03
23,30,40,1.453605e+03
23,30,50,1.453605e+03
23,30,1,1.496968e+03
23,30,2,1.496968e+03
23,30,3,1.496968e+03
23,30,5,1.496968e+03
23,30,10,1.496968e+03
23,30,20,1.496968e+03
23,30,30,1.496968e+03
23,30,40,1.496968e+03
23,30,50,1.496968e+03
23,30,1,1.607412e+03
23,30,2,1.607412e+03
23,30,3,1.607412e+03
23,30,5,1.607412e+03
23,30,10,1.607412e+03
23,30,20,1.607412e+03
23,30,30,1.607412e+03
23,30,40,1.607412e+03
23,30,50,1.607412e+03
23,30,1,2.005730e+03
23,30,2,2.005730e+03
23,30,3,2.005730e+03
23,30,5,2.005730e+03
23,30,10,2.005730e+03
23,30,20,2.005730e+03
23,30,30,2.005730e+03
23,30,40,2.005730e+03
23,30,50,2.005730e+03
23,30,1,1.381035e+03
23,30,2,1.381035e+03
23,30,3,1.381035e+03
23,30,5,1.381035e+03
23,30,10,1.381035e+03
23,30,20,1.381035e+03
23,30,30,1.381035e+03
23,30,40,1.381035e+03
23,30,50,1.381035e+03
23,30,1,1.369851e+03
23,30,2,1.369851e+03
23,30,3,1.369851e+03
23,30,5,1.369851e+03
23,30,10,1.369851e+03
23,30,20,1.369851e+03
23,30,30,1.369851e+03
23,30,40,1.369851e+03
23,30,50,1.369851e+03
23,30,1,1.257023e+03
23,30,2,1.218059e+03
23,30,3,1.218059e+03
23,30,5,1.169118e+03
23,30,10,1.169118e+03
23,30,20,1.169118e+03
23,30,30,1.169118e+03
23,30,40,1.169118e+03
23,30,50,1.169118e+03
23,30,1,1.487339e+03
23,30,2,1.487339e+03
23,30,3,1.487339e+03
23,30,5,1.487339e+03
23,30,10,1.487339e+03
23,30,20,1.487339e+03
23,30,30,1.487339e+03
23,30,40,1.487339e+03
23,30,50,1.487339e+03
23,30,1,1.479343e+03
23,30,2,1.479343e+03
23,30,3,1.479343e+03
23,30,5,1.479343e+03
23,30,10,1.479343e+03
23,30,20,1.479343e+03
23,30,30,1.479343e+03
23,30,40,1.479343e+03
23,30,50,1.479343e+03
23,30,1,1.342747e+03
23,30,2,1.342747e+03
23,30,3,1.342747e+03
23,30,5,1.342747e+03
23,30,10,1.342747e+03
23,30,20,1.342747e+03
23,30,30,1.342747e+03
23,30,40,1.342747e+03
23,30,50,1.342747e+03
23,30,1,1.971605e+03
23,30,2,1.971605e+03
23,30,3,1.971605e+03
23,30,5,1.971605e+03
23,30,10,1.971605e+03
23,30,20,1.971605e+03
23,30,30,1.971605e+03
23,30,40,1.780742e+03
23,30,50,1.677576e+03
23,30,1,1.439144e+03
23,30,2,1.439144e+03
23,30,3,1.439144e+03
23,30,5,1.439144e+03
23,30,10,1.439144e+03
23,30,20,1.439144e+03
23,30,30,1.439144e+03
23,30,40,1.439144e+03
23,30,50,1.439144e+03
23,30,1,1.550614e+03
23,30,2,1.465495e+03
23,30,3,1.465495e+03
23,30,5,1.465495e+03
23,30,10,1.465495e+03
23,30,20,1.465495e+03
23,30,30,1.465495e+03
23,30,40,1.465495e+03
23,30,50,1.465495e+03
23,30,1,1.196394e+03
23,30,2,1.196394e+03
23,30,3,1.196394e+03
23,30,5,1.196394e+03
23,30,10,1.196394e+03
23,30,20,1.196394e+03
23,30,30,1.196394e+03
23,30,40,1.196394e+03
23,30,50,1.196394e+03
23,30,1,1.513592e+03
23,30,2,1.513592e+03
23,30,3,1.513592e+03
23,30,5,1.513592e+03
23,30,10,1.513592e+03
23,30,20,1.513592e+03
23,30,30,1.513592e+03
23,30,40,1.513592e+03
23,30,50,1.513592e+03
23,30,1,1.580972e+03
23,30,2,1.580972e+03
23,30,3,1.580972e+03
23,30,5,1.580972e+03
23,30,10,1.580972e+03
23,30,20,1.580972e+03
23,30,30,1.580972e+03
23,30,40,1.580972e+03
23,30,50,1.580972e+03
23,30,1,1.793730e+03
23,30,2,1.793730e+03
23,30,3,1.793730e+03
23,30,5,1.793730e+03
23,30,10,1.793730e+03
23,30,20,1.793730e+03
23,30,30,1.793730e+03
23,30,40,1.793730e+03
23,30,50,1.793730e+03
23,30,1,1.782791e+03
23,30,2,1.782791e+03
23,30,3,1.782791e+03
23,30,5,1.782791e+03
23,30,10,1.782791e+03
23,30,20,1.782791e+03
23,30,30,1.782791e+03
23,30,40,1.782791e+03
23,30,50,1.782791e+03
23,30,1,1.107706e+03
23,30,2,1.107706e+03
23,30,3,1.107706e+03
23,30,5,1.107706e+03
23,30,10,1.107706e+03
23,30,20,1.107706e+03
23,30,30,1.107706e+03
23,30,40,1.107706e+03
23,30,50,1.107706e+03
23,30,1,1.615553e+03
23,30,2,1.615553e+03
23,30,3,1.615553e+03
23,30,5,1.615553e+03
23,30,10,1.615553e+03
23,30,20,1.615553e+03
23,30,30,1.615553e+03
23,30,40,1.615553e+03
23,30,50,1.615553e+03
23,30,1,1.542161e+03
23,30,2,1.542161e+03
23,30,3,1.542161e+03
23,30,5,1.542161e+03
23,30,10,1.542161e+03
23,30,20,1.542161e+03
23,30,30,1.542161e+03
23,30,40,1.542161e+03
23,30,50,1.542161e+03
23,30,1,1.484830e+03
23,30,2,1.484830e+03
23,30,3,1.484830e+03
23,30,5,1.484830e+03
23,30,10,1.484830e+03
23,30,20,1.484830e+03
23,30,30,1.484830e+03
23,30,40,1.484830e+03
23,30,50,1.484830e+03
23,30,1,1.400585e+03
23,30,2,1.400585e+03
23,30,3,1.400585e+03
23,30,5,1.400585e+03
23,30,10,1.400585e+03
23,30,20,1.400585e+03
23,30,30,1.400585e+03
23,30,40,1.400585e+03
23,30,50,1.400585e+03
23,30,1,1.852346e+03
23,30,2,1.852346e+03
23,30,3,1.852346e+03
23,30,5,1.852346e+03
23,30,10,1.852346e+03
23,30,20,1.852346e+03
23,30,30,1.852346e+03
23,30,40,1.852346e+03
23,30,50,1.852346e+03
23,30,1,1.572005e+03
23,30,2,1.572005e+03
23,30,3,1.572005e+03
23,30,5,1.572005e+03
23,30,10,1.572005e+03
23,30,20,1.572005e+03
23,30,30,1.572005e+03
23,30,40,1.572005e+03
23,30,50,1.572005e+03
23,30,1,1.815846e+03
23,30,2,1.815846e+03
23,30,3,1.815846e+03
23,30,5,1.815846e+03
23,30,10,1.815846e+03
23,30,20,1.815846e+03
23,30,30,1.815846e+03
23,30,40,1.815846e+03
23,30,50,1.815846e+03
23,30,1,2.015369e+03
23,30,2,1.689178e+03
23,30,3,1.689178e+03
23,30,5,1.689178e+03
23,30,10,1.689178e+03
23,30,20,1.689178e+03
23,30,30,1.689178e+03
23,30,40,1.689178e+03
23,30,50,1.689178e+03
23,30,1,1.594325e+03
23,30,2,1.594325e+03
23,30,3,1.594325e+03
23,30,5,1.594325e+03
23,30,10,1.594325e+03
23,30,20,1.594325e+03
23,30,30,1.594325e+03
23,30,40,1.594325e+03
23,30,50,1.594325e+03
23,30,1,1.655165e+03
23,30,2,1.655165e+03
23,30,3,1.655165e+03
23,30,5,1.655165e+03
23,30,10,1.655165e+03
23,30,20,1.655165e+03
23,30,30,1.655165e+03
23,30,40,1.655165e+03
23,30,50,1.655165e+03
23,30,1,1.140018e+03
23,30,2,1.140018e+03
23,30,3,1.140018e+03
23,30,5,1.140018e+03
23,30,10,1.140018e+03
23,30,20,1.140018e+03
23,30,30,1.140018e+03
23,30,40,1.140018e+03
23,30,50,1.140018e+03
23,30,1,1.653845e+03
23,30,2,1.653845e+03
23,30,3,1.653845e+03
23,30,5,1.653845e+03
23,30,10,1.653845e+03
23,30,20,1.653845e+03
23,30,30,1.653845e+03
23,30,40,1.653845e+03
23,30,50,1.653845e+03
23,30,1,1.803977e+03
23,30,2,1.803977e+03
23,30,3,1.803977e+03
23,30,5,1.803977e+03
23,30,10,1.803977e+03
23,30,20,1.803977e+03
23,30,30,1.803977e+03
23,30,40,1.803977e+03
23,30,50,1.803977e+03
23,30,1,1.565612e+03
23,30,2,1.565612e+03
23,30,3,1.565612e+03
23,30,5,1.565612e+03
23,30,10,1.565612e+03
23,30,20,1.565612e+03
23,30,30,1.565612e+03
23,30,40,1.565612e+03
23,30,50,1.565612e+03
23,30,1,1.161781e+03
23,30,2,1.161781e+03
23,30,3,1.161781e+03
23,30,5,1.161781e+03
23,30,10,1.161781e+03
23,30,20,1.161781e+03
23,30,30,1.161781e+03
23,30,40,1.161781e+03
23,30,50,1.161781e+03
23,30,1,1.695319e+03
23,30,2,1.695319e+03
23,30,3,1.695319e+03
23,30,5,1.695319e+03
23,30,10,1.695319e+03
23,30,20,1.695319e+03
23,30,30,1.695319e+03
23,30,40,1.695319e+03
23,30,50,1.695319e+03
23,30,1,1.602345e+03
23,30,2,1.602345e+03
23,30,3,1.602345e+03
23,30,5,1.602345e+03
23,30,10,1.602345e+03
23,30,20,1.602345e+03
23,30,30,1.602345e+03
23,30,40,1.602345e+03
23,30,50,1.602345e+03
23,30,1,1.444586e+03
23,30,2,1.444586e+03
23,30,3,1.444586e+03
23,30,5,1.444586e+03
23,30,10,1.444586e+03
23,30,20,1.444586e+03
23,30,30,1.444586e+03
23,30,40,1.444586e+03
23,30,50,1.444586e+03
23,30,1,1.792842e+03
23,30,2,1.792842e+03
23,30,3,1.792842e+03
23,30,5,1.792842e+03
23,30,10,1.792842e+03
23,30,20,1.792842e+03
23,30,30,1.792842e+03
23,30,40,1.792842e+03
23,30,50,1.792842e+03
23,30,1,1.887812e+03
23,30,2,1.887812e+03
23,30,3,1.887812e+03
23,30,5,1.887812e+03
23,30,10,1.887812e+03
23,30,20,1.887812e+03
23,30,30,1.887812e+03
23,30,40,1.887812e+03
23,30,50,1.887812e+03
23,30,1,1.530354e+03
23,30,2,1.530354e+03
23,30,3,1.530354e+03
23,30,5,1.530354e+03
23,30,10,1.530354e+03
23,30,20,1.530354e+03
23,30,30,1.530354e+03
23,30,40,1.530354e+03
23,30,50,1.530354e+03
23,30,1,1.506719e+03
23,30,2,1.506719e+03
23,30,3,1.506719e+03
23,30,5,1.506719e+03
23,30,10,1.506719e+03
23,30,20,1.506719e+03
23,30,30,1.506719e+03
23,30,40,1.506719e+03
23,30,50,1.506719e+03
